timestamp,rainfall,tide,flooded
06/01/2010 00:00,0.066666667,-0.37,49808.19372
06/01/2010 01:00,0.1,-1.34,50388.62414
06/01/2010 02:00,0,-1.825,50938.57857
06/01/2010 03:00,0.033333333,-1.902,51456.764
06/01/2010 04:00,0,-1.498,51945.0758
06/01/2010 05:00,0,-0.823,52405.46288
06/01/2010 06:00,0,-0.175,52840.08047
06/01/2010 07:00,0,0.433,53251.67338
06/01/2010 08:00,0,1.153,53701.17872
06/01/2010 09:00,0,1.449,55593.49608
06/01/2010 10:00,0,1.115,59941.44957
06/01/2010 11:00,0,0.573,62729.1342
06/01/2010 12:00,0,-0.2,62120.10445
06/01/2010 13:00,0,-0.87,60907.47276
06/01/2010 14:00,0,-1.373,59896.39635
06/01/2010 15:00,0,-1.574,59198.00841
06/01/2010 16:00,0,-1.247,58798.05655
06/01/2010 17:00,0,-0.747,58784.43672
06/01/2010 18:00,0,-0.047,59217.93801
06/01/2010 19:00,0,0.537,60065.60542
06/01/2010 20:00,0,1.174,61448.67985
06/01/2010 21:00,0,1.473,65018.86767
06/01/2010 22:00,0,1.363,71681.18476
06/01/2010 23:00,0,0.795,77641.06688
06/02/2010 00:00,0,0.011,77675.37181
06/02/2010 01:00,0,-0.667,76092.41013
06/02/2010 02:00,0,-1.474,74565.36483
06/02/2010 03:00,0,-1.787,73512.2696
06/02/2010 04:00,0,-1.683,72897.07107
06/02/2010 05:00,0,-1.215,72598.43972
06/02/2010 06:00,0,-0.658,72506.44835
06/02/2010 07:00,0,-0.062,72556.22577
06/02/2010 08:00,0,0.525,72780.98964
06/02/2010 09:00,0,0.998,73466.80531
06/02/2010 10:00,0,1.179,75920.78864
06/02/2010 11:00,0,0.785,79671.5842
06/02/2010 12:00,0,0.153,80370.34626
06/02/2010 13:00,0,-0.377,79590.82302
06/02/2010 14:00,0,-0.948,78684.67781
06/02/2010 15:00,0,-1.327,78008.09549
06/02/2010 16:00,0,-1.325,77582.34672
06/02/2010 17:00,0,-1.045,77359.18107
06/02/2010 18:00,0,-0.432,77290.41254
06/02/2010 19:00,0,0.184,77360.03969
06/02/2010 20:00,0,0.666,77694.59568
06/02/2010 21:00,0,1.103,78689.62632
06/02/2010 22:00,0,1.344,82514.83878
06/02/2010 23:00,0,1.064,88171.86082
06/03/2010 00:00,0,0.563,90450.75416
06/03/2010 01:00,0,-0.106,89214.47387
06/03/2010 02:00,0,-0.813,87300.26785
06/03/2010 03:00,0,-1.395,85589.82158
06/03/2010 04:00,0,-1.601,84355.29092
06/03/2010 05:00,0,-1.359,83543.26656
06/03/2010 06:00,0,-1.007,83051.93723
06/03/2010 07:00,0,-0.473,82798.27739
06/03/2010 08:00,0,-0.038,82738.89866
06/03/2010 09:00,0,0.613,82920.98508
06/03/2010 10:00,0,0.963,83745.89143
06/03/2010 11:00,0,0.918,86216.14713
06/03/2010 12:00,0,0.619,88132.79286
06/03/2010 13:00,0,0.11,88423.26353
06/03/2010 14:00,0,-0.361,88057.38607
06/03/2010 15:00,0,-0.782,87595.91226
06/03/2010 16:00,0,-1.084,87275.60225
06/03/2010 17:00,0,-1.081,87118.17764
06/03/2010 18:00,0,-0.719,87088.95407
06/03/2010 19:00,0,-0.186,87155.16249
06/03/2010 20:00,0,0.194,87340.03016
06/03/2010 21:00,0,0.687,87769.31002
06/03/2010 22:00,0,1.088,89017.64949
06/03/2010 23:00,0,1.17,93128.51028
06/04/2010 00:00,0,0.906,97501.73383
06/04/2010 01:00,0,0.493,98854.50668
06/04/2010 02:00,0,-0.229,97989.74907
06/04/2010 03:00,0,-0.759,96579.75215
06/04/2010 04:00,0,-1.16,95340.34724
06/04/2010 05:00,0,-1.367,94471.27289
06/04/2010 06:00,0,-1.072,93928.55274
06/04/2010 07:00,0,-0.751,93636.5261
06/04/2010 08:00,0,-0.339,93536.32494
06/04/2010 09:00,0,0.275,93615.48942
06/04/2010 10:00,0,0.618,94058.13321
06/04/2010 11:00,0,0.769,94888.26083
06/04/2010 12:00,0,0.885,96268.49706
06/04/2010 13:00,0,0.447,97782.02262
06/04/2010 14:00,0,0.024,98140.9545
06/04/2010 15:00,0,-0.31,98044.05556
06/04/2010 16:00,0,-0.853,97884.73359
06/04/2010 17:00,0,-1.031,97817.30694
06/04/2010 18:00,0,-0.839,97861.96356
06/04/2010 19:00,0,-0.686,98002.74525
06/04/2010 20:00,0,-0.261,98221.87616
06/04/2010 21:00,0,0.174,98532.71927
06/04/2010 22:00,0,0.587,99054.741
06/04/2010 23:00,0,0.928,100052.9904
06/05/2010 00:00,0,0.955,102751.1302
06/05/2010 01:00,0,0.605,105030.15
06/05/2010 02:00,0,0.211,105539.2984
06/05/2010 03:00,0,-0.293,105277.1766
06/05/2010 04:00,0,-0.867,104804.6616
06/05/2010 05:00,0,-1.231,104427.3905
06/05/2010 06:00,0,-1.258,104218.1242
06/05/2010 07:00,0,-1.115,104157.5284
06/05/2010 08:00,0,-0.756,104213.3363
06/05/2010 09:00,0,-0.364,104360.5338
06/05/2010 10:00,0,0.085,104598.8724
06/05/2010 11:00,0,0.517,105024.2749
06/05/2010 12:00,0,0.703,105737.9491
06/05/2010 13:00,0,0.702,106658.2692
06/05/2010 14:00,0,0.395,107539.7451
06/05/2010 15:00,0,0.023,108051.0068
06/05/2010 16:00,0,-0.351,108242.6949
06/05/2010 17:00,0,-0.768,108335.6416
06/05/2010 18:00,0,-0.968,108453.268
06/05/2010 19:00,0,-0.872,108622.7706
06/05/2010 20:00,0,-0.684,108843.1362
06/05/2010 21:00,0,-0.308,109107.0206
06/05/2010 22:00,0,0.122,109426.5363
06/05/2010 23:00,1.2,0.469,109897.7184
06/06/2010 00:00,0,0.767,110588.1023
06/06/2010 01:00,0,0.786,111899.4077
06/06/2010 02:00,0,0.628,113225.3602
06/06/2010 03:00,0,0.16,114019.3804
06/06/2010 04:00,0,-0.386,114227.7611
06/06/2010 05:00,0,-0.839,114190.7355
06/06/2010 06:00,0,-1.125,114167.1588
06/06/2010 07:00,0,-1.265,114219.1422
06/06/2010 08:00,0,-1.11,114344.2193
06/06/2010 09:00,0,-0.793,114525.6602
06/06/2010 10:00,0,-0.428,114752.0478
06/06/2010 11:00,0,0.085,115031.2431
06/06/2010 12:00,0,0.502,115473.3851
06/06/2010 13:00,0,0.707,116144.6035
06/06/2010 14:00,0,0.701,117059.7708
06/06/2010 15:00,0,0.408,117941.6187
06/06/2010 16:00,0,0.068,118470.9754
06/06/2010 17:00,0,-0.305,118654.6806
06/06/2010 18:00,0,-0.716,118694.9121
06/06/2010 19:00,0,-0.958,118739.7791
06/06/2010 20:00,0,-0.999,118829.5051
06/06/2010 21:00,0,-0.702,118961.8117
06/06/2010 22:00,0,-0.38,119132.307
06/06/2010 23:00,0,0.05,119352.4043
06/07/2010 00:00,0,0.496,119720.1171
06/07/2010 01:00,0,0.777,120362.4987
06/07/2010 02:00,0,0.883,121820.2051
06/07/2010 03:00,0,0.641,123610.7692
06/07/2010 04:00,0.086407767,0.183,124384.3178
06/07/2010 05:00,0.604854369,-0.241,124360.2068
06/07/2010 06:00,0.518446602,-0.74,124055.4632
06/07/2010 07:00,0.691262136,-1.156,123767.4659
06/07/2010 08:00,1.123300971,-1.23,123604.5829
06/07/2010 09:00,0.777669903,-1.041,123583.4193
06/07/2010 10:00,1.296116505,-0.642,123703.5988
06/07/2010 11:00,1.036893204,-0.252,123961.3349
06/07/2010 12:00,0.172815534,0.235,124391.9551
06/07/2010 13:00,0,0.67,125172.8659
06/07/2010 14:00,0.086407767,1.037,127024.8026
06/07/2010 15:00,0.432038835,0.948,131046.351
06/07/2010 16:00,0.172815534,0.651,134111.3463
06/07/2010 17:00,0,0.2,134951.6948
06/07/2010 18:00,0,-0.206,134673.5503
06/07/2010 19:00,0.172815534,-0.71,134062.2342
06/07/2010 20:00,0.432038835,-0.944,133471.7492
06/07/2010 21:00,1.123300971,-0.981,133056.8884
06/07/2010 22:00,0.172815534,-0.763,132826.0459
06/07/2010 23:00,0,-0.29,132766.5076
06/08/2010 00:00,0,0.157,132894.6675
06/08/2010 01:00,0.285294118,0.682,133394.9907
06/08/2010 02:00,0.285294118,0.992,135082.4164
06/08/2010 03:00,0,0.991,138707.8562
06/08/2010 04:00,0,0.834,142042.7827
06/08/2010 05:00,0,0.374,143560.8063
06/08/2010 06:00,0,-0.258,143088.1512
06/08/2010 07:00,0,-0.749,142033.8479
06/08/2010 08:00,0,-1.106,141014.8618
06/08/2010 09:00,0,-1.233,140277.1395
06/08/2010 10:00,0,-1.009,139850.1656
06/08/2010 11:00,0,-0.561,139683.884
06/08/2010 12:00,0,-0.182,139738.5617
06/08/2010 13:00,0,0.401,140025.0041
06/08/2010 14:00,0,0.954,140987.7483
06/08/2010 15:00,0,1.248,145040.1936
06/08/2010 16:00,0,1.045,151032.1099
06/08/2010 17:00,0,0.67,154769.9015
06/08/2010 18:00,0,0.233,154616.224
06/08/2010 19:00,0,-0.344,153285.2016
06/08/2010 20:00,6.276470588,-0.916,151574.9456
06/08/2010 21:00,0.570588235,-1.259,150065.9364
06/08/2010 22:00,1.711764706,-1.218,149125.6196
06/08/2010 23:00,0.570588235,-0.9,148757.0055
06/09/2010 00:00,0,-0.404,148960.0522
06/09/2010 01:00,0.04,0.191,149752.147
06/09/2010 02:00,0,0.676,151378.0939
06/09/2010 03:00,0,1.021,154867.4717
06/09/2010 04:00,0.08,1.095,161439.649
06/09/2010 05:00,0.04,0.764,168577.1884
06/09/2010 06:00,0.04,0.214,173448.833
06/09/2010 07:00,0,-0.402,176846.1434
06/09/2010 08:00,0,-1.067,180465.0331
06/09/2010 09:00,0,-1.44,184719.6938
06/09/2010 10:00,0,-1.386,189626.233
06/09/2010 11:00,0,-1.175,194792.7308
06/09/2010 12:00,0,-0.615,199965.4992
06/09/2010 13:00,0,-0.058,205006.5079
06/09/2010 14:00,0,0.561,209935.7358
06/09/2010 15:00,0,1.138,216153.5495
06/09/2010 16:00,0,1.289,226211.6743
06/09/2010 17:00,0,1.112,236876.021
06/09/2010 18:00,0,0.655,245613.242
06/09/2010 19:00,0,-0.02,249042.8065
06/09/2010 20:00,0,-0.705,249854.0986
06/09/2010 21:00,0,-1.343,249573.6061
06/09/2010 22:00,0,-1.639,248923.1983
06/09/2010 23:00,0,-1.454,248216.83
06/10/2010 00:00,0,-1.036,247593.1182
06/10/2010 01:00,0,-0.434,247091.2822
06/10/2010 02:00,0,0.317,246897.3533
06/10/2010 03:00,0,0.836,248142.3395
06/10/2010 04:00,0,1.272,252800.8121
06/10/2010 05:00,0,1.158,260455.7786
06/10/2010 06:00,0,0.739,266806.7685
06/10/2010 07:00,0,0.114,267988.2576
06/10/2010 08:00,0,-0.633,266481.8611
06/10/2010 09:00,0,-1.287,263875.2536
06/10/2010 10:00,0,-1.698,260965.9219
06/10/2010 11:00,0,-1.554,258135.6425
06/10/2010 12:00,0,-1.135,255526.2562
06/10/2010 13:00,0,-0.571,253215.6586
06/10/2010 14:00,0,0.131,251296.5766
06/10/2010 15:00,0,1.003,250805.9863
06/10/2010 16:00,0,1.394,255758.6494
06/10/2010 17:00,0,1.53,264731.4287
06/10/2010 18:00,0,1.21,273788.86
06/10/2010 19:00,0,0.568,277250.9321
06/10/2010 20:00,0,-0.171,275185.1062
06/10/2010 21:00,0,-1.016,271241.7375
06/10/2010 22:00,0,-1.666,266587.6568
06/10/2010 23:00,0,-1.86,261945.782
06/11/2010 00:00,0,-1.504,257658.8521
06/11/2010 01:00,0,-0.966,253843.5789
06/11/2010 02:00,0,-0.22,250506.5017
06/11/2010 03:00,0,0.581,247927.7164
06/11/2010 04:00,0,1.115,248334.1747
06/11/2010 05:00,0,1.484,253853.5954
06/11/2010 06:00,0,1.424,262446.4218
06/11/2010 07:00,0,0.73,268186.5683
06/11/2010 08:00,0,-0.082,266261.5481
06/11/2010 09:00,0,-0.78,262002.9267
06/11/2010 10:00,0,-1.548,256969.5188
06/11/2010 11:00,0,-1.793,252001.1707
06/11/2010 12:00,0,-1.549,247495.4634
06/11/2010 13:00,0,-1.105,243588.4447
06/11/2010 14:00,0,-0.246,240293.5141
06/11/2010 15:00,0,0.576,237837.1947
06/11/2010 16:00,0,1.215,238468.3143
06/11/2010 17:00,0,1.663,245130.4611
06/11/2010 18:00,0,1.766,256016.5703
06/11/2010 19:00,0,1.192,266304.685
06/11/2010 20:00,0,0.32,267092.655
06/11/2010 21:00,0,-0.448,262903.8464
06/11/2010 22:00,0,-1.37,257317.4164
06/11/2010 23:00,0,-2.036,251453.4221
06/12/2010 00:00,0,-1.989,245963.7533
06/12/2010 01:00,0,-1.557,241131.2924
06/12/2010 02:00,0,-0.808,236986.5769
06/12/2010 03:00,0,-0.037,233542.0908
06/12/2010 04:00,0,0.779,231197.415
06/12/2010 05:00,0,1.458,233566.8822
06/12/2010 06:00,0,1.693,241980.9746
06/12/2010 07:00,0,1.389,252031.9118
06/12/2010 08:00,0,0.57,255976.4851
06/12/2010 09:00,0,-0.287,252650.2615
06/12/2010 10:00,0,-1.1,247460.594
06/12/2010 11:00,0,-1.862,241857.3796
06/12/2010 12:00,0,-2.011,236618.4025
06/12/2010 13:00,0,-1.609,232039.7653
06/12/2010 14:00,0,-0.849,228170.4498
06/12/2010 15:00,0,0.052,225012.5317
06/12/2010 16:00,0,0.807,223006.3922
06/12/2010 17:00,0,1.558,225714.0747
06/12/2010 18:00,0,1.98,235057.3107
06/12/2010 19:00,0,1.772,247885.5825
06/12/2010 20:00,0,1.031,257172.7374
06/12/2010 21:00,0,0.151,255433.124
06/12/2010 22:00,0,-0.786,250221.2665
06/12/2010 23:00,0,-1.754,243917.0597
2010-13-06 00:00:00,0,-2.309,237546.6072
2010-13-06 01:00:00,0,-2.075,231568.8203
2010-13-06 02:00:00,0,-1.433,226155.4055
2010-13-06 03:00:00,0,-0.559,221362.7496
2010-13-06 04:00:00,0,0.287,217286.8665
2010-13-06 05:00:00,0,1.145,215259.5749
2010-13-06 06:00:00,0,1.75,219756.5109
2010-13-06 07:00:00,0,1.876,229641.0515
2010-13-06 08:00:00,0,1.378,240033.8664
2010-13-06 09:00:00,0,0.462,241479.8969
2010-13-06 10:00:00,1.6,-0.397,236355.7123
2010-13-06 11:00:00,0,-1.436,229669.9112
2010-13-06 12:00:00,0,-2.033,222798.201
2010-13-06 13:00:00,0,-1.981,216521.9602
2010-13-06 14:00:00,0,-1.463,211121.9069
2010-13-06 15:00:00,0,-0.583,206612.0031
2010-13-06 16:00:00,0,0.262,202993.1761
2010-13-06 17:00:00,0,1.106,201268.737
2010-13-06 18:00:00,0,1.865,205857.0407
2010-13-06 19:00:00,0,2.033,216563.964
2010-13-06 20:00:00,0,1.618,228847.6548
2010-13-06 21:00:00,0,0.765,233998.7835
2010-13-06 22:00:00,0,-0.233,229691.3339
2010-13-06 23:00:00,0,-1.226,223049.4843
2010-14-06 00:00:00,0,-2.212,215887.0529
2010-14-06 01:00:00,0,-2.542,209174.9703
2010-14-06 02:00:00,0,-2.18,203286.0916
2010-14-06 03:00:00,0,-1.565,198297.8052
2010-14-06 04:00:00,0,-0.515,194176.7756
2010-14-06 05:00:00,0,0.366,190913.581
2010-14-06 06:00:00,0,1.189,189809.4854
2010-14-06 07:00:00,0,1.756,194834.6489
2010-14-06 08:00:00,0,1.686,204633.6283
2010-14-06 09:00:00,0,1.048,213037.7711
2010-14-06 10:00:00,0.1,0.085,211617.7304
2010-14-06 11:00:00,0,-0.886,206448.7693
2010-14-06 12:00:00,0,-1.911,200459.0062
2010-14-06 13:00:00,0,-2.384,194796.4846
2010-14-06 14:00:00,0,-2.046,189899.5494
2010-14-06 15:00:00,0,-1.495,185844.353
2010-14-06 16:00:00,0,-0.642,182572.7299
2010-14-06 17:00:00,0,0.338,179991.2066
2010-14-06 18:00:00,0,1.246,179235.9755
2010-14-06 19:00:00,0,1.86,184593.3405
2010-14-06 20:00:00,0,1.927,195350.1775
2010-14-06 21:00:00,0,1.347,206315.4496
2010-14-06 22:00:00,0,0.458,208085.0442
2010-14-06 23:00:00,0,-0.501,203363.5254
2010-15-06 00:00:00,0,-1.657,197159.2858
2010-15-06 01:00:00,0,-2.571,190934.0047
2010-15-06 02:00:00,0,-2.618,185399.958
2010-15-06 03:00:00,0,-2.134,180742.753
2010-15-06 04:00:00,0,-1.39,176944.9351
2010-15-06 05:00:00,0,-0.423,173904.3004
2010-15-06 06:00:00,0,0.435,171558.6593
2010-15-06 07:00:00,0,1.354,171313.1178
2010-15-06 08:00:00,0,1.823,177349.9537
2010-15-06 09:00:00,0,1.549,187487.8965
2010-15-06 10:00:00,0,0.783,194035.0857
2010-15-06 11:00:00,0,-0.08,191265.3489
2010-15-06 12:00:00,0,-1.064,186243.7074
2010-15-06 13:00:00,0,-2.018,180820.9288
2010-15-06 14:00:00,0,-2.333,175903.6418
2010-15-06 15:00:00,0,-1.837,171776.4618
2010-15-06 16:00:00,0,-1.241,168456.076
2010-15-06 17:00:00,0,-0.288,165821.2035
2010-15-06 18:00:00,0,0.569,163870.8947
2010-15-06 19:00:00,0,1.356,164294.6953
2010-15-06 20:00:00,0,1.938,170880.7491
2010-15-06 21:00:00,0,1.909,182247.2649
2010-15-06 22:00:00,0,1.193,192795.5322
2010-15-06 23:00:00,0,0.253,192652.0884
2010-16-06 00:00:00,0,-0.715,187536.2536
2010-16-06 01:00:00,0,-1.836,181325.2078
2010-16-06 02:00:00,0,-2.513,175340.6017
2010-16-06 03:00:00,0,-2.475,170153.0888
2010-16-06 04:00:00,0,-1.993,165883.566
2010-16-06 05:00:00,0,-1.162,162487.8487
2010-16-06 06:00:00,0,-0.26,159819.1272
2010-16-06 07:00:00,0,0.651,157894.486
2010-16-06 08:00:00,0,1.473,158790.579
2010-16-06 09:00:00,0,1.769,165920.8381
2010-16-06 10:00:00,0,1.477,175901.553
2010-16-06 11:00:00,0,0.651,181098.411
2010-16-06 12:00:00,0,-0.21,177840.6661
2010-16-06 13:00:00,0,-1.16,172772.811
2010-16-06 14:00:00,0,-2.02,167526.053
2010-16-06 15:00:00,0,-2.067,162876.1254
2010-16-06 16:00:00,0,-1.666,159052.6984
2010-16-06 17:00:00,0,-1.057,156032.9014
2010-16-06 18:00:00,0,-0.095,153675.6264
2010-16-06 19:00:00,0,0.703,152085.7321
2010-16-06 20:00:00,0,1.443,153366.0804
2010-16-06 21:00:00,0,1.857,160666.8744
2010-16-06 22:00:00,0,1.71,171549.3248
2010-16-06 23:00:00,0,0.932,179888.1463
2010-17-06 00:00:00,0,0.096,177664.1296
2010-17-06 01:00:00,0,-0.79,172554.5191
2010-17-06 02:00:00,0,-1.943,166797.3661
2010-17-06 03:00:00,0,-2.463,161452.0323
2010-17-06 04:00:00,0,-2.272,156934.7211
2010-17-06 05:00:00,0,-1.795,153316.1694
2010-17-06 06:00:00,0,-1.02,150488.0364
2010-17-06 07:00:00,0,-0.186,148285.703
2010-17-06 08:00:00,0,0.659,146748.0317
2010-17-06 09:00:00,0,1.386,147698.1673
2010-17-06 10:00:00,0,1.65,154279.2689
2010-17-06 11:00:00,0,1.26,162900.9163
2010-17-06 12:00:00,0,0.37,165627.8413
2010-17-06 13:00:00,0,-0.392,162230.5227
2010-17-06 14:00:00,0,-1.165,157768.9112
2010-17-06 15:00:00,0,-1.924,153458.2659
2010-17-06 16:00:00,0,-1.964,149790.5636
2010-17-06 17:00:00,0,-1.469,146872.6994
2010-17-06 18:00:00,0,-0.938,144597.5581
2010-17-06 19:00:00,0,-0.017,142829.2199
2010-17-06 20:00:00,0,0.698,141711.6637
2010-17-06 21:00:00,0,1.366,143009.1539
2010-17-06 22:00:00,0,1.698,149721.194
2010-17-06 23:00:00,0,1.479,159253.6263
2010-18-06 00:00:00,0,0.8,165275.9165
2010-18-06 01:00:00,0,-0.062,162770.7823
2010-18-06 02:00:00,0,-0.921,158160.6398
2010-18-06 03:00:00,0,-1.849,153241.1139
2010-18-06 04:00:00,0,-2.26,148857.3072
2010-18-06 05:00:00,0,-2.056,145283.5606
2010-18-06 06:00:00,0,-1.564,142493.8086
2010-18-06 07:00:00,0,-0.913,140336.3035
2010-18-06 08:00:00,0,-0.137,138659.4335
2010-18-06 09:00:00,0,0.72,137543.8861
2010-18-06 10:00:00,0,1.329,138761.0388
2010-18-06 11:00:00,0,1.517,145009.5676
2010-18-06 12:00:00,0,1.088,152318.0749
2010-18-06 13:00:00,0,0.31,153764.2716
2010-18-06 14:00:00,0,-0.335,150715.8632
2010-18-06 15:00:00,0,-1.1,146909.3212
2010-18-06 16:00:00,0,-1.728,143296.9238
2010-18-06 17:00:00,0,-1.743,140285.7082
2010-18-06 18:00:00,0,-1.354,137925.0755
2010-18-06 19:00:00,0,-0.812,136096.8
2010-18-06 20:00:00,0,-0.001,134675.3017
2010-18-06 21:00:00,0,0.646,133792.026
2010-18-06 22:00:00,0,1.258,134776.7683
2010-18-06 23:00:00,0,1.521,140527.1106
2010-19-06 00:00:00,0,1.258,148304.1969
2010-19-06 01:00:00,0,0.685,152039.3415
2010-19-06 02:00:00,0,-0.033,149781.4351
2010-19-06 03:00:00,0,-0.959,146042.3148
2010-19-06 04:00:00,0,-1.776,142121.7034
2010-19-06 05:00:00,0,-2.009,138709.2936
2010-19-06 06:00:00,0,-1.907,136003.3434
2010-19-06 07:00:00,0,-1.517,133913.6251
2010-19-06 08:00:00,0,-0.864,132293.4273
2010-19-06 09:00:00,0,-0.229,131024.5915
2010-19-06 10:00:00,0,0.595,130142.3129
2010-19-06 11:00:00,0,1.208,130765.3428
2010-19-06 12:00:00,0,1.293,135626.7693
2010-19-06 13:00:00,0,0.916,140836.9478
2010-19-06 14:00:00,0,0.346,141605.7427
2010-19-06 15:00:00,0,-0.243,139428.1437
2010-19-06 16:00:00,0,-1.05,136652.0272
2010-19-06 17:00:00,0,-1.588,134013.7361
2010-19-06 18:00:00,0,-1.555,131841.4678
2010-19-06 19:00:00,0,-1.273,130135.5161
2010-19-06 20:00:00,0,-0.753,128803.1468
2010-19-06 21:00:00,0,-0.186,127761.0537
2010-19-06 22:00:00,0,0.405,127023.9895
2010-19-06 23:00:00,0,1.022,127097.4517
2010-20-06 00:00:00,0,1.283,130555.2566
2010-20-06 01:00:00,0,1.11,136084.7542
2010-20-06 02:00:00,0,0.585,138935.2995
2010-20-06 03:00:00,0,-0.082,137413.934
2010-20-06 04:00:00,0,-0.844,134794.8923
2010-20-06 05:00:00,0,-1.512,132094.8857
2010-20-06 06:00:00,0,-1.796,129805.1725
2010-20-06 07:00:00,0,-1.646,128003.1789
2010-20-06 08:00:00,0,-1.418,126598.5177
2010-20-06 09:00:00,0,-0.802,125492.7885
2010-20-06 10:00:00,0,-0.152,124615.4002
2010-20-06 11:00:00,0,0.609,124040.5528
2010-20-06 12:00:00,0,1.124,124696.2014
2010-20-06 13:00:00,0,1.241,129007.0946
2010-20-06 14:00:00,0,0.953,133835.289
2010-20-06 15:00:00,0,0.422,135094.6643
2010-20-06 16:00:00,0,-0.119,133304.2084
2010-20-06 17:00:00,0,-0.875,130847.6125
2010-20-06 18:00:00,0,-1.46,128444.204
2010-20-06 19:00:00,0,-1.474,126455.9418
2010-20-06 20:00:00,0,-1.193,124900.1412
2010-20-06 21:00:00,0,-0.808,123690.57
2010-20-06 22:00:00,0,-0.358,122745.1371
2010-20-06 23:00:00,0,0.314,122043.6531
2010-21-06 00:00:00,0,0.93,121961.1544
2010-21-06 01:00:00,0,1.19,124522.6034
2010-21-06 02:00:00,0,1.112,129304.4782
2010-21-06 03:00:00,0,0.611,132308.4339
2010-21-06 04:00:00,0,0.035,131189.4044
2010-21-06 05:00:00,0,-0.608,128987.27
2010-21-06 06:00:00,0,-1.272,126650.2852
2010-21-06 07:00:00,0,-1.672,124643.9958
2010-21-06 08:00:00,0,-1.619,123062.1142
2010-21-06 09:00:00,0,-1.311,121833.2177
2010-21-06 10:00:00,0,-0.708,120871.5884
2010-21-06 11:00:00,0,-0.213,120115.6256
2010-21-06 12:00:00,0,0.485,119596.9332
2010-21-06 13:00:00,0,1.106,119948.4494
2010-21-06 14:00:00,0,1.318,123984.6011
2010-21-06 15:00:00,0,1.016,129549.788
2010-21-06 16:00:00,0,0.453,131453.3777
2010-21-06 17:00:00,0,-0.034,129732.8132
2010-21-06 18:00:00,0,-0.656,127286.2868
2010-21-06 19:00:00,0,-1.31,124861.8765
2010-21-06 20:00:00,0,-1.499,122836.2239
2010-21-06 21:00:00,0,-1.295,121255.8031
2010-21-06 22:00:00,0,-0.889,120035.6362
2010-21-06 23:00:00,0,-0.357,119091.8304
2010-22-06 00:00:00,0,0.188,118391.6399
2010-22-06 01:00:00,0,0.783,118150.1386
2010-22-06 02:00:00,0,1.201,119787.3555
2010-22-06 03:00:00,0,1.118,124510.1288
2010-22-06 04:00:00,0,0.74,127911.5787
2010-22-06 05:00:00,0,0.193,127446.5967
2010-22-06 06:00:00,0,-0.469,125502.2052
2010-22-06 07:00:00,0,-1.096,123260.7474
2010-22-06 08:00:00,0,-1.543,121277.8643
2010-22-06 09:00:00,0,-1.507,119704.3801
2010-22-06 10:00:00,0,-1.23,118486.8652
2010-22-06 11:00:00,0,-0.743,117539.791
2010-22-06 12:00:00,0,-0.169,116797.331
2010-22-06 13:00:00,0,0.578,116319.0031
2010-22-06 14:00:00,0,1.206,116968.4332
2010-22-06 15:00:00,0,1.408,121825.37
2010-22-06 16:00:00,0,1.168,128496.0628
2010-22-06 17:00:00,0,0.634,131640.441
2010-22-06 18:00:00,0,0.059,129853.3123
2010-22-06 19:00:00,0,-0.581,126941.8445
2010-22-06 20:00:00,0,-1.311,123937.0298
2010-22-06 21:00:00,0,-1.545,121365.3352
2010-22-06 22:00:00,0,-1.334,119362.7905
2010-22-06 23:00:00,0,-1.014,117839.6992
2010-23-06 00:00:00,0,-0.432,116678.2528
2010-23-06 01:00:00,0,0.168,115817.7841
2010-23-06 02:00:00,0,0.794,115478.7639
2010-23-06 03:00:00,0,1.194,117110.7996
2010-23-06 04:00:00,0,1.225,122137.1939
2010-23-06 05:00:00,0,0.875,126644.2809
2010-23-06 06:00:00,0,0.275,126799.999
2010-23-06 07:00:00,0,-0.386,124609.7739
2010-23-06 08:00:00,0,-1.041,121982.3202
2010-23-06 09:00:00,0,-1.538,119609.7865
2010-23-06 10:00:00,0,-1.547,117726.8361
2010-23-06 11:00:00,0,-1.219,116284.9661
2010-23-06 12:00:00,0,-0.711,115179.3987
2010-23-06 13:00:00,0,-0.064,114330.7906
2010-23-06 14:00:00,0,0.753,113857.058
2010-23-06 15:00:00,0,1.3,115148.9752
2010-23-06 16:00:00,0,1.531,121086.5634
2010-23-06 17:00:00,1.166666667,1.294,129000.7829
2010-23-06 18:00:00,0.233333333,0.711,133142.7262
2010-23-06 19:00:00,0,-0.005,131010.8989
2010-23-06 20:00:00,0,-0.748,127440.9793
2010-23-06 21:00:00,0,-1.385,123787.5672
2010-23-06 22:00:00,0,-1.707,120698.4831
2010-23-06 23:00:00,0,-1.609,118330.3463
2010-24-06 00:00:00,0,-1.124,116567.9565
2010-24-06 01:00:00,0,-0.502,115257.9753
2010-24-06 02:00:00,0,0.161,114304.8257
2010-24-06 03:00:00,0,0.806,113932.5062
2010-24-06 04:00:00,0,1.245,115717.9687
2010-24-06 05:00:00,0,1.292,121258.2427
2010-24-06 06:00:00,0,0.93,126511.9756
2010-24-06 07:00:00,0,0.239,126813.953
2010-24-06 08:00:00,0,-0.51,124327.8619
2010-24-06 09:00:00,0,-1.178,121382.6097
2010-24-06 10:00:00,0,-1.651,118759.5436
2010-24-06 11:00:00,0,-1.647,116699.3342
2010-24-06 12:00:00,0,-1.29,115138.3549
2010-24-06 13:00:00,0,-0.58,113955.2199
2010-24-06 14:00:00,0,0.111,113073.949
2010-24-06 15:00:00,0,0.848,112713.7481
2010-24-06 16:00:00,0,1.451,114756.2714
2010-24-06 17:00:00,0,1.681,121947.1799
2010-24-06 18:00:00,0,1.29,130853.171
2010-24-06 19:00:00,0,0.614,134323.8878
2010-24-06 20:00:00,0,-0.158,131494.0309
2010-24-06 21:00:00,0,-0.985,127369.4001
2010-24-06 22:00:00,0,-1.626,123292.9948
2010-24-06 23:00:00,0,-1.939,119878.1412
2010-25-06 00:00:00,0,-1.705,117256.5963
2010-25-06 01:00:00,0,-1.104,115296.0427
2010-25-06 02:00:00,0,-0.392,113830.6273
2010-25-06 03:00:00,0,0.309,112782.5912
2010-25-06 04:00:00,0,0.986,112558.7002
2010-25-06 05:00:00,0,1.438,115612.4058
2010-25-06 06:00:00,0,1.417,122722.4176
2010-25-06 07:00:00,0,0.941,129013.4942
2010-25-06 08:00:00,0,0.145,128585.7417
2010-25-06 09:00:00,0,-0.607,125316.3253
2010-25-06 10:00:00,0,-1.272,121670.4346
2010-25-06 11:00:00,0,-1.753,118473.4385
2010-25-06 12:00:00,0,-1.682,115972.2114
2010-25-06 13:00:00,0,-1.142,114086.908
2010-25-06 14:00:00,0,-0.312,112670.7168
2010-25-06 15:00:00,0,0.356,111673.358
2010-25-06 16:00:00,0,1.191,111644.1798
2010-25-06 17:00:00,0,1.713,116000.0046
2010-25-06 18:00:00,0,1.767,125257.9704
2010-25-06 19:00:00,0,1.349,135087.952
2010-25-06 20:00:00,0,0.596,137976.2138
2010-25-06 21:00:00,0,-0.337,134272.9906
2010-25-06 22:00:00,0,-1.144,129181.2399
2010-25-06 23:00:00,0,-1.806,124238.7876
2010-26-06 00:00:00,0,-2.01,120096.0275
2010-26-06 01:00:00,0,-1.569,116898.1553
2010-26-06 02:00:00,0,-0.829,114509.19
2010-26-06 03:00:00,0,-0.247,112741.2536
2010-26-06 04:00:00,0,0.609,111555.9347
2010-26-06 05:00:00,0,1.279,112113.4165
2010-26-06 06:00:00,0,1.591,117496.5927
2010-26-06 07:00:00,0,1.402,125872.3129
2010-26-06 08:00:00,0,0.745,131114.1645
2010-26-06 09:00:00,0,-0.054,128790.0226
2010-26-06 10:00:00,0,-0.754,124784.5413
2010-26-06 11:00:00,0,-1.497,120703.8517
2010-26-06 12:00:00,0,-1.836,117232.5631
2010-26-06 13:00:00,0,-1.466,114548.9619
2010-26-06 14:00:00,0,-0.771,112538.6596
2010-26-06 15:00:00,0,0.043,111049.9209
2010-26-06 16:00:00,0,0.763,110228.8794
2010-26-06 17:00:00,0,1.533,111825.6072
2010-26-06 18:00:00,0,1.993,119305.3662
2010-26-06 19:00:00,0,1.926,130748.3103
2010-26-06 20:00:00,0,1.228,141326.7097
2010-26-06 21:00:00,0,0.353,141199.639
2010-26-06 22:00:00,0,-0.523,136210.1045
2010-26-06 23:00:00,0,-1.458,130232.9395
2010-27-06 00:00:00,0,-2.031,124625.26
2010-27-06 01:00:00,0,-1.954,119958.118
2010-27-06 02:00:00,0,-1.403,116347.0158
2010-27-06 03:00:00,0,-0.591,113650.1196
2010-27-06 04:00:00,0,0.094,111680.8238
2010-27-06 05:00:00,0,0.932,110641.1765
2010-27-06 06:00:00,0,1.549,112999.0104
2010-27-06 07:00:00,0,1.713,120700.0698
2010-27-06 08:00:00,0,1.396,130067.0191
2010-27-06 09:00:00,0,0.626,133904.7676
2010-27-06 10:00:00,0,-0.171,130496.1415
2010-27-06 11:00:00,0,-0.955,125675.678
2010-27-06 12:00:00,0,-1.71,120927.0336
2010-27-06 13:00:00,0,-1.784,116921.721
2010-27-06 14:00:00,0,-1.246,113829.0152
2010-27-06 15:00:00,0,-0.58,111520.4713
2010-27-06 16:00:00,0,0.21,109839.3308
2010-27-06 17:00:00,0,1.072,109159.0634
2010-27-06 18:00:00,0,1.671,112463.8191
2010-27-06 19:00:00,0,1.957,121307.7273
2010-27-06 20:00:00,0,1.634,132457.7709
2010-27-06 21:00:00,0,0.914,139434.6439
2010-27-06 22:00:00,0,-0.036,136318.5351
2010-27-06 23:00:00,0,-0.902,130830.3045
2010-28-06 00:00:00,0,-1.864,125039.2804
2010-28-06 01:00:00,0,-2.142,119949.1812
2010-28-06 02:00:00,0,-1.773,115887.0408
2010-28-06 03:00:00,0,-1.202,112820.9359
2010-28-06 04:00:00,0.469230769,-0.41,110549.2927
2010-28-06 05:00:00,2.18974359,0.319,108932.4679
2010-28-06 06:00:00,0,1.126,108493.522
2010-28-06 07:00:00,1.564102564,1.57,112297.6662
2010-28-06 08:00:00,0.625641026,1.616,120590.8783
2010-28-06 09:00:00,0.938461538,1.045,128667.949
2010-28-06 10:00:00,0,0.187,128592.2131
2010-28-06 11:00:00,0,-0.551,124925.714
2010-28-06 12:00:00,0,-1.41,120796.0846
2010-28-06 13:00:00,0.156410256,-1.895,117158.1916
2010-28-06 14:00:00,0.156410256,-1.592,114338.0716
2010-28-06 15:00:00,0,-0.998,112281.1422
2010-28-06 16:00:00,0,-0.278,110808.1649
2010-28-06 17:00:00,0,0.56,109869.9974
2010-28-06 18:00:00,0,1.311,110542.3178
2010-28-06 19:00:00,0,1.769,116317.4652
2010-28-06 20:00:00,0,1.912,126532.8849
2010-28-06 21:00:00,0,1.383,137420.4687
2010-28-06 22:00:00,0,0.488,139987.8789
2010-28-06 23:00:00,0,-0.415,135720.2551
2010-29-06 00:00:00,0,-1.299,130148.2806
2010-29-06 01:00:00,0,-2.104,124791.3959
2010-29-06 02:00:00,0,-2.075,120295.484
2010-29-06 03:00:00,0,-1.656,116809.9251
2010-29-06 04:00:00,0,-1.043,114210.5738
2010-29-06 05:00:00,0,-0.169,112294.5377
2010-29-06 06:00:00,0,0.562,111043.0592
2010-29-06 07:00:00,0,1.173,111428.188
2010-29-06 08:00:00,0,1.479,116153.374
2010-29-06 09:00:00,0,1.309,123600.0975
2010-29-06 10:00:00,0,0.566,127519.7491
2010-29-06 11:00:00,0,-0.208,125031.5265
2010-29-06 12:00:00,0,-0.981,121335.1988
2010-29-06 13:00:00,0,-1.685,117762.6331
2010-29-06 14:00:00,0,-1.806,114846.5441
2010-29-06 15:00:00,0,-1.417,112638.7048
2010-29-06 16:00:00,0,-0.777,110999.4853
2010-29-06 17:00:00,0,-0.017,109790.2703
2010-29-06 18:00:00,0,0.781,109132.2778
2010-29-06 19:00:00,0,1.415,110654.3558
2010-29-06 20:00:00,0,1.761,117418.523
2010-29-06 21:00:00,0,1.634,127298.6633
2010-29-06 22:00:00,0,0.96,135150.6975
2010-29-06 23:00:00,0,0.083,133271.4359
2010-30-06 00:00:00,0,-0.734,128627.4614
2010-30-06 01:00:00,0,-1.715,123593.3435
2010-30-06 02:00:00,0,-2.061,119147.3818
2010-30-06 03:00:00,0,-1.714,115623.2944
2010-30-06 04:00:00,0,-1.427,112972.3326
2010-30-06 05:00:00,0,-0.606,111004.4197
2010-30-06 06:00:00,0,0.179,109566.4916
2010-30-06 07:00:00,0,0.884,108917.413
2010-30-06 08:00:00,0,1.397,111070.4364
2010-30-06 09:00:00,0,1.481,117713.7751
2010-30-06 10:00:00,0,1.047,124606.5305
2010-30-06 11:00:00,0,0.35,125203.3027
2010-30-06 12:00:00,0,-0.403,122098.3686
2010-30-06 13:00:00,0,-1.173,118359.3673
2010-30-06 14:00:00,0,-1.645,114956.5895
2010-30-06 15:00:00,2.941935484,-1.503,112253.5426
2010-30-06 16:00:00,2.124731183,-1.009,110224.0483
2010-30-06 17:00:00,2.124731183,-0.348,108771.7503
2010-30-06 18:00:00,3.268817204,0.472,107875.4252
2010-30-06 19:00:00,2.778494624,1.161,108318.6071
2010-30-06 20:00:00,0.817204301,1.647,113341.2559
2010-30-06 21:00:00,0,1.881,123307.1776
2010-30-06 22:00:00,0.16344086,1.558,135180.6486
2010-30-06 23:00:00,0.980645161,0.796,142033.0082
07/01/2010 00:00,0.031578947,0.011,139839.6514
07/01/2010 01:00,0.005263158,-0.784,135668.0292
07/01/2010 02:00,0.084210526,-1.506,131117.1008
07/01/2010 03:00,0.047368421,-1.644,127061.5518
07/01/2010 04:00,0,-1.228,123816.334
07/01/2010 05:00,0.026315789,-0.767,121400.8367
07/01/2010 06:00,0.005263158,-0.046,119670.7649
07/01/2010 07:00,0,0.642,118701.1101
07/01/2010 08:00,0,1.17,119874.3172
07/01/2010 09:00,0,1.536,125538.0056
07/01/2010 10:00,0,1.453,134198.4025
07/01/2010 11:00,0,0.925,140921.0733
07/01/2010 12:00,0,0.106,139521.6177
07/01/2010 13:00,0,-0.516,135709.8311
07/01/2010 14:00,0,-1.127,131499.2409
07/01/2010 15:00,0,-1.321,127742.0134
07/01/2010 16:00,0,-1.138,124778.1108
07/01/2010 17:00,0,-0.671,122737.0063
07/01/2010 18:00,0,0.117,121474.0843
07/01/2010 19:00,0,0.801,121137.6871
07/01/2010 20:00,0,1.284,123642.4197
07/01/2010 21:00,0,1.706,130818.1003
07/01/2010 22:00,0,1.696,141232.1052
07/01/2010 23:00,0,1.155,150725.3607
07/02/2010 00:00,0,0.425,150803.848
07/02/2010 01:00,0,-0.27,146840.2774
07/02/2010 02:00,0,-1.136,141792.3501
07/02/2010 03:00,0,-1.556,136806.04
07/02/2010 04:00,0,-1.42,132499.206
07/02/2010 05:00,0,-1.069,129066.5676
07/02/2010 06:00,0,-0.419,126448.2245
07/02/2010 07:00,0,0.207,124509.31
07/02/2010 08:00,0,0.777,123494.5971
07/02/2010 09:00,0,1.302,125315.7088
07/02/2010 10:00,0,1.476,131579.2419
07/02/2010 11:00,0,1.198,138945.3979
07/02/2010 12:00,0,0.584,141241.11
07/02/2010 13:00,0,-0.029,138455.5443
07/02/2010 14:00,0.84,-0.669,134508.1005
07/02/2010 15:00,0,-1.1,130520.8033
07/02/2010 16:00,0.42,-1.205,127081.6011
07/02/2010 17:00,0,-0.883,124373.1875
07/02/2010 18:00,0,-0.415,122329.0379
07/02/2010 19:00,0.84,0.248,120838.2495
07/02/2010 20:00,0,0.787,120185.636
07/02/2010 21:00,0,1.245,122044.8488
07/02/2010 22:00,0,1.473,128001.8496
07/02/2010 23:00,0,1.282,135606.768
07/03/2010 00:00,0,0.809,139638.7499
07/03/2010 01:00,0,0.16,137631.5925
07/03/2010 02:00,0,-0.598,133930.7979
07/03/2010 03:00,0,-1.336,129861.2884
07/03/2010 04:00,0,-1.454,126221.6096
07/03/2010 05:00,0,-1.242,123308.128
07/03/2010 06:00,6.2,-0.838,121075.6977
07/03/2010 07:00,0,-0.286,119406.5393
07/03/2010 08:00,0,0.176,118310.3726
07/03/2010 09:00,0,0.763,117951.1369
07/03/2010 10:00,0,1.14,119780.8625
07/03/2010 11:00,0,1.156,124701.234
07/03/2010 12:00,0,0.714,128819.092
07/03/2010 13:00,0,0.203,128606.5702
07/03/2010 14:00,0,-0.252,126973.1047
07/03/2010 15:00,0,-0.771,125012.5346
07/03/2010 16:00,0,-1.162,123205.8372
07/03/2010 17:00,0,-1.063,121750.4285
07/03/2010 18:00,0,-0.72,120632.939
07/03/2010 19:00,0,-0.257,119779.3577
07/03/2010 20:00,0,0.318,119169.7027
07/03/2010 21:00,0,0.736,119082.3209
07/03/2010 22:00,0,1.044,120422.9158
07/03/2010 23:00,0,1.279,124624.8881
07/04/2010 00:00,0,1.027,129947.2111
07/04/2010 01:00,0,0.465,131663.9954
07/04/2010 02:00,0,-0.096,129779.8387
07/04/2010 03:00,0,-0.661,127128.8577
07/04/2010 04:00,0,-0.972,124530.1495
07/04/2010 05:00,0,-0.963,122361.1389
07/04/2010 06:00,0.5,-0.773,120667.292
07/04/2010 07:00,0.666666667,-0.447,119362.8864
07/04/2010 08:00,0.333333333,0.113,118383.2744
07/04/2010 09:00,0,0.465,117831.2688
07/04/2010 10:00,0,0.822,117908.1847
07/04/2010 11:00,0,1.197,120138.2668
07/04/2010 12:00,0,1.092,124944.917
07/04/2010 13:00,0,0.73,128237.7085
07/04/2010 14:00,0,0.273,127625.4735
07/04/2010 15:00,0,-0.396,125783.6854
07/04/2010 16:00,0,-0.895,123590.6266
07/04/2010 17:00,0,-1.043,121620.4758
07/04/2010 18:00,0,-0.914,120069.9221
07/04/2010 19:00,0,-0.766,118889.9866
07/04/2010 20:00,0,-0.28,117988.5406
07/04/2010 21:00,0,0.139,117333.9728
07/04/2010 22:00,0,0.679,117128.1181
07/04/2010 23:00,0,0.911,118370.9176
07/05/2010 00:00,0,0.956,121332.6164
07/05/2010 01:00,0,0.701,124443.2952
07/05/2010 02:00,0,0.219,125832.7969
07/05/2010 03:00,0,-0.296,126140.5813
07/05/2010 04:00,0,-0.812,126144.9956
07/05/2010 05:00,0,-1.212,126187.3156
07/05/2010 06:00,0,-1.223,126388.4826
07/05/2010 07:00,0.1,-1.007,126721.527
07/05/2010 08:00,0,-0.652,127093.324
07/05/2010 09:00,0,-0.253,127495.3837
07/05/2010 10:00,0.1,0.103,127957.1434
07/05/2010 11:00,0,0.645,128621.7837
07/05/2010 12:00,0.1,0.887,129995.4319
07/05/2010 13:00,0,0.681,132189.4884
07/05/2010 14:00,0,0.401,133475.8809
07/05/2010 15:00,0,0.036,133883.09
07/05/2010 16:00,0,-0.416,133825.6585
07/05/2010 17:00,0,-0.796,133613.5217
07/05/2010 18:00,0,-1.001,133452.9151
07/05/2010 19:00,0,-0.948,133385.6045
07/05/2010 20:00,0,-0.745,133380.7033
07/05/2010 21:00,0,-0.354,133332.2688
07/05/2010 22:00,0,0.04,133136.8242
07/05/2010 23:00,0,0.445,132876.5827
07/06/2010 00:00,0,0.624,132719.274
07/06/2010 01:00,0,0.824,132722.2766
07/06/2010 02:00,0,0.534,133130.6221
07/06/2010 03:00,0,0.076,132806.9339
07/06/2010 04:00,0,-0.398,131906.6945
07/06/2010 05:00,0,-0.829,130795.2012
07/06/2010 06:00,0,-1.15,129718.6893
07/06/2010 07:00,0,-1.143,128744.5476
07/06/2010 08:00,0,-1.019,127872.4389
07/06/2010 09:00,0,-0.61,127089.6784
07/06/2010 10:00,0.054285714,-0.166,126389.9825
07/06/2010 11:00,1.14,0.267,125801.8388
07/06/2010 12:00,0.108571429,0.664,125458.2413
07/06/2010 13:00,0.108571429,0.94,125851.3996
07/06/2010 14:00,0,0.969,127892.2259
07/06/2010 15:00,0,0.661,129648.0497
07/06/2010 16:00,0,0.311,129575.3494
07/06/2010 17:00,0,-0.094,128494.9107
07/06/2010 18:00,0,-0.584,127109.9986
07/06/2010 19:00,0,-0.754,125756.4254
07/06/2010 20:00,0,-0.751,124592.2718
07/06/2010 21:00,0,-0.667,123617.3272
07/06/2010 22:00,0.217142857,-0.243,122797.9357
07/06/2010 23:00,0.271428571,0.181,122143.1318
07/07/2010 00:00,0,0.5,121760.6672
07/07/2010 01:00,0,0.823,121783.2298
07/07/2010 02:00,0,0.96,123124.316
07/07/2010 03:00,0,0.666,124821.7486
07/07/2010 04:00,0,0.334,124955.5399
07/07/2010 05:00,0,-0.164,124125.3246
07/07/2010 06:00,0,-0.661,122951.6437
07/07/2010 07:00,0,-0.925,121798.5041
07/07/2010 08:00,0,-1.062,120809.0233
07/07/2010 09:00,0,-0.917,119980.821
07/07/2010 10:00,0,-0.467,119286.6285
07/07/2010 11:00,0,-0.152,118710.0512
07/07/2010 12:00,0,0.31,118268.5289
07/07/2010 13:00,0,0.774,118172.774
07/07/2010 14:00,0,1.075,119510.3657
07/07/2010 15:00,0,1.029,122946.2233
07/07/2010 16:00,0,0.677,125339.4447
07/07/2010 17:00,0,0.32,124935.7297
07/07/2010 18:00,0,-0.129,123497.7816
07/07/2010 19:00,0,-0.702,121769.8889
07/07/2010 20:00,0,-1.04,120152.7899
07/07/2010 21:00,0,-0.973,118813.1292
07/07/2010 22:00,0,-0.857,117732.8467
07/07/2010 23:00,0,-0.468,116858.0178
07/08/2010 00:00,0,0.03,116157.8988
07/08/2010 01:00,0.057777778,0.512,115720.9139
07/08/2010 02:00,0,0.894,115879.6435
07/08/2010 03:00,0,1.039,117974.7054
07/08/2010 04:00,0,0.799,120555.9021
07/08/2010 05:00,0,0.406,121129.0604
07/08/2010 06:00,0,-0.035,120110.0005
07/08/2010 07:00,0,-0.623,118646.1905
07/08/2010 08:00,0,-1.08,117187.9685
07/08/2010 09:00,0,-1.178,115956.3518
07/08/2010 10:00,0.057777778,-1.006,114960.5733
07/08/2010 11:00,0,-0.62,114155.5946
07/08/2010 12:00,0.115555556,-0.253,113502.084
07/08/2010 13:00,0.173333333,0.362,113014.0012
07/08/2010 14:00,0.577777778,0.799,112972.4856
07/08/2010 15:00,0.577777778,1.226,114725.1787
07/08/2010 16:00,0.404444444,1.188,119709.5609
07/08/2010 17:00,1.097777778,0.813,123688.5096
07/08/2010 18:00,1.56,0.333,123592.5331
07/08/2010 19:00,0.404444444,-0.237,121720.35
07/08/2010 20:00,0.173333333,-0.858,119529.1762
07/08/2010 21:00,0,-1.245,117606.1886
07/08/2010 22:00,0,-1.295,116163.5486
07/08/2010 23:00,0,-1.068,115145.7676
07/09/2010 00:00,0.110191083,-0.467,114439.4818
07/09/2010 01:00,0,0.042,113970.4453
07/09/2010 02:00,0,0.636,113829.9053
07/09/2010 03:00,0,1.094,114829.4108
07/09/2010 04:00,0,1.303,119270.3082
07/09/2010 05:00,0.110191083,1.061,124942.3322
07/09/2010 06:00,0,0.538,127128.2332
07/09/2010 07:00,0.110191083,-0.009,125479.2147
07/09/2010 08:00,0,-0.73,122968.0932
07/09/2010 09:00,0.110191083,-1.262,120439.7211
07/09/2010 10:00,0.110191083,-1.299,118336.1793
07/09/2010 11:00,0.110191083,-1.257,116713.8792
07/09/2010 12:00,0.110191083,-0.779,115478.5178
07/09/2010 13:00,0.110191083,-0.15,114536.997
07/09/2010 14:00,0.550955414,0.492,113925.5236
07/09/2010 15:00,0.77133758,1.159,114307.8807
07/09/2010 16:00,1.101910828,1.441,118696.0307
07/09/2010 17:00,0.991719745,1.328,126019.2365
07/09/2010 18:00,2.424203822,0.932,131643.0832
07/09/2010 19:00,5.840127389,0.359,131134.2144
07/09/2010 20:00,3.966878981,-0.491,128470.5744
07/09/2010 21:00,0.661146497,-1.212,125466.3518
07/09/2010 22:00,0,-1.626,123098.1558
07/09/2010 23:00,0.110191083,-1.66,121707.9999
07/10/2010 00:00,1.115942029,-1.332,121228.9072
07/10/2010 01:00,0.202898551,-0.682,121402.1522
07/10/2010 02:00,0.202898551,0.025,122106.9346
07/10/2010 03:00,0,0.736,124508.1772
07/10/2010 04:00,0,1.254,131670.6443
07/10/2010 05:00,0,1.41,144970.6066
07/10/2010 06:00,0,1.054,160013.6424
07/10/2010 07:00,0,0.478,171638.6738
07/10/2010 08:00,0.101449275,-0.269,179585.1007
07/10/2010 09:00,0,-1.015,186788.9506
07/10/2010 10:00,1.014492754,-1.547,193491.9689
07/10/2010 11:00,1.217391304,-1.658,199695.7254
07/10/2010 12:00,8.724637681,-1.322,205599.5977
07/10/2010 13:00,0.811594203,-0.721,211231.1985
07/10/2010 14:00,0,0.07,216917.3079
07/10/2010 15:00,0,0.79,223447.2809
07/10/2010 16:00,0,1.548,234571.5258
07/10/2010 17:00,0.304347826,1.906,255379.0828
07/10/2010 18:00,0.101449275,1.663,290488.4649
07/10/2010 19:00,0.101449275,1.097,330296.5289
07/10/2010 20:00,0.101449275,0.341,368023.2345
07/10/2010 21:00,0,-0.6,399434.4134
07/10/2010 22:00,0,-1.358,425184.776
07/10/2010 23:00,0,-1.962,446780.2799
07/11/2010 00:00,0,-1.876,465035.5104
07/11/2010 01:00,0.3,-1.343,480416.8314
07/11/2010 02:00,0,-0.534,493691.2944
07/11/2010 03:00,0,0.202,506067.7659
07/11/2010 04:00,0,1.079,519677.2006
07/11/2010 05:00,0,1.578,537199.6317
07/11/2010 06:00,0,1.652,556786.1102
07/11/2010 07:00,0,1.207,574016.6747
07/11/2010 08:00,0,0.394,585434.2893
07/11/2010 09:00,0,-0.478,591192.0538
07/11/2010 10:00,0,-1.258,594246.5513
07/11/2010 11:00,0,-1.942,595846.2832
07/11/2010 12:00,0,-1.984,596588.72
07/11/2010 13:00,0.3,-1.433,596778.9768
07/11/2010 14:00,0,-0.596,596406.9018
07/11/2010 15:00,0.3,0.197,595861.7024
07/11/2010 16:00,1.8,1.104,597333.2655
07/11/2010 17:00,0,1.838,604412.8342
07/11/2010 18:00,0,2.08,617325.8502
07/11/2010 19:00,0,1.691,629955.1298
07/11/2010 20:00,0,0.881,636503.8273
07/11/2010 21:00,0,-0.032,636892.8715
07/11/2010 22:00,0,-1.049,634149.7546
07/11/2010 23:00,0,-2.049,630227.5337
07/12/2010 00:00,0,-2.322,626141.8157
07/12/2010 01:00,0,-2.083,622474.0619
07/12/2010 02:00,0,-1.363,619408.7216
07/12/2010 03:00,0,-0.439,616690.4026
07/12/2010 04:00,0,0.442,614664.2311
07/12/2010 05:00,0,1.366,616283.2887
07/12/2010 06:00,0,1.981,624422.9115
07/12/2010 07:00,0,1.897,636214.9371
07/12/2010 08:00,0,1.279,644553.8081
07/12/2010 09:00,0,0.286,646756.4476
07/12/2010 10:00,0,-0.679,644400.5532
07/12/2010 11:00,0,-1.603,640069.7517
07/12/2010 12:00,0,-2.127,634933.8319
07/12/2010 13:00,0,-1.972,630064.5789
07/12/2010 14:00,0,-1.346,624918.9037
07/12/2010 15:00,0,-0.382,619614.47
07/12/2010 16:00,0,0.598,614899.2531
07/12/2010 17:00,0,1.516,614516.1303
07/12/2010 18:00,0,2.174,621373.1611
07/12/2010 19:00,0,2.249,635060.1092
07/12/2010 20:00,0,1.697,644927.3668
07/12/2010 21:00,0,0.794,647107.5858
07/12/2010 22:00,0,-0.298,643459.8962
07/12/2010 23:00,0,-1.49,636864.1313
2010-13-07 00:00:00,0,-2.385,629084.1028
2010-13-07 01:00:00,0,-2.491,620999.3924
2010-13-07 02:00:00,0,-2.039,612938.3726
2010-13-07 03:00:00,0,-1.267,604815.4101
2010-13-07 04:00:00,0,-0.237,596730.0182
2010-13-07 05:00:00,0,0.828,589805.8205
2010-13-07 06:00:00,0,1.767,588912.7472
2010-13-07 07:00:00,0,2.237,595836.5178
2010-13-07 08:00:00,0,2.025,606497.1187
2010-13-07 09:00:00,0,1.168,610265.9752
2010-13-07 10:00:00,0,0.179,606863.5862
2010-13-07 11:00:00,0,-0.841,599647.7297
2010-13-07 12:00:00,0,-1.852,590829.4436
2010-13-07 13:00:00,0,-2.304,581536.5263
2010-13-07 14:00:00,0,-1.872,572174.5805
2010-13-07 15:00:00,4.133333333,-1.076,562858.2272
2010-13-07 16:00:00,1.377777778,-0.041,553827.3743
2010-13-07 17:00:00,4.133333333,0.984,546718.8846
2010-13-07 18:00:00,0,1.889,546735.3579
2010-13-07 19:00:00,0,2.434,556527.3099
2010-13-07 20:00:00,0,2.358,572544.0357
2010-13-07 21:00:00,0,1.712,582218.489
2010-13-07 22:00:00,1.377777778,0.603,582266.4755
2010-13-07 23:00:00,1.377777778,-0.533,576606.241
2010-14-07 00:00:00,0,-1.768,568442.8325
2010-14-07 01:00:00,0.345945946,-2.573,559606.9716
2010-14-07 02:00:00,0.461261261,-2.463,550867.4719
2010-14-07 03:00:00,0,-1.849,542449.3822
2010-14-07 04:00:00,0,-0.978,534456.5458
2010-14-07 05:00:00,0,0.107,527131.7188
2010-14-07 06:00:00,0,1.247,522518.15
2010-14-07 07:00:00,0,2.114,526461.6287
2010-14-07 08:00:00,0,2.44,540871.5765
2010-14-07 09:00:00,0,2.011,556991.62
2010-14-07 10:00:00,0,1.122,564972.5022
2010-14-07 11:00:00,0,0.086,567027.9339
2010-14-07 12:00:00,0,-1.036,566059.9828
2010-14-07 13:00:00,0,-2.055,563911.129
2010-14-07 14:00:00,0.230630631,-2.091,561542.27
2010-14-07 15:00:00,7.610810811,-1.615,559131.3373
2010-14-07 16:00:00,0.115315315,-0.801,556794.7098
2010-14-07 17:00:00,4.036036036,0.328,555153.9735
2010-14-07 18:00:00,0,1.304,557102.435
2010-14-07 19:00:00,0,2.12,566932.5582
2010-14-07 20:00:00,0,2.582,587326.0376
2010-14-07 21:00:00,0,2.398,612251.959
2010-14-07 22:00:00,0,1.519,629261.2112
2010-14-07 23:00:00,0,0.438,637468.8718
2010-15-07 00:00:00,0,-0.76,641633.8795
2010-15-07 01:00:00,0,-2.057,644270.5195
2010-15-07 02:00:00,0,-2.522,646531.7718
2010-15-07 03:00:00,0,-2.267,648537.7569
2010-15-07 04:00:00,0,-1.74,650139.2328
2010-15-07 05:00:00,0,-0.653,651327.6335
2010-15-07 06:00:00,0.895238095,0.355,652579.4207
2010-15-07 07:00:00,0.895238095,1.393,656921.8659
2010-15-07 08:00:00,0.895238095,2.178,668623.2367
2010-15-07 09:00:00,0,2.331,686953.8695
2010-15-07 10:00:00,1.79047619,1.712,703122.5435
2010-15-07 11:00:00,0,0.79,711900.0082
2010-15-07 12:00:00,0,-0.198,715199.263
2010-15-07 13:00:00,0.895238095,-1.422,715926.0853
2010-15-07 14:00:00,0.895238095,-2.181,715912.6218
2010-15-07 15:00:00,0,-2.022,716106.023
2010-15-07 16:00:00,0,-1.461,716694.4307
2010-15-07 17:00:00,0,-0.739,717797.4689
2010-15-07 18:00:00,0,0.456,719840.0992
2010-15-07 19:00:00,0,1.279,725902.394
2010-15-07 20:00:00,0,2.059,738598.3965
2010-15-07 21:00:00,0,2.482,758452.9816
2010-15-07 22:00:00,0,2.139,781044.5332
2010-15-07 23:00:00,0,1.108,795885.7803
2010-16-07 00:00:00,0.2,0.091,803498.6491
2010-16-07 01:00:00,0.2,-0.983,807008.7175
2010-16-07 02:00:00,0.2,-2.112,808828.6952
2010-16-07 03:00:00,0,-2.447,810402.8145
2010-16-07 04:00:00,0,-2.093,813489.957
2010-16-07 05:00:00,0,-1.444,824753.0994
2010-16-07 06:00:00,0,-0.433,847737.0374
2010-16-07 07:00:00,0,0.463,876794.1455
2010-16-07 08:00:00,0.2,1.378,912564.8716
2010-16-07 09:00:00,0,2.052,954692.9004
2010-16-07 10:00:00,0,2.094,998683.0742
2010-16-07 11:00:00,0,1.428,1038560.974
2010-16-07 12:00:00,0,0.464,1070759.454
2010-16-07 13:00:00,0,-0.488,1095551.594
2010-16-07 14:00:00,0,-1.561,1115945.936
2010-16-07 15:00:00,0,-2.02,1133537.733
2010-16-07 16:00:00,0,-1.832,1149175.598
2010-16-07 17:00:00,0,-1.331,1163313.411
2010-16-07 18:00:00,0,-0.508,1176129.943
2010-16-07 19:00:00,0,0.448,1188223.431
2010-16-07 20:00:00,0,1.265,1202201.058
2010-16-07 21:00:00,0,1.862,1220282.399
2010-16-07 22:00:00,0,2.061,1240748.618
2010-16-07 23:00:00,0,1.654,1260032.811
2010-17-07 00:00:00,0.2,0.729,1274638.438
2010-17-07 01:00:00,0,-0.202,1283391.152
2010-17-07 02:00:00,0,-1.186,1289071.408
2010-17-07 03:00:00,0,-2.141,1293396.074
2010-17-07 04:00:00,0,-2.284,1297112.781
2010-17-07 05:00:00,0,-1.856,1300403.578
2010-17-07 06:00:00,0,-1.247,1303342.438
2010-17-07 07:00:00,0,-0.416,1306184.804
2010-17-07 08:00:00,0,0.481,1309668.631
2010-17-07 09:00:00,0,1.281,1316243.758
2010-17-07 10:00:00,0,1.783,1327883.756
2010-17-07 11:00:00,0,1.723,1341820.916
2010-17-07 12:00:00,0,1.034,1354165.049
2010-17-07 13:00:00,0,0.168,1362733.855
2010-17-07 14:00:00,0,-0.686,1368730.051
2010-17-07 15:00:00,0,-1.552,1374964.496
2010-17-07 16:00:00,0,-1.833,1382381.037
2010-17-07 17:00:00,0,-1.565,1390122.41
2010-17-07 18:00:00,0,-1.145,1397478.82
2010-17-07 19:00:00,0.2,-0.394,1404639.045
2010-17-07 20:00:00,2,0.43,1411846.314
2010-17-07 21:00:00,0.2,1.186,1421026.328
2010-17-07 22:00:00,0,1.734,1434290.334
2010-17-07 23:00:00,0.6,1.832,1449803.715
2010-18-07 00:00:00,0.2,1.387,1464116.283
2010-18-07 01:00:00,0.4,0.633,1474925.775
2010-18-07 02:00:00,0.2,-0.107,1481692.258
2010-18-07 03:00:00,1,-1.158,1486483.732
2010-18-07 04:00:00,0.2,-1.79,1490605.262
2010-18-07 05:00:00,0,-1.839,1494833.279
2010-18-07 06:00:00,0,-1.458,1499410.857
2010-18-07 07:00:00,0,-0.997,1504376.797
2010-18-07 08:00:00,0,-0.308,1509878.83
2010-18-07 09:00:00,0,0.468,1516697.264
2010-18-07 10:00:00,0,1.136,1526981.275
2010-18-07 11:00:00,0,1.609,1542655.857
2010-18-07 12:00:00,0,1.383,1561379.877
2010-18-07 13:00:00,0,0.837,1579534.83
2010-18-07 14:00:00,0,0.215,1595933.123
2010-18-07 15:00:00,0,-0.558,1610893.006
2010-18-07 16:00:00,0,-1.355,1624994.709
2010-18-07 17:00:00,0,-1.578,1638940.752
2010-18-07 18:00:00,0,-1.283,1653223.896
2010-18-07 19:00:00,0,-0.974,1667472.135
2010-18-07 20:00:00,0,-0.28,1681473.262
2010-18-07 21:00:00,0,0.214,1695646.268
2010-18-07 22:00:00,0,0.937,1710600.205
2010-18-07 23:00:00,0.4,1.443,1728515.543
2010-19-07 00:00:00,0.2,1.409,1748052.098
2010-19-07 01:00:00,1.2,1.063,1766150.34
2010-19-07 02:00:00,0,0.491,1781421.832
2010-19-07 03:00:00,0,-0.161,1793229.121
2010-19-07 04:00:00,0.2,-0.891,1802996.809
2010-19-07 05:00:00,0,-1.464,1811695.855
2010-19-07 06:00:00,0,-1.518,1820106.258
2010-19-07 07:00:00,0,-1.191,1828509.988
2010-19-07 08:00:00,0,-0.708,1837048.906
2010-19-07 09:00:00,0,-0.256,1845939.34
2010-19-07 10:00:00,0,0.388,1855291.672
2010-19-07 11:00:00,0,1.132,1866460.105
2010-19-07 12:00:00,0,1.404,1881184.977
2010-19-07 13:00:00,0,1.262,1896676.84
2010-19-07 14:00:00,0,0.832,1910441.242
2010-19-07 15:00:00,0.2,0.228,1921204.117
2010-19-07 16:00:00,0,-0.369,1929424.598
2010-19-07 17:00:00,0,-0.974,1936290.648
2010-19-07 18:00:00,0.2,-1.257,1942173.332
2010-19-07 19:00:00,0,-1.141,1947447.379
2010-19-07 20:00:00,0,-0.855,1952283.531
2010-19-07 21:00:00,0,-0.404,1956823.484
2010-19-07 22:00:00,0,0.092,1961451.855
2010-19-07 23:00:00,0,0.682,1966834.008
2010-20-07 00:00:00,0,1.09,1974245.344
2010-20-07 01:00:00,0,1.152,1983472.84
2010-20-07 02:00:00,0,0.956,1992429.758
2010-20-07 03:00:00,0.8,0.478,1999723.609
2010-20-07 04:00:00,1.4,-0.086,2004191.941
2010-20-07 05:00:00,0,-0.748,2006904.852
2010-20-07 06:00:00,0,-1.1,2008781.879
2010-20-07 07:00:00,0,-1.21,2010276.559
2010-20-07 08:00:00,0,-1.101,2011617.324
2010-20-07 09:00:00,0,-0.647,2012917.363
2010-20-07 10:00:00,0,-0.243,2014321.518
2010-20-07 11:00:00,0,0.253,2015992.92
2010-20-07 12:00:00,0,0.921,2018794.199
2010-20-07 13:00:00,0,1.192,2024564.193
2010-20-07 14:00:00,0,1.164,2031369.621
2010-20-07 15:00:00,0,0.841,2037331.182
2010-20-07 16:00:00,0,0.353,2041061.443
2010-20-07 17:00:00,0,-0.172,2042429.98
2010-20-07 18:00:00,0,-0.68,2042372.787
2010-20-07 19:00:00,0,-1.083,2041635.364
2010-20-07 20:00:00,3.6,-1.107,2040426.814
2010-20-07 21:00:00,3.6,-0.901,2039641.65
2010-20-07 22:00:00,0.2,-0.493,2043844.911
2010-20-07 23:00:00,0.2,-0.132,2063224.063
2010-21-07 00:00:00,0,0.418,2086725.386
2010-21-07 01:00:00,0.8,0.878,2109576.146
2010-21-07 02:00:00,1.8,1.124,2133357.038
2010-21-07 03:00:00,1.4,0.911,2160882.708
2010-21-07 04:00:00,1,0.539,2187784.807
2010-21-07 05:00:00,0.6,0.084,2212364.225
2010-21-07 06:00:00,0,-0.448,2236173.824
2010-21-07 07:00:00,1,-0.968,2260312.438
2010-21-07 08:00:00,0.8,-1.192,2284894.602
2010-21-07 09:00:00,0.6,-1.069,2309822.742
2010-21-07 10:00:00,0.2,-0.742,2334812.301
2010-21-07 11:00:00,0,-0.361,2359523.344
2010-21-07 12:00:00,0,0.129,2383809.094
2010-21-07 13:00:00,1.2,0.721,2408386.867
2010-21-07 14:00:00,0.4,1.191,2434941.828
2010-21-07 15:00:00,2.8,1.147,2463663.742
2010-21-07 16:00:00,1.2,0.9,2493358.227
2010-21-07 17:00:00,0.4,0.437,2522871.125
2010-21-07 18:00:00,0.8,-0.119,2551498.734
2010-21-07 19:00:00,1.4,-0.695,2579939.016
2010-21-07 20:00:00,0.6,-1.108,2608462.305
2010-21-07 21:00:00,0.4,-1.313,2638264.188
2010-21-07 22:00:00,0.4,-1.236,2671977.742
2010-21-07 23:00:00,0,-0.885,2710095.477
2010-22-07 00:00:00,0.2,-0.417,2752624.383
2010-22-07 01:00:00,0,0.16,2798310.383
2010-22-07 02:00:00,0,0.631,2846391.742
2010-22-07 03:00:00,0,0.851,2895432.961
2010-22-07 04:00:00,0,0.799,2943936.461
2010-22-07 05:00:00,0,0.508,2990373.867
2010-22-07 06:00:00,0,-0.023,3034664.133
2010-22-07 07:00:00,0,-0.572,3077936.734
2010-22-07 08:00:00,0,-1.127,3120760.453
2010-22-07 09:00:00,0,-1.406,3162483.883
2010-22-07 10:00:00,0,-1.372,3202765.828
2010-22-07 11:00:00,0,-1.075,3241518.539
2010-22-07 12:00:00,0,-0.648,3278422.945
2010-22-07 13:00:00,0,-0.102,3313456.906
2010-22-07 14:00:00,0,0.599,3347226.539
2010-22-07 15:00:00,0,1.04,3381308.508
2010-22-07 16:00:00,0,1.104,3415854.203
2010-22-07 17:00:00,0,0.781,3448760.43
2010-22-07 18:00:00,0,0.344,3478731.25
2010-22-07 19:00:00,0,-0.252,3505410.617
2010-22-07 20:00:00,0,-0.945,3529470.906
2010-22-07 21:00:00,0,-1.448,3551821.82
2010-22-07 22:00:00,0,-1.645,3572880.289
2010-22-07 23:00:00,0,-1.523,3592859.031
2010-23-07 00:00:00,0,-1.041,3611929.563
2010-23-07 01:00:00,0,-0.561,3630420.695
2010-23-07 02:00:00,0,0.014,3648839.625
2010-23-07 03:00:00,0,0.648,3667924.688
2010-23-07 04:00:00,0,0.953,3688754.578
2010-23-07 05:00:00,0,0.929,3710412.703
2010-23-07 06:00:00,0,0.597,3731232.266
2010-23-07 07:00:00,0,0.025,3749938.125
2010-23-07 08:00:00,0,-0.586,3766285.531
2010-23-07 09:00:00,0,-1.124,3781361.297
2010-23-07 10:00:00,0,-1.501,3795751.203
2010-23-07 11:00:00,0,-1.422,3809701.094
2010-23-07 12:00:00,0,-1.066,3823252.266
2010-23-07 13:00:00,0,-0.482,3836402.266
2010-23-07 14:00:00,0,0.178,3849449.063
2010-23-07 15:00:00,0,0.877,3863599.109
2010-23-07 16:00:00,0,1.284,3880719.813
2010-23-07 17:00:00,0,1.393,3899125.641
2010-23-07 18:00:00,0,1.057,3916840.656
2010-23-07 19:00:00,0,0.41,3932315.734
2010-23-07 20:00:00,0,-0.276,3944746.75
2010-23-07 21:00:00,0,-1.011,3954997.719
2010-23-07 22:00:00,0,-1.579,3964140.063
2010-23-07 23:00:00,0,-1.787,3972547.156
2010-24-07 00:00:00,0,-1.5,3980665.219
2010-24-07 01:00:00,0,-1.002,3988579.125
2010-24-07 02:00:00,0,-0.358,3996263.906
2010-24-07 03:00:00,0.2,0.344,4004188.906
2010-24-07 04:00:00,0.2,0.975,4013718.109
2010-24-07 05:00:00,0.2,1.224,4025584.891
2010-24-07 06:00:00,0,1.218,4037940.813
2010-24-07 07:00:00,0,0.712,4049331.031
2010-24-07 08:00:00,0.2,0.028,4058176.844
2010-24-07 09:00:00,0.6,-0.752,4064420.469
2010-24-07 10:00:00,0,-1.256,4069218.781
2010-24-07 11:00:00,0,-1.643,4073427.578
2010-24-07 12:00:00,0,-1.49,4077290.922
2010-24-07 13:00:00,0,-0.958,4080950.203
2010-24-07 14:00:00,0,-0.247,4084394.469
2010-24-07 15:00:00,0,0.406,4088124.797
2010-24-07 16:00:00,0,1.134,4093739.172
2010-24-07 17:00:00,0,1.502,4102326.094
2010-24-07 18:00:00,0,1.549,4111837.016
2010-24-07 19:00:00,0,1.044,4120454.938
2010-24-07 20:00:00,0,0.187,4126335.516
2010-24-07 21:00:00,0,-0.543,4129059.359
2010-24-07 22:00:00,0,-1.292,4130042.844
2010-24-07 23:00:00,0,-1.979,4130200.453
2010-25-07 00:00:00,0,-1.847,4129960.719
2010-25-07 01:00:00,0,-1.474,4129495.906
2010-25-07 02:00:00,0,-0.881,4128861.75
2010-25-07 03:00:00,0,-0.163,4128165.828
2010-25-07 04:00:00,0,0.657,4128095.438
2010-25-07 05:00:00,0,1.197,4130801.172
2010-25-07 06:00:00,0,1.423,4135609.953
2010-25-07 07:00:00,0,1.134,4140452.141
2010-25-07 08:00:00,0,0.517,4143430.75
2010-25-07 09:00:00,0,-0.219,4143598.406
2010-25-07 10:00:00,0,-1.009,4141608.453
2010-25-07 11:00:00,0,-1.674,4138494.625
2010-25-07 12:00:00,0,-1.839,4134933.078
2010-25-07 13:00:00,0,-1.396,4131195.672
2010-25-07 14:00:00,0,-0.782,4127339.273
2010-25-07 15:00:00,0,-0.012,4123538.672
2010-25-07 16:00:00,0,0.778,4120743.289
2010-25-07 17:00:00,0,1.373,4121116.703
2010-25-07 18:00:00,0,1.742,4123859.094
2010-25-07 19:00:00,0,1.546,4127276.492
2010-25-07 20:00:00,0,0.798,4129015.203
2010-25-07 21:00:00,0,-0.075,4127499.891
2010-25-07 22:00:00,0,-0.868,4123232.352
2010-25-07 23:00:00,0,-1.823,4117660.594
2010-26-07 00:00:00,0,-2.164,4111580.648
2010-26-07 01:00:00,0,-1.912,4105337.32
2010-26-07 02:00:00,0,-1.382,4098981.898
2010-26-07 03:00:00,0,-0.636,4092477.289
2010-26-07 04:00:00,0,0.117,4086157.609
2010-26-07 05:00:00,0,0.864,4081278.07
2010-26-07 06:00:00,0,1.456,4079707.516
2010-26-07 07:00:00,0,1.468,4079821.527
2010-26-07 08:00:00,0,0.925,4079118.023
2010-26-07 09:00:00,0,0.204,4075949.074
2010-26-07 10:00:00,0,-0.6,4070095.656
2010-26-07 11:00:00,0,-1.44,4062703.426
2010-26-07 12:00:00,0,-1.905,4054665.512
2010-26-07 13:00:00,0,-1.841,4046420.066
2010-26-07 14:00:00,0,-1.261,4038094.984
2010-26-07 15:00:00,0,-0.485,4029767.074
2010-26-07 16:00:00,0,0.366,4021897.938
2010-26-07 17:00:00,0,1.158,4016406.508
2010-26-07 18:00:00,0.2,1.703,4014503.031
2010-26-07 19:00:00,0.4,1.863,4014291.219
2010-26-07 20:00:00,0,1.395,4013761.059
2010-26-07 21:00:00,0,0.475,4010652.492
2010-26-07 22:00:00,0.2,-0.373,4004104.797
2010-26-07 23:00:00,0,-1.349,3995466.158
2010-27-07 00:00:00,0,-2.156,3985980.006
2010-27-07 01:00:00,0,-2.204,3976255.85
2010-27-07 02:00:00,0,-1.682,3966430.334
2010-27-07 03:00:00,0,-1.109,3956414.063
2010-27-07 04:00:00,0,-0.216,3946346.869
2010-27-07 05:00:00,0,0.591,3937096.515
2010-27-07 06:00:00,0,1.234,3930750.615
2010-27-07 07:00:00,0,1.639,3927239.181
2010-27-07 08:00:00,0,1.462,3924604.534
2010-27-07 09:00:00,0,0.669,3920424.237
2010-27-07 10:00:00,0,-0.132,3913162.491
2010-27-07 11:00:00,0,-0.962,3903568.941
2010-27-07 12:00:00,0.2,-1.812,3892870.927
2010-27-07 13:00:00,0,-1.966,3881820.074
2010-27-07 14:00:00,0,-1.584,3870709.912
2010-27-07 15:00:00,0,-1.018,3859591.296
2010-27-07 16:00:00,0,-0.064,3848612.385
2010-27-07 17:00:00,0,0.847,3839061.667
2010-27-07 18:00:00,0,1.4,3833058.412
2010-27-07 19:00:00,0,1.855,3829350.501
2010-27-07 20:00:00,0,1.74,3826613.661
2010-27-07 21:00:00,0,0.945,3822375.336
2010-27-07 22:00:00,0,0.165,3814946.25
2010-27-07 23:00:00,0,-0.767,3804726.66
2010-28-07 00:00:00,0.2,-1.839,3792988.569
2010-28-07 01:00:00,0,-2.24,3780723.375
2010-28-07 02:00:00,0,-1.95,3768348.704
2010-28-07 03:00:00,0.4,-1.443,3755898.976
2010-28-07 04:00:00,0,-0.63,3743384.528
2010-28-07 05:00:00,0,0.167,3731146.025
2010-28-07 06:00:00,0,0.908,3720514.771
2010-28-07 07:00:00,0,1.535,3713418.003
2010-28-07 08:00:00,0,1.59,3708322.438
2010-28-07 09:00:00,0.2,1.137,3702805.247
2010-28-07 10:00:00,0,0.308,3695067.201
2010-28-07 11:00:00,0,-0.58,3684393.077
2010-28-07 12:00:00,0,-1.411,3672041.211
2010-28-07 13:00:00,0,-1.967,3659139.312
2010-28-07 14:00:00,0,-1.904,3646120.112
2010-28-07 15:00:00,0,-1.318,3633084.809
2010-28-07 16:00:00,0,-0.558,3620091.562
2010-28-07 17:00:00,0,0.343,3607567.632
2010-28-07 18:00:00,0,1.14,3597455.324
2010-28-07 19:00:00,0,1.695,3591147.848
2010-28-07 20:00:00,0,1.852,3586743.143
2010-28-07 21:00:00,0,1.485,3582284.998
2010-28-07 22:00:00,0,0.593,3575551.502
2010-28-07 23:00:00,0,-0.355,3565335.676
2010-29-07 00:00:00,0,-1.266,3552722.938
2010-29-07 01:00:00,0,-2.097,3539170.175
2010-29-07 02:00:00,0,-2.24,3525385.946
2010-29-07 03:00:00,0,-1.753,3511593.815
2010-29-07 04:00:00,0,-1.159,3497836.003
2010-29-07 05:00:00,0,-0.283,3484145.077
2010-29-07 06:00:00,0,0.581,3471113.708
2010-29-07 07:00:00,0,1.127,3460789.009
2010-29-07 08:00:00,0,1.472,3453062.659
2010-29-07 09:00:00,0,1.397,3446213.39
2010-29-07 10:00:00,0,0.648,3438159.764
2010-29-07 11:00:00,0,-0.184,3427149.944
2010-29-07 12:00:00,0,-0.971,3413842.236
2010-29-07 13:00:00,0,-1.817,3399556.397
2010-29-07 14:00:00,0,-1.988,3385020.789
2010-29-07 15:00:00,0,-1.536,3370465.798
2010-29-07 16:00:00,0,-1.061,3355927.404
2010-29-07 17:00:00,0,-0.162,3341496.087
2010-29-07 18:00:00,0,0.781,3328037.799
2010-29-07 19:00:00,0,1.345,3318196.729
2010-29-07 20:00:00,0,1.673,3310961.419
2010-29-07 21:00:00,0,1.724,3304740.442
2010-29-07 22:00:00,0,1.061,3297633.101
2010-29-07 23:00:00,0,0.07,3287422.11
2010-30-07 00:00:00,0,-0.7,3274025.511
2010-30-07 01:00:00,0,-1.673,3259157.262
2010-30-07 02:00:00,0,-2.11,3243881.9
2010-30-07 03:00:00,0,-1.849,3228555.233
2010-30-07 04:00:00,0,-1.353,3213215.27
2010-30-07 05:00:00,0.4,-0.584,3197907.466
2010-30-07 06:00:00,0.4,0.28,3182968.235
2010-30-07 07:00:00,2.2,0.89,3169849.447
2010-30-07 08:00:00,2.2,1.46,3160072.047
2010-30-07 09:00:00,0,1.623,3152546.715
2010-30-07 10:00:00,0.8,1.148,3145098.357
2010-30-07 11:00:00,0,0.372,3135508.183
2010-30-07 12:00:00,0,-0.458,3123114.077
2010-30-07 13:00:00,0,-1.249,3108954.152
2010-30-07 14:00:00,0,-1.729,3094193.107
2010-30-07 15:00:00,0,-1.639,3079317.308
2010-30-07 16:00:00,0,-1.248,3064471.405
2010-30-07 17:00:00,0,-0.584,3049707.183
2010-30-07 18:00:00,0,0.347,3035342.2
2010-30-07 19:00:00,0,0.944,3023034.716
2010-30-07 20:00:00,0,1.492,3014127.357
2010-30-07 21:00:00,0,1.724,3007470.536
2010-30-07 22:00:00,0,1.358,3001161.475
2010-30-07 23:00:00,0,0.571,2992876.345
2010-31-07 00:00:00,0.2,-0.191,2981681.519
2010-31-07 01:00:00,0,-1.045,2968428.689
2010-31-07 02:00:00,0,-1.826,2954348.913
2010-31-07 03:00:00,0,-1.948,2940048.883
2010-31-07 04:00:00,0,-1.532,2925681.882
2010-31-07 05:00:00,0,-0.906,2911266.013
2010-31-07 06:00:00,0,-0.128,2897013.572
2010-31-07 07:00:00,0,0.469,2883559.119
2010-31-07 08:00:00,0,1.126,2872353.228
2010-31-07 09:00:00,0,1.468,2864262.397
2010-31-07 10:00:00,0,1.373,2857195.616
2010-31-07 11:00:00,0,0.723,2848989.167
2010-31-07 12:00:00,0.2,-0.029,2838087.959
2010-31-07 13:00:00,0,-0.73,2824952.46
2010-31-07 14:00:00,0,-1.44,2810952.393
2010-31-07 15:00:00,0,-1.684,2796745.943
2010-31-07 16:00:00,0,-1.393,2782543.853
2010-31-07 17:00:00,0,-0.923,2768353.102
2010-31-07 18:00:00,0,-0.172,2754324.443
2010-31-07 19:00:00,0,0.495,2741115.426
2010-31-07 20:00:00,0,1.02,2730199.903
2010-31-07 21:00:00,0,1.484,2722314.533
2010-31-07 22:00:00,0,1.453,2715895.277
2010-31-07 23:00:00,0,0.864,2708541.988
08/01/2010 00:00,0,0.147,2698521.007
08/01/2010 01:00,0,-0.502,2685877.15
08/01/2010 02:00,0,-1.399,2671979.792
08/01/2010 03:00,0,-1.842,2657592.169
08/01/2010 04:00,0,-1.675,2642992.93
08/01/2010 05:00,0,-1.224,2628279.239
08/01/2010 06:00,0,-0.58,2613646.544
08/01/2010 07:00,0,0.033,2599355.528
08/01/2010 08:00,0,0.594,2586037.804
08/01/2010 09:00,0,1.12,2575131.266
08/01/2010 10:00,0,1.267,2566660.919
08/01/2010 11:00,0,0.914,2558169.842
08/01/2010 12:00,0,0.331,2547819.652
08/01/2010 13:00,0,-0.359,2535050.145
08/01/2010 14:00,0,-1.017,2520847.662
08/01/2010 15:00,0,-1.433,2506062.1
08/01/2010 16:00,0,-1.449,2491114.504
08/01/2010 17:00,0,-1.135,2476171.94
08/01/2010 18:00,0,-0.655,2461320.776
08/01/2010 19:00,0,0,2446756.021
08/01/2010 20:00,0,0.557,2433150.749
08/01/2010 21:00,0,1.05,2421777.553
08/01/2010 22:00,0,1.247,2412807.26
08/01/2010 23:00,0,1.043,2404099.992
08/02/2010 00:00,0,0.474,2393976.451
08/02/2010 01:00,0,-0.096,2381337.182
08/02/2010 02:00,0,-0.812,2366998.217
08/02/2010 03:00,0,-1.581,2351825.48
08/02/2010 04:00,0,-1.67,2336335.063
08/02/2010 05:00,0,-1.3,2320800.333
08/02/2010 06:00,0,-1.005,2305327.799
08/02/2010 07:00,0,-0.392,2289976.781
08/02/2010 08:00,0,0.161,2275044.531
08/02/2010 09:00,0,0.651,2261247.45
08/02/2010 10:00,0,1.018,2249648.304
08/02/2010 11:00,0,1.077,2239791.866
08/02/2010 12:00,0.8,0.483,2229356.014
08/02/2010 13:00,0.4,0.014,2216376.645
08/02/2010 14:00,0,-0.413,2201903.757
08/02/2010 15:00,0,-0.982,2186760.002
08/02/2010 16:00,0,-1.329,2171257.704
08/02/2010 17:00,0,-1.208,2155654.701
08/02/2010 18:00,0,-0.875,2140088.561
08/02/2010 19:00,0,-0.376,2124674.215
08/02/2010 20:00,0.2,0.178,2109721.909
08/02/2010 21:00,0.2,0.529,2095847.486
08/02/2010 22:00,0,0.903,2083571.779
08/02/2010 23:00,0.2,1.112,2073425.094
08/03/2010 00:00,0,0.835,2063718.806
08/03/2010 01:00,0,0.308,2052392.963
08/03/2010 02:00,0,-0.236,2038816.503
08/03/2010 03:00,0,-0.852,2024057.564
08/03/2010 04:00,0,-1.28,2008720.597
08/03/2010 05:00,0,-1.277,1993206.544
08/03/2010 06:00,0,-1.031,1977700.771
08/03/2010 07:00,0,-0.689,1962282.6
08/03/2010 08:00,0,-0.244,1947087.227
08/03/2010 09:00,0,0.325,1932479.604
08/03/2010 10:00,0,0.677,1919245.764
08/03/2010 11:00,0,0.888,1907813.455
08/03/2010 12:00,0,0.87,1897664.763
08/03/2010 13:00,0,0.521,1887076.001
08/03/2010 14:00,0,0.047,1874706.567
08/03/2010 15:00,0,-0.407,1861081.721
08/03/2010 16:00,0,-0.797,1846774.304
08/03/2010 17:00,0,-1.083,1832150.012
08/03/2010 18:00,0,-0.959,1817432.266
08/03/2010 19:00,0,-0.732,1802776.81
08/03/2010 20:00,0,-0.329,1788303.166
08/03/2010 21:00,0.4,0.079,1774261.35
08/03/2010 22:00,1.4,0.52,1761107.398
08/03/2010 23:00,1,0.845,1749568.452
08/04/2010 00:00,0,1.072,1740183.061
08/04/2010 01:00,0.2,0.766,1731466.815
08/04/2010 02:00,0,0.263,1720934.822
08/04/2010 03:00,0.4,-0.095,1708519.99
08/04/2010 04:00,0.2,-0.712,1695248.585
08/04/2010 05:00,0,-1.059,1681412.911
08/04/2010 06:00,0,-1.008,1667432.146
08/04/2010 07:00,0,-0.895,1653546.441
08/04/2010 08:00,0,-0.607,1639988.046
08/04/2010 09:00,0,-0.084,1627252.691
08/04/2010 10:00,0,0.197,1615917.684
08/04/2010 11:00,0,0.603,1606161.095
08/04/2010 12:00,0,0.826,1598549.442
08/04/2010 13:00,0,0.757,1592595.32
08/04/2010 14:00,0,0.476,1586137.394
08/04/2010 15:00,0,0.164,1578301.89
08/04/2010 16:00,0,-0.348,1569402.394
08/04/2010 17:00,0,-0.734,1559587.969
08/04/2010 18:00,0,-0.959,1549353.57
08/04/2010 19:00,0,-0.941,1538988.027
08/04/2010 20:00,0,-0.841,1528513.917
08/04/2010 21:00,0,-0.541,1517937.604
08/04/2010 22:00,0,-0.202,1507403.584
08/04/2010 23:00,0,0.248,1497203.168
08/05/2010 00:00,0,0.614,1487948.343
08/05/2010 01:00,0,0.684,1479819.621
08/05/2010 02:00,0,0.603,1471777.401
08/05/2010 03:00,0,0.233,1462938.149
08/05/2010 04:00,0,-0.167,1452796.62
08/05/2010 05:00,0,-0.479,1441728.347
08/05/2010 06:00,0,-0.818,1430115.556
08/05/2010 07:00,0,-1.043,1418127.385
08/05/2010 08:00,0,-0.863,1405946.861
08/05/2010 09:00,0,-0.595,1393782.02
08/05/2010 10:00,0,-0.333,1381770.687
08/05/2010 11:00,0,0.126,1370088.125
08/05/2010 12:00,0,0.572,1359384.284
08/05/2010 13:00,0,0.805,1350299.514
08/05/2010 14:00,0,0.856,1342344.516
08/05/2010 15:00,0,0.703,1334436.922
08/05/2010 16:00,0,0.329,1325359.138
08/05/2010 17:00,0,-0.116,1314883.364
08/05/2010 18:00,0,-0.458,1303375.408
08/05/2010 19:00,0,-0.898,1291253.173
08/05/2010 20:00,0,-0.968,1278674.031
08/05/2010 21:00,0,-0.927,1265957.569
08/05/2010 22:00,0,-0.667,1253225.722
08/05/2010 23:00,0,-0.197,1240626.516
08/06/2010 00:00,0.201,0.308,1228635.525
08/06/2010 01:00,0,0.641,1217942.56
08/06/2010 02:00,0,0.899,1208762.849
08/06/2010 03:00,0.402,0.87,1200802.316
08/06/2010 04:00,0.603,0.579,1192237.237
08/06/2010 05:00,0.402,0.193,1182100.278
08/06/2010 06:00,0.402,-0.269,1170719.095
08/06/2010 07:00,0,-0.782,1158462.398
08/06/2010 08:00,0,-0.909,1145718.978
08/06/2010 09:00,0.201,-0.899,1132863.964
08/06/2010 10:00,0,-0.746,1120050.321
08/06/2010 11:00,0.402,-0.362,1107418.586
08/06/2010 12:00,0,0.135,1095315.24
08/06/2010 13:00,1.608,0.66,1084480.308
08/06/2010 14:00,0.603,1.076,1076097.23
08/06/2010 15:00,1.407,1.173,1070230.352
08/06/2010 16:00,0.603,0.959,1064627.773
08/06/2010 17:00,0.402,0.623,1057675.829
08/06/2010 18:00,0.201,0.184,1048919.164
08/06/2010 19:00,1.206,-0.52,1038893.945
08/06/2010 20:00,1.005,-1.026,1027945.383
08/06/2010 21:00,0.402,-1.239,1016767.642
08/06/2010 22:00,0,-1.172,1005689.61
08/06/2010 23:00,0,-0.888,994877.4991
08/07/2010 00:00,0.201,-0.452,984521.7801
08/07/2010 01:00,0,0.132,974957.5194
08/07/2010 02:00,0,0.726,967219.0966
08/07/2010 03:00,0,1.067,962774.5245
08/07/2010 04:00,0,1.002,960863.8507
08/07/2010 05:00,0,0.748,958769.9945
08/07/2010 06:00,0,0.212,955012.98
08/07/2010 07:00,0,-0.354,949719.5895
08/07/2010 08:00,0,-0.964,943519.3855
08/07/2010 09:00,0,-1.386,936892.3493
08/07/2010 10:00,0,-1.39,930109.8974
08/07/2010 11:00,0.201,-1.145,923275.5177
08/07/2010 12:00,0,-0.637,916403.4975
08/07/2010 13:00,0,-0.015,909815.6002
08/07/2010 14:00,0,0.636,904323.2077
08/07/2010 15:00,0,1.126,901453.9061
08/07/2010 16:00,0,1.272,901236.1776
08/07/2010 17:00,0,1.105,901214.1175
08/07/2010 18:00,0,0.635,899392.4396
08/07/2010 19:00,0,-0.106,894530.3758
08/07/2010 20:00,0,-0.851,887586.5822
08/07/2010 21:00,0,-1.528,879599.1811
08/07/2010 22:00,0,-1.867,871162.6313
08/07/2010 23:00,0,-1.707,862566.4551
08/08/2010 00:00,0,-1.305,853846.9072
08/08/2010 01:00,0,-0.678,845010.3608
08/08/2010 02:00,0,0.229,836380.2109
08/08/2010 03:00,0,0.808,829553.023
08/08/2010 04:00,0,1.197,825657.2785
08/08/2010 05:00,0,1.336,823946.2128
08/08/2010 06:00,0,0.976,822010.9667
08/08/2010 07:00,0,0.173,816998.0356
08/08/2010 08:00,0,-0.532,808955.7356
08/08/2010 09:00,0,-1.183,799507.5997
08/08/2010 10:00,0,-1.727,789465.2251
08/08/2010 11:00,0,-1.686,779257.2383
08/08/2010 12:00,0,-1.244,769061.2155
08/08/2010 13:00,0,-0.589,758905.2347
08/08/2010 14:00,0,0.172,749068.6756
08/08/2010 15:00,0,1.064,741236.0097
08/08/2010 16:00,0,1.611,738437.8916
08/08/2010 17:00,0,1.734,738750.6481
08/08/2010 18:00,0,1.501,738865.3232
08/08/2010 19:00,0,0.737,736041.0878
08/08/2010 20:00,0,-0.061,728876.3558
08/08/2010 21:00,0,-1.02,719335.446
08/08/2010 22:00,0.603,-1.833,708701.4164
08/08/2010 23:00,0,-2.114,697776.7172
08/09/2010 00:00,0,-1.823,686824.0785
08/09/2010 01:00,0,-1.28,675937.7006
08/09/2010 02:00,0.402,-0.355,665163.3494
08/09/2010 03:00,0.402,0.538,655091.6307
08/09/2010 04:00,0,1.299,648559.939
08/09/2010 05:00,0.603,1.809,647268.8136
08/09/2010 06:00,0.402,1.78,648684.0231
08/09/2010 07:00,0.201,1.144,648097.6122
08/09/2010 08:00,0,0.182,642633.1852
08/09/2010 09:00,0,-0.588,633578.0927
08/09/2010 10:00,0,-1.505,623082.6555
08/09/2010 11:00,0,-2.061,612093.8562
08/09/2010 12:00,0,-1.888,601060.3011
08/09/2010 13:00,0.201,-1.298,590129.6981
08/09/2010 14:00,0,-0.364,579393.1672
08/09/2010 15:00,0,0.54,569559.8013
08/09/2010 16:00,0,1.452,563840.1577
08/09/2010 17:00,0,2.045,564894.6614
08/09/2010 18:00,0,2.173,570556.9817
08/09/2010 19:00,0,1.631,574700.3315
08/09/2010 20:00,0,0.673,572520.8337
08/09/2010 21:00,0,-0.36,565193.2412
08/09/2010 22:00,0,-1.411,555403.0236
08/09/2010 23:00,0,-2.365,544803.7458
08/10/2010 00:00,0,-2.483,534110.2557
08/10/2010 01:00,0,-2.052,523504.1088
08/10/2010 02:00,0,-1.137,513008.9886
08/10/2010 03:00,0,-0.108,502651.886
08/10/2010 04:00,0,0.939,493772.6641
08/10/2010 05:00,0,1.845,491492.8727
08/10/2010 06:00,0,2.287,497273.7268
08/10/2010 07:00,0,2.021,506583.0726
08/10/2010 08:00,0,1.18,508337.6223
08/10/2010 09:00,0,0.162,503286.8356
08/10/2010 10:00,0.804,-0.947,494446.195
08/10/2010 11:00,0,-2.044,484056.649
08/10/2010 12:00,0,-2.373,473309.3218
08/10/2010 13:00,0,-1.997,462627.4528
08/10/2010 14:00,0,-1.239,452104.7345
08/10/2010 15:00,0,-0.149,441849.3812
08/10/2010 16:00,0,0.922,433002.4952
08/10/2010 17:00,0,1.828,431077.5941
08/10/2010 18:00,0,2.448,439420.7949
08/10/2010 19:00,0,2.36,454343.5662
08/10/2010 20:00,0,1.525,462178.387
08/10/2010 21:00,0,0.445,459097.9489
08/10/2010 22:00,0,-0.659,451118.4102
08/10/2010 23:00,0,-2.03,441030.5896
08/11/2010 00:00,0,-2.841,430345.6839
08/11/2010 01:00,0,-2.736,419704.8434
08/11/2010 02:00,0,-2.149,409232.7622
08/11/2010 03:00,0,-1.037,398970.2181
08/11/2010 04:00,0,0.054,389041.3876
08/11/2010 05:00,0,1.153,381378.0537
08/11/2010 06:00,0,2.06,382941.7479
08/11/2010 07:00,0,2.407,395177.6398
08/11/2010 08:00,0,1.858,407619.4949
08/11/2010 09:00,0,0.866,408465.9497
08/11/2010 10:00,0,-0.276,402455.5929
08/11/2010 11:00,0,-1.474,393414.098
08/11/2010 12:00,0,-2.508,383347.4511
08/11/2010 13:00,0,-2.666,373248.899
08/11/2010 14:00,0,-2.039,363363.7306
08/11/2010 15:00,0.402,-1.105,353749.3459
08/11/2010 16:00,0,0.073,344571.6584
08/11/2010 17:00,0,1.183,337795.8764
08/11/2010 18:00,0,2.108,341647.5313
08/11/2010 19:00,0.201,2.538,355635.4708
08/11/2010 20:00,0,2.264,372228.4637
08/11/2010 21:00,0,1.301,380393.0604
08/11/2010 22:00,0,0.01,376488.3726
08/11/2010 23:00,0,-1.174,368182.309
08/12/2010 00:00,0,-2.577,358345.9197
08/12/2010 01:00,0,-3.171,348303.5386
08/12/2010 02:00,0,-2.797,338469.0579
08/12/2010 03:00,0,-2.01,329034.7509
08/12/2010 04:00,0,-0.915,320010.2516
08/12/2010 05:00,0,0.271,311565.2345
08/12/2010 06:00,0,1.466,307109.5506
08/12/2010 07:00,0,2.173,315427.6372
08/12/2010 08:00,0,2.362,330094.1909
08/12/2010 09:00,0,1.623,342892.3536
08/12/2010 10:00,0,0.445,342522.101
08/12/2010 11:00,0,-0.679,335946.6711
08/12/2010 12:00,0,-1.965,327210.0711
08/12/2010 13:00,0,-2.867,317943.0287
08/12/2010 14:00,0,-2.685,308900.3229
08/12/2010 15:00,0,-1.945,300294.3855
08/12/2010 16:00,0,-0.937,292169.6901
08/12/2010 17:00,0,0.301,284694.5467
08/12/2010 18:00,0,1.306,280773.1654
08/12/2010 19:00,0,2.144,288446.8243
08/12/2010 20:00,0,2.518,303345.8603
08/12/2010 21:00,0,1.978,319788.8735
08/12/2010 22:00,0,0.809,325042.0911
08/12/2010 23:00,0,-0.271,319956.2318
2010-13-08 00:00:00,0,-1.608,311967.3125
2010-13-08 01:00:00,0,-2.934,303063.9169
2010-13-08 02:00:00,0,-3.07,294228.1863
2010-13-08 03:00:00,0.201,-2.62,285795.9157
2010-13-08 04:00:00,0,-1.837,277895.6008
2010-13-08 05:00:00,0,-0.549,270526.3946
2010-13-08 06:00:00,0.201,0.55,264059.4718
2010-13-08 07:00:00,0,1.535,263427.6666
2010-13-08 08:00:00,0,2.165,272898.1277
2010-13-08 09:00:00,0.201,2.127,287616.0675
2010-13-08 10:00:00,0.201,1.25,298696.1488
2010-13-08 11:00:00,0,0.084,296603.8671
2010-13-08 12:00:00,0.201,-1.088,289975.5515
2010-13-08 13:00:00,0,-2.278,281903.2795
2010-13-08 14:00:00,0,-2.815,273751.1873
2010-13-08 15:00:00,0.201,-2.403,266042.3698
2010-13-08 16:00:00,0,-1.695,258936.3715
2010-13-08 17:00:00,0,-0.674,252496.0012
2010-13-08 18:00:00,0,0.525,246985.8774
2010-13-08 19:00:00,0,1.424,246497.1793
2010-13-08 20:00:00,0,2.097,255102.1855
2010-13-08 21:00:00,0,2.246,269464.5391
2010-13-08 22:00:00,0,1.59,283841.9715
2010-13-08 23:00:00,0,0.445,285735.9273
2010-14-08 00:00:00,0,-0.608,280265.9917
2010-14-08 01:00:00,0,-1.881,272821.9197
2010-14-08 02:00:00,0,-2.913,264997.2337
2010-14-08 03:00:00,0,-2.717,257515.8008
2010-14-08 04:00:00,0,-2.189,250595.1709
2010-14-08 05:00:00,0,-1.374,244333.5679
2010-14-08 06:00:00,0,-0.251,238801.7719
2010-14-08 07:00:00,0,0.712,234480.3375
2010-14-08 08:00:00,0.603,1.561,236164.6418
2010-14-08 09:00:00,0.402,2.13,245839.6253
2010-14-08 10:00:00,0.402,1.78,259737.0448
2010-14-08 11:00:00,0.201,0.798,267432.7318
2010-14-08 12:00:00,0,-0.184,264092.1588
2010-14-08 13:00:00,0,-1.171,258118.3847
2010-14-08 14:00:00,0,-2.267,251382.7089
2010-14-08 15:00:00,0,-2.509,244840.9704
2010-14-08 16:00:00,0,-1.99,238895.5797
2010-14-08 17:00:00,0,-1.254,233676.4895
2010-14-08 18:00:00,0,-0.35,229198.0795
2010-14-08 19:00:00,0.201,0.587,225694.6185
2010-14-08 20:00:00,0,1.383,226431.04
2010-14-08 21:00:00,0,1.923,234575.8334
2010-14-08 22:00:00,0,1.935,247477.8683
2010-14-08 23:00:00,0,1.173,258700.103
2010-15-08 00:00:00,0,0.166,258173.2121
2010-15-08 01:00:00,0,-0.704,253088.9701
2010-15-08 02:00:00,0,-1.84,246749.3211
2010-15-08 03:00:00,0,-2.48,240348.5694
2010-15-08 04:00:00,0,-2.229,234449.7536
2010-15-08 05:00:00,0,-1.643,229267.8696
2010-15-08 06:00:00,0,-0.883,224842.5585
2010-15-08 07:00:00,0,-0.109,221187.9547
2010-15-08 08:00:00,0,0.804,218688.8692
2010-15-08 09:00:00,0,1.544,221572.0786
2010-15-08 10:00:00,0,1.804,230959.9147
2010-15-08 11:00:00,0,1.389,242055.7865
2010-15-08 12:00:00,0,0.502,245747.8603
2010-15-08 13:00:00,0,-0.377,242262.5959
2010-15-08 14:00:00,0,-1.168,237026.7503
2010-15-08 15:00:00,0,-1.989,231437.9462
2010-15-08 16:00:00,0,-2.085,226232.0004
2010-15-08 17:00:00,0,-1.572,221680.0162
2010-15-08 18:00:00,0,-0.98,217835.7587
2010-15-08 19:00:00,0,-0.148,214677.2048
2010-15-08 20:00:00,0,0.572,212420.181
2010-15-08 21:00:00,0,1.248,213139.6512
2010-15-08 22:00:00,0,1.641,219866.9954
2010-15-08 23:00:00,0,1.45,229694.926
2010-16-08 00:00:00,0,0.836,235928.0961
2010-16-08 01:00:00,0,0.128,234198.1539
2010-16-08 02:00:00,0,-0.745,230084.682
2010-16-08 03:00:00,0,-1.64,225115.5563
2010-16-08 04:00:00,0,-1.896,220254.322
2010-16-08 05:00:00,0,-1.658,215921.9547
2010-16-08 06:00:00,0,-1.188,212230.3854
2010-16-08 07:00:00,0,-0.564,209186.4252
2010-16-08 08:00:00,0,0.043,206774.0419
2010-16-08 09:00:00,0,0.838,205312.011
2010-16-08 10:00:00,0.201,1.42,208137.9052
2010-16-08 11:00:00,0.201,1.525,216057.2583
2010-16-08 12:00:00,0.402,1.11,224074.622
2010-16-08 13:00:00,0,0.428,225748.6875
2010-16-08 14:00:00,0.201,-0.284,222731.448
2010-16-08 15:00:00,0.201,-0.929,218503.5883
2010-16-08 16:00:00,0.603,-1.552,214159.6709
2010-16-08 17:00:00,0,-1.476,210241.9863
2010-16-08 18:00:00,0.804,-1.114,206942.7383
2010-16-08 19:00:00,0.402,-0.64,204285.4562
2010-16-08 20:00:00,0.402,-0.063,202236.8137
2010-16-08 21:00:00,0.804,0.502,200883.2527
2010-16-08 22:00:00,1.005,1.153,201496.9592
2010-16-08 23:00:00,0.402,1.38,207114.1759
2010-17-08 00:00:00,0,1.155,214305.4619
2010-17-08 01:00:00,0.201,0.695,218318.5866
2010-17-08 02:00:00,0.402,0.144,217179.3894
2010-17-08 03:00:00,0.402,-0.599,214440.8422
2010-17-08 04:00:00,0,-1.261,211119.9772
2010-17-08 05:00:00,0,-1.349,207982.4124
2010-17-08 06:00:00,0,-1.161,205361.6972
2010-17-08 07:00:00,0,-0.906,203323.0771
2010-17-08 08:00:00,0,-0.372,201804.8692
2010-17-08 09:00:00,0,0.018,200766.7379
2010-17-08 10:00:00,0,0.631,200338.069
2010-17-08 11:00:00,0,1.224,202317.1645
2010-17-08 12:00:00,0,1.231,208745.1318
2010-17-08 13:00:00,0,0.774,214645.5281
2010-17-08 14:00:00,0,0.417,216378.9575
2010-17-08 15:00:00,0,-0.079,215885.968
2010-17-08 16:00:00,0,-0.707,214622.1841
2010-17-08 17:00:00,0,-1.127,213119.1713
2010-17-08 18:00:00,0,-1.172,211742.7396
2010-17-08 19:00:00,0,-0.97,210676.5839
2010-17-08 20:00:00,0.201,-0.62,209970.2997
2010-17-08 21:00:00,0,-0.288,209582.5917
2010-17-08 22:00:00,0,0.241,209486.8586
2010-17-08 23:00:00,0,0.718,209949.0074
2010-18-08 00:00:00,0,0.989,212088.8057
2010-18-08 01:00:00,0,0.967,216010.1111
2010-18-08 02:00:00,0.201,0.606,219563.3727
2010-18-08 03:00:00,0.201,0.207,220323.2766
2010-18-08 04:00:00,0,-0.267,219409.1196
2010-18-08 05:00:00,0.201,-0.729,217906.0668
2010-18-08 06:00:00,1.809,-0.906,216297.1281
2010-18-08 07:00:00,0,-0.882,214842.4003
2010-18-08 08:00:00,1.809,-0.767,213646.0238
2010-18-08 09:00:00,0,-0.318,212731.6532
2010-18-08 10:00:00,0.804,0.086,212162.0191
2010-18-08 11:00:00,1.809,0.555,212104.776
2010-18-08 12:00:00,0,1,213435.7255
2010-18-08 13:00:00,0.201,1.094,217745.4764
2010-18-08 14:00:00,0,0.923,222765.4573
2010-18-08 15:00:00,0,0.618,226595.7272
2010-18-08 16:00:00,0.804,0.181,227082.894
2010-18-08 17:00:00,0.804,-0.372,226221.8511
2010-18-08 18:00:00,0.201,-0.741,224770.3274
2010-18-08 19:00:00,0,-0.879,223351.3949
2010-18-08 20:00:00,0.201,-0.877,222231.5046
2010-18-08 21:00:00,0,-0.698,221449.679
2010-18-08 22:00:00,0,-0.421,220978.11
2010-18-08 23:00:00,0.402,0.049,220778.7403
2010-19-08 00:00:00,0,0.51,221088.1729
2010-19-08 01:00:00,0,0.779,222558.1018
2010-19-08 02:00:00,0.603,0.841,225891.1546
2010-19-08 03:00:00,0.603,0.679,230117.1058
2010-19-08 04:00:00,0,0.391,233646.5295
2010-19-08 05:00:00,0.201,0.003,235391.2158
2010-19-08 06:00:00,0,-0.387,236403.7981
2010-19-08 07:00:00,0,-0.745,237048.4127
2010-19-08 08:00:00,0,-0.863,237597.0531
2010-19-08 09:00:00,0,-0.724,238165.9562
2010-19-08 10:00:00,0,-0.398,238830.7115
2010-19-08 11:00:00,0,-0.078,239661.871
2010-19-08 12:00:00,0,0.345,240691.7915
2010-19-08 13:00:00,0,0.886,242529.3003
2010-19-08 14:00:00,0,1.124,247195.3888
2010-19-08 15:00:00,0,1.047,253585.7767
2010-19-08 16:00:00,0,0.79,259375.7665
2010-19-08 17:00:00,0,0.369,262222.6547
2010-19-08 18:00:00,0,-0.124,262106.1925
2010-19-08 19:00:00,0,-0.533,260808.2695
2010-19-08 20:00:00,0,-0.838,258949.8305
2010-19-08 21:00:00,0,-1.017,256936.798
2010-19-08 22:00:00,0.804,-0.828,254992.8641
2010-19-08 23:00:00,0,-0.458,253284.9162
2010-20-08 00:00:00,0.201,0.034,251961.6311
2010-20-08 01:00:00,0,0.422,251244.3713
2010-20-08 02:00:00,0,0.878,251923.3753
2010-20-08 03:00:00,0,1.143,255378.494
2010-20-08 04:00:00,0,1.072,260715.7858
2010-20-08 05:00:00,0,0.762,265438.5297
2010-20-08 06:00:00,0,0.458,266454.0865
2010-20-08 07:00:00,3.417,-0.023,265449.8437
2010-20-08 08:00:00,2.211,-0.481,263392.5227
2010-20-08 09:00:00,0,-0.786,261026.8461
2010-20-08 10:00:00,0,-0.742,258854.6237
2010-20-08 11:00:00,0,-0.53,257119.4637
2010-20-08 12:00:00,0,-0.13,255927.0136
2010-20-08 13:00:00,0,0.462,255456.7407
2010-20-08 14:00:00,0,0.898,257115.1128
2010-20-08 15:00:00,0,1.217,262414.1669
2010-20-08 16:00:00,0,1.247,270698.4477
2010-20-08 17:00:00,0,0.879,279004.083
2010-20-08 18:00:00,0,0.426,282910.0685
2010-20-08 19:00:00,0,-0.115,283976.9761
2010-20-08 20:00:00,0,-0.692,283705.7824
2010-20-08 21:00:00,0,-1.164,282655.6724
2010-20-08 22:00:00,0,-1.273,281299.7333
2010-20-08 23:00:00,0,-1.047,279951.3559
2010-21-08 00:00:00,0,-0.657,278771.8201
2010-21-08 01:00:00,0,-0.155,277859.8358
2010-21-08 02:00:00,0,0.374,277423.9193
2010-21-08 03:00:00,0,0.917,278802.652
2010-21-08 04:00:00,0,1.169,283333.5163
2010-21-08 05:00:00,0,1.066,289482.657
2010-21-08 06:00:00,0,0.652,294295.7265
2010-21-08 07:00:00,0,0.165,294525.4571
2010-21-08 08:00:00,1.809,-0.393,292759.892
2010-21-08 09:00:00,0.201,-0.921,289937.2158
2010-21-08 10:00:00,0.402,-1.122,286765.6024
2010-21-08 11:00:00,0.804,-1.025,283700.0928
2010-21-08 12:00:00,0,-0.588,280924.9533
2010-21-08 13:00:00,0.603,-0.125,278541.5563
2010-21-08 14:00:00,0,0.553,276911.4752
2010-21-08 15:00:00,0,1.15,278466.6057
2010-21-08 16:00:00,0,1.496,285191.9815
2010-21-08 17:00:00,0,1.448,294941.7297
2010-21-08 18:00:00,0,1.103,303022.833
2010-21-08 19:00:00,0,0.461,304951.4056
2010-21-08 20:00:00,0.201,-0.259,302877.2912
2010-21-08 21:00:00,0,-0.968,299204.9383
2010-21-08 22:00:00,0,-1.506,294957.2691
2010-21-08 23:00:00,0,-1.499,290706.6176
2010-22-08 00:00:00,0,-1.194,286761.0493
2010-22-08 01:00:00,0,-0.739,283233.1118
2010-22-08 02:00:00,0,-0.132,280230.0454
2010-22-08 03:00:00,0,0.585,278114.5949
2010-22-08 04:00:00,0,1.063,279329.9288
2010-22-08 05:00:00,0,1.28,284262.9177
2010-22-08 06:00:00,0,1.197,290872.0522
2010-22-08 07:00:00,0,0.576,294945.4776
2010-22-08 08:00:00,0.201,-0.098,293542.0574
2010-22-08 09:00:00,0.201,-0.582,290308.0304
2010-22-08 10:00:00,0,-1.184,286387.6504
2010-22-08 11:00:00,0,-1.467,282365.3656
2010-22-08 12:00:00,0,-1.178,278575.0873
2010-22-08 13:00:00,0,-0.546,275186.4608
2010-22-08 14:00:00,0,0.121,272359.8697
2010-22-08 15:00:00,1.005,0.811,270751.8036
2010-22-08 16:00:00,0.201,1.387,273961.2417
2010-22-08 17:00:00,0,1.677,282835.8489
2010-22-08 18:00:00,0,1.594,294231.7415
2010-22-08 19:00:00,0,1.025,302419.1698
2010-22-08 20:00:00,0,0.236,301933.284
2010-22-08 21:00:00,0,-0.599,297937.1724
2010-22-08 22:00:00,0,-1.299,292595.0017
2010-22-08 23:00:00,0,-1.718,286989.1697
2010-23-08 00:00:00,0,-1.546,281640.7392
2010-23-08 01:00:00,0,-1.104,276793.2704
2010-23-08 02:00:00,0,-0.361,272518.4177
2010-23-08 03:00:00,0,0.331,269025.4417
2010-23-08 04:00:00,0,1.068,267945.6424
2010-23-08 05:00:00,0,1.524,273225.301
2010-23-08 06:00:00,0,1.672,283084.1058
2010-23-08 07:00:00,5.628,1.166,292607.5406
2010-23-08 08:00:00,1.005,0.466,293613.9135
2010-23-08 09:00:00,0.402,-0.253,290301.1742
2010-23-08 10:00:00,0,-0.997,285601.7759
2010-23-08 11:00:00,0,-1.575,280632.3073
2010-23-08 12:00:00,0,-1.563,275952.8994
2010-23-08 13:00:00,0,-1.117,271808.7383
2010-23-08 14:00:00,0,-0.374,268253.4537
2010-23-08 15:00:00,0,0.399,265532.6715
2010-23-08 16:00:00,0,1.203,265900.4334
2010-23-08 17:00:00,0.201,1.693,273513.5201
2010-23-08 18:00:00,0,1.847,286168.8209
2010-23-08 19:00:00,0,1.511,299587.7595
2010-23-08 20:00:00,0,0.714,305100.8175
2010-23-08 21:00:00,0,-0.182,303325.4187
2010-23-08 22:00:00,0,-1.055,299192.3055
2010-23-08 23:00:00,0.603,-1.758,294245.1762
2010-24-08 00:00:00,1.608,-1.909,289287.0574
2010-24-08 01:00:00,3.819,-1.522,284639.0308
2010-24-08 02:00:00,0.201,-0.952,280495.1881
2010-24-08 03:00:00,1.206,-0.044,277040.5703
2010-24-08 04:00:00,0,0.632,274923.2719
2010-24-08 05:00:00,0,1.415,277893.1406
2010-24-08 06:00:00,0,1.772,288176.3227
2010-24-08 07:00:00,0,1.555,301403.2206
2010-24-08 08:00:00,0,0.921,309850.317
2010-24-08 09:00:00,0,0.089,311049.8812
2010-24-08 10:00:00,0,-0.795,310422.5333
2010-24-08 11:00:00,0,-1.629,309276.4938
2010-24-08 12:00:00,0,-1.838,308146.6613
2010-24-08 13:00:00,0,-1.603,307208.5298
2010-24-08 14:00:00,0.201,-0.989,306355.3711
2010-24-08 15:00:00,0,-0.079,305719.4074
2010-24-08 16:00:00,0,0.739,306137.0486
2010-24-08 17:00:00,0,1.494,312454.7771
2010-24-08 18:00:00,0,1.845,325515.9884
2010-24-08 19:00:00,0,1.811,341735.4064
2010-24-08 20:00:00,0,1.125,354063.5243
2010-24-08 21:00:00,0,0.223,356066.9274
2010-24-08 22:00:00,0,-0.732,353734.8982
2010-24-08 23:00:00,0,-1.723,349671.0117
2010-25-08 00:00:00,0,-2.155,345128.3195
2010-25-08 01:00:00,0,-1.889,340671.3909
2010-25-08 02:00:00,0,-1.49,336382.0252
2010-25-08 03:00:00,0,-0.674,332280.2387
2010-25-08 04:00:00,0,0.251,328599.0644
2010-25-08 05:00:00,0,1.019,327610.2287
2010-25-08 06:00:00,0,1.637,333819.011
2010-25-08 07:00:00,0,1.779,345738.2745
2010-25-08 08:00:00,0,1.216,356435.8621
2010-25-08 09:00:00,0,0.437,357861.7708
2010-25-08 10:00:00,0,-0.387,354662.4686
2010-25-08 11:00:00,0,-1.285,349602.8242
2010-25-08 12:00:00,0,-2.009,343882.3627
2010-25-08 13:00:00,0,-1.861,338128.4173
2010-25-08 14:00:00,0,-1.253,332571.7501
2010-25-08 15:00:00,0,-0.515,327321.8495
2010-25-08 16:00:00,0,0.468,322788.3027
2010-25-08 17:00:00,0,1.235,322593.7909
2010-25-08 18:00:00,0,1.88,330402.7616
2010-25-08 19:00:00,0,2.14,344431.6328
2010-25-08 20:00:00,0,1.683,359398.2294
2010-25-08 21:00:00,0,0.771,364012.7002
2010-25-08 22:00:00,0,-0.202,360538.548
2010-25-08 23:00:00,0,-1.097,354357.0296
2010-26-08 00:00:00,0,-2.044,347195.2393
2010-26-08 01:00:00,0,-2.114,339907.5816
2010-26-08 02:00:00,0,-1.708,332843.3811
2010-26-08 03:00:00,0,-0.993,326129.1057
2010-26-08 04:00:00,0,0.011,319901.0955
2010-26-08 05:00:00,0,0.766,315256.4403
2010-26-08 06:00:00,0,1.502,317120.1144
2010-26-08 07:00:00,0,1.814,326344.0857
2010-26-08 08:00:00,0,1.683,338234.8395
2010-26-08 09:00:00,0,0.947,343709.2875
2010-26-08 10:00:00,0,0.057,340809.7943
2010-26-08 11:00:00,0,-0.87,334956.6462
2010-26-08 12:00:00,0,-1.808,327908.192
2010-26-08 13:00:00,0,-2.024,320697.9597
2010-26-08 14:00:00,0,-1.608,313782.9127
2010-26-08 15:00:00,0,-0.937,307274.6427
2010-26-08 16:00:00,0,-0.06,301325.8851
2010-26-08 17:00:00,0,0.822,296850.5354
2010-26-08 18:00:00,0,1.612,299663.1172
2010-26-08 19:00:00,0,2.014,310018.1398
2010-26-08 20:00:00,0,1.884,323957.5161
2010-26-08 21:00:00,0,1.224,333253.5913
2010-26-08 22:00:00,0,0.14,331622.9452
2010-26-08 23:00:00,0,-0.751,325714.3143
2010-27-08 00:00:00,0,-1.746,318349.1057
2010-27-08 01:00:00,0,-2.265,310704.8062
2010-27-08 02:00:00,0,-2.004,303327.675
2010-27-08 03:00:00,0,-1.34,296416.0426
2010-27-08 04:00:00,0,-0.577,290051.0331
2010-27-08 05:00:00,0,0.3,284510.5867
2010-27-08 06:00:00,0,1.165,282008.1387
2010-27-08 07:00:00,0,1.628,287765.7835
2010-27-08 08:00:00,0,1.727,298005.2365
2010-27-08 09:00:00,0,1.299,307299.5684
2010-27-08 10:00:00,0,0.393,307354.0822
2010-27-08 11:00:00,0,-0.527,302492.7352
2010-27-08 12:00:00,0,-1.415,295972.31
2010-27-08 13:00:00,0,-2.069,289126.4086
2010-27-08 14:00:00,0,-1.876,282587.9694
2010-27-08 15:00:00,0,-1.325,276588.474
2010-27-08 16:00:00,0,-0.607,271192.7716
2010-27-08 17:00:00,0,0.369,266605.828
2010-27-08 18:00:00,0,1.109,264811.7251
2010-27-08 19:00:00,0,1.694,270286.458
2010-27-08 20:00:00,0,1.978,281328.6767
2010-27-08 21:00:00,0,1.485,293699.5121
2010-27-08 22:00:00,0,0.598,296632.4727
2010-27-08 23:00:00,0,-0.325,292352.0825
2010-28-08 00:00:00,0,-1.25,285983.7907
2010-28-08 01:00:00,0,-2.095,279051.5133
2010-28-08 02:00:00,0,-2.163,272342.5965
2010-28-08 03:00:00,0,-1.665,266203.0261
2010-28-08 04:00:00,0,-0.986,260758.4154
2010-28-08 05:00:00,0,-0.096,256072.1454
2010-28-08 06:00:00,0,0.683,252580.5924
2010-28-08 07:00:00,0,1.347,253610.8905
2010-28-08 08:00:00,0,1.601,260878.0165
2010-28-08 09:00:00,0,1.515,270563.112
2010-28-08 10:00:00,0,0.785,276219.4627
2010-28-08 11:00:00,0,-0.221,273401.6417
2010-28-08 12:00:00,0,-0.962,268125.4433
2010-28-08 13:00:00,0,-1.755,262192.258
2010-28-08 14:00:00,0,-2.072,256488.7059
2010-28-08 15:00:00,0,-1.616,251394.7769
2010-28-08 16:00:00,0,-1.023,247011.9036
2010-28-08 17:00:00,0,-0.192,243352.7935
2010-28-08 18:00:00,0,0.653,240672.9903
2010-28-08 19:00:00,0,1.283,241722.1201
2010-28-08 20:00:00,0,1.651,248751.1678
2010-28-08 21:00:00,0,1.658,259223.3978
2010-28-08 22:00:00,0,0.987,267689.799
2010-28-08 23:00:00,0,0.075,266340.3063
2010-29-08 00:00:00,0,-0.765,261569.0016
2010-29-08 01:00:00,0,-1.652,255808.634
2010-29-08 02:00:00,0,-2.101,250095.9324
2010-29-08 03:00:00,0,-1.833,244911.1362
2010-29-08 04:00:00,0,-1.26,240376.6325
2010-29-08 05:00:00,0,-0.499,236507.692
2010-29-08 06:00:00,0.201,0.29,233390.0967
2010-29-08 07:00:00,0,0.954,231883.6013
2010-29-08 08:00:00,0,1.443,235536.3644
2010-29-08 09:00:00,0,1.568,243752.6075
2010-29-08 10:00:00,0,1.087,251870.1067
2010-29-08 11:00:00,0,0.211,252253.4053
2010-29-08 12:00:00,0.402,-0.528,248314.5876
2010-29-08 13:00:00,0,-1.33,243348.915
2010-29-08 14:00:00,0,-1.956,238387.5726
2010-29-08 15:00:00,0,-1.794,233920.655
2010-29-08 16:00:00,0,-1.336,230101.3743
2010-29-08 17:00:00,0,-0.757,226936.766
2010-29-08 18:00:00,0,0.172,224400.0005
2010-29-08 19:00:00,0,0.824,222967.1629
2010-29-08 20:00:00,0,1.259,225271.8725
2010-29-08 21:00:00,0,1.499,231950.3381
2010-29-08 22:00:00,0,1.219,239849.3568
2010-29-08 23:00:00,0,0.436,242528.9237
2010-30-08 00:00:00,0,-0.384,239490.3045
2010-30-08 01:00:00,0,-1.193,235064.5248
2010-30-08 02:00:00,0,-1.881,230498.7483
2010-30-08 03:00:00,0,-1.941,226380.6375
2010-30-08 04:00:00,0,-1.504,222888.5317
2010-30-08 05:00:00,0,-0.955,220040.9364
2010-30-08 06:00:00,0,-0.157,217761.4495
2010-30-08 07:00:00,0,0.46,216105.8669
2010-30-08 08:00:00,0,1.073,216103.8139
2010-30-08 09:00:00,0,1.382,220730.6127
2010-30-08 10:00:00,0,1.26,227780.0516
2010-30-08 11:00:00,0,0.577,231978.8057
2010-30-08 12:00:00,0,-0.071,230027.8533
2010-30-08 13:00:00,0,-0.73,226558.5294
2010-30-08 14:00:00,0,-1.467,222764.3361
2010-30-08 15:00:00,0,-1.664,219249.3432
2010-30-08 16:00:00,0,-1.376,216237.1115
2010-30-08 17:00:00,0,-0.898,213776.9029
2010-30-08 18:00:00,0,-0.209,211817.8891
2010-30-08 19:00:00,0,0.408,210374.7919
2010-30-08 20:00:00,0,0.899,210040.3931
2010-30-08 21:00:00,0,1.337,213241.9352
2010-30-08 22:00:00,0,1.405,220326.3882
2010-30-08 23:00:00,0,0.918,226784.2206
2010-31-08 00:00:00,0,0.188,226870.4139
2010-31-08 01:00:00,0,-0.51,223659.9356
2010-31-08 02:00:00,0,-1.162,219698.2081
2010-31-08 03:00:00,0,-1.556,215857.5582
2010-31-08 04:00:00,0,-1.463,212542.0357
2010-31-08 05:00:00,0,-1.007,209812.1074
2010-31-08 06:00:00,0,-0.435,207550.8338
2010-31-08 07:00:00,0,0.206,205656.4199
2010-31-08 08:00:00,0,0.685,204393.368
2010-31-08 09:00:00,0,1.095,205022.4456
2010-31-08 10:00:00,0,1.288,209257.3223
2010-31-08 11:00:00,0,1.028,214369.7331
2010-31-08 12:00:00,0,0.408,215727.4649
2010-31-08 13:00:00,0,-0.169,213055.6789
2010-31-08 14:00:00,0,-0.777,209450.5955
2010-31-08 15:00:00,0,-1.277,205788.7456
2010-31-08 16:00:00,0,-1.3,202495.0027
2010-31-08 17:00:00,0,-0.995,199718.9321
2010-31-08 18:00:00,0,-0.674,197431.0979
2010-31-08 19:00:00,0,-0.048,195546.7048
2010-31-08 20:00:00,0,0.433,194110.08
2010-31-08 21:00:00,0,0.917,193603.676
2010-31-08 22:00:00,0,1.188,196128.7157
2010-31-08 23:00:00,0,1.027,200425.6246
09/01/2010 00:00,0,0.547,202621.6185
09/01/2010 01:00,0,0.022,200979.7052
09/01/2010 02:00,0,-0.535,198286.9384
09/01/2010 03:00,0,-1.073,195370.0777
09/01/2010 04:00,0,-1.346,192675.524
09/01/2010 05:00,0,-1.017,190387.9629
09/01/2010 06:00,0,-0.681,188494.3688
09/01/2010 07:00,0,-0.214,186925.5923
09/01/2010 08:00,0,0.268,185668.9938
09/01/2010 09:00,0,0.722,184966.9852
09/01/2010 10:00,0,1.048,185859.7916
09/01/2010 11:00,0,1.201,189610.6303
09/01/2010 12:00,0,0.798,193644.8591
09/01/2010 13:00,0,0.338,193939.2471
09/01/2010 14:00,0,-0.118,191872.273
09/01/2010 15:00,0,-0.695,189216.6025
09/01/2010 16:00,0,-0.991,186547.4053
09/01/2010 17:00,0,-1.009,184188.8199
09/01/2010 18:00,0,-0.838,182227.8339
09/01/2010 19:00,0,-0.474,180609.3874
09/01/2010 20:00,0,-0.09,179271.4647
09/01/2010 21:00,0,0.349,178230.0448
09/01/2010 22:00,0,0.74,177735.2297
09/01/2010 23:00,0,0.959,178491.6873
09/02/2010 00:00,0,0.802,180428.4895
09/02/2010 01:00,0,0.471,181378.8767
09/02/2010 02:00,0,0.014,180554.5135
09/02/2010 03:00,0,-0.458,179063.4165
09/02/2010 04:00,0,-0.862,177394.8821
09/02/2010 05:00,0,-0.947,175845.1873
09/02/2010 06:00,0,-0.812,174506.791
09/02/2010 07:00,0,-0.561,173366.293
09/02/2010 08:00,0,-0.213,172394.0127
09/02/2010 09:00,0,0.176,171588.8706
09/02/2010 10:00,0,0.641,171109.4652
09/02/2010 11:00,0,0.898,171415.0676
09/02/2010 12:00,0,0.933,173158.5546
09/02/2010 13:00,0,0.747,175041.0947
09/02/2010 14:00,0,0.359,175533.5583
09/02/2010 15:00,0,-0.068,174494.6036
09/02/2010 16:00,0,-0.493,172950.2079
09/02/2010 17:00,0,-0.852,171316.4837
09/02/2010 18:00,0,-0.925,169833.7749
09/02/2010 19:00,0,-0.787,168565.7002
09/02/2010 20:00,0,-0.608,167488.677
09/02/2010 21:00,0,-0.271,166567.1102
09/02/2010 22:00,0,0.135,165797.1525
09/02/2010 23:00,0,0.571,165313.0673
09/03/2010 00:00,0,0.813,165343.7753
09/03/2010 01:00,0,0.745,166202.8945
09/03/2010 02:00,0,0.466,166808.8803
09/03/2010 03:00,0,0.145,166517.0545
09/03/2010 04:00,0,-0.21,165707.9231
09/03/2010 05:00,0,-0.58,164681.2051
09/03/2010 06:00,0,-0.893,163646.3732
09/03/2010 07:00,0,-0.797,162704.8285
09/03/2010 08:00,0,-0.677,161876.7647
09/03/2010 09:00,0,-0.322,161150.9308
09/03/2010 10:00,0,-0.048,160523.3175
09/03/2010 11:00,0,0.393,160039.1714
09/03/2010 12:00,0,0.738,159893.4075
09/03/2010 13:00,0,0.992,160839.8862
09/03/2010 14:00,0,0.819,163162.3912
09/03/2010 15:00,0,0.523,164412.0379
09/03/2010 16:00,0,0.168,163915.7468
09/03/2010 17:00,0,-0.262,162743.6588
09/03/2010 18:00,0,-0.721,161326.5395
09/03/2010 19:00,0,-0.914,159956.3408
09/03/2010 20:00,0,-0.97,158763.7067
09/03/2010 21:00,0,-0.888,157748.2816
09/03/2010 22:00,0,-0.536,156879.5271
09/03/2010 23:00,0,-0.068,156141.7471
09/04/2010 00:00,0,0.424,155603.7362
09/04/2010 01:00,0,0.614,155451.2663
09/04/2010 02:00,0,0.859,155681.2618
09/04/2010 03:00,0,0.838,157021.964
09/04/2010 04:00,0,0.429,158059.4493
09/04/2010 05:00,0,-0.015,157671.825
09/04/2010 06:00,0,-0.346,156681.8527
09/04/2010 07:00,0.201,-0.756,155539.6266
09/04/2010 08:00,0,-0.91,154470.298
09/04/2010 09:00,0,-0.823,153544.1324
09/04/2010 10:00,0,-0.563,152754.2596
09/04/2010 11:00,0,-0.236,152078.7516
09/04/2010 12:00,0,0.336,151540.6106
09/04/2010 13:00,0,0.818,151431.5618
09/04/2010 14:00,0,1.036,153069.1292
09/04/2010 15:00,0,1.069,156352.5173
09/04/2010 16:00,0,0.775,159314.0865
09/04/2010 17:00,0,0.374,159646.7098
09/04/2010 18:00,0,-0.137,158204.1919
09/04/2010 19:00,0,-0.767,156238.7204
09/04/2010 20:00,0,-1.256,154277.9612
09/04/2010 21:00,0,-1.364,152603.338
09/04/2010 22:00,0,-1.2,151243.293
09/04/2010 23:00,0,-0.809,150141.9706
09/05/2010 00:00,0,-0.284,149242.0988
09/05/2010 01:00,0,0.356,148555.5647
09/05/2010 02:00,0,0.846,148443.1074
09/05/2010 03:00,0,1.131,150552.711
09/05/2010 04:00,0,1.011,154556.942
09/05/2010 05:00,0,0.689,157178.3508
09/05/2010 06:00,0,0.163,156550.5331
09/05/2010 07:00,0,-0.446,154702.2602
09/05/2010 08:00,0,-0.974,152539.668
09/05/2010 09:00,0,-1.249,150561.0391
09/05/2010 10:00,0,-1.239,148930.3226
09/05/2010 11:00,0,-0.774,147617.0936
09/05/2010 12:00,0,-0.283,146561.6128
09/05/2010 13:00,0,0.376,145767.6476
09/05/2010 14:00,0,1.026,145767.2687
09/05/2010 15:00,0,1.515,149618.0533
09/05/2010 16:00,0,1.586,157821.8643
09/05/2010 17:00,0.402,1.149,165992.6996
09/05/2010 18:00,0.201,0.649,167843.706
09/05/2010 19:00,0.201,-0.085,165010.5076
09/05/2010 20:00,0.603,-0.805,160861.5405
09/05/2010 21:00,0,-1.493,156623.5801
09/05/2010 22:00,0,-1.664,152942.357
09/05/2010 23:00,2.01,-1.32,150017.057
09/06/2010 00:00,0.603,-0.674,147789.2367
09/06/2010 01:00,0.201,-0.109,146155.4242
09/06/2010 02:00,0.402,0.779,145217.2758
09/06/2010 03:00,0,1.488,147250.6167
09/06/2010 04:00,0.201,1.747,155208.0127
09/06/2010 05:00,1.809,1.652,166023.7027
09/06/2010 06:00,3.216,1.072,174895.4334
09/06/2010 07:00,4.623,0.292,174231.3389
09/06/2010 08:00,4.824,-0.429,170364.2533
09/06/2010 09:00,2.211,-1.213,165960.3849
09/06/2010 10:00,0,-1.582,162343.0709
09/06/2010 11:00,0.201,-1.436,160784.4929
09/06/2010 12:00,0,-0.921,162216.4036
09/06/2010 13:00,0,-0.14,165564.0358
09/06/2010 14:00,0,0.771,169948.3219
09/06/2010 15:00,0,1.443,178931.548
09/06/2010 16:00,0,1.981,195380.262
09/06/2010 17:00,0,1.999,216725.7619
09/06/2010 18:00,0,1.499,237637.2504
09/06/2010 19:00,0,0.669,248845.5135
09/06/2010 20:00,0,-0.337,252130.2506
09/06/2010 21:00,2.412,-1.306,252554.4499
09/06/2010 22:00,3.417,-2.013,251806.0319
09/06/2010 23:00,5.427,-2.101,251026.7081
09/07/2010 00:00,1.005,-1.727,250770.5484
09/07/2010 01:00,0.603,-0.901,251685.3067
09/07/2010 02:00,0,0.03,255412.0309
09/07/2010 03:00,0.402,1.025,265507.2938
09/07/2010 04:00,0.603,1.828,292719.0114
09/07/2010 05:00,2.814,2.176,331476.5725
09/07/2010 06:00,0.603,1.879,373066.7689
09/07/2010 07:00,0,1.107,406553.2896
09/07/2010 08:00,0,0.187,428951.7323
09/07/2010 09:00,0.402,-0.796,445577.4925
09/07/2010 10:00,2.613,-1.738,459566.4126
09/07/2010 11:00,4.02,-2.026,472617.6993
09/07/2010 12:00,0.201,-1.706,486308.4995
09/07/2010 13:00,2.01,-0.883,504039.1797
09/07/2010 14:00,0.402,0.131,530497.0924
09/07/2010 15:00,0,0.997,575469.0435
09/07/2010 16:00,0.402,1.937,642441.7874
09/07/2010 17:00,0,2.479,721207.3652
09/07/2010 18:00,0,2.32,798701.0483
09/07/2010 19:00,0,1.566,862504.646
09/07/2010 20:00,0,0.556,913030.6851
09/07/2010 21:00,0,-0.641,953546.5347
09/07/2010 22:00,0,-1.812,987134.2798
09/07/2010 23:00,0,-2.412,1015568.75
09/08/2010 00:00,0,-2.368,1039758.106
09/08/2010 01:00,0,-1.764,1060189.022
09/08/2010 02:00,0,-0.664,1077330.347
09/08/2010 03:00,0.201,0.48,1092021.002
09/08/2010 04:00,0,1.44,1108115.826
09/08/2010 05:00,0,2.347,1129666.437
09/08/2010 06:00,0,2.588,1158015.208
09/08/2010 07:00,0.201,2.044,1184039.045
09/08/2010 08:00,0.201,1.007,1200858.812
09/08/2010 09:00,1.809,-0.082,1210144.835
09/08/2010 10:00,0,-1.275,1215094.077
09/08/2010 11:00,4.221,-2.273,1218403.322
09/08/2010 12:00,4.02,-2.394,1221150.337
09/08/2010 13:00,2.01,-1.709,1223850.155
09/08/2010 14:00,0.402,-0.782,1227631.637
09/08/2010 15:00,0,0.361,1235515.188
09/08/2010 16:00,0,1.441,1252777.918
09/08/2010 17:00,0,2.319,1282237.912
09/08/2010 18:00,0.201,2.693,1321546.394
09/08/2010 19:00,0,2.409,1363469.119
09/08/2010 20:00,0,1.366,1397896.957
09/08/2010 21:00,0,0.154,1424165.244
09/08/2010 22:00,0,-1.155,1444536.986
09/08/2010 23:00,0,-2.498,1461718.492
09/09/2010 00:00,0,-2.926,1476967.657
09/09/2010 01:00,0.603,-2.526,1490779.521
09/09/2010 02:00,0.201,-1.791,1503163.246
09/09/2010 03:00,3.819,-0.551,1514342.587
09/09/2010 04:00,0,0.618,1525262.637
09/09/2010 05:00,0,1.811,1540088.253
09/09/2010 06:00,0.201,2.569,1562333.043
09/09/2010 07:00,0,2.541,1588450.289
09/09/2010 08:00,0,1.742,1610107.598
09/09/2010 09:00,0,0.601,1624354.457
09/09/2010 10:00,0,-0.602,1632557.057
09/09/2010 11:00,0,-1.941,1637411.07
09/09/2010 12:00,1.608,-2.696,1640819.092
09/09/2010 13:00,1.206,-2.552,1643650.854
09/09/2010 14:00,0.201,-1.711,1646015.76
09/09/2010 15:00,0,-0.552,1648243.463
09/09/2010 16:00,0,0.606,1650964.684
09/09/2010 17:00,0,1.699,1657711.074
09/09/2010 18:00,0.402,2.588,1671742.604
09/09/2010 19:00,1.608,2.869,1692038.398
09/09/2010 20:00,1.809,2.271,1710903.717
09/09/2010 21:00,1.407,1.215,1722290.799
09/09/2010 22:00,0.804,-0.09,1727519.15
09/09/2010 23:00,0.804,-1.428,1729346.289
09/10/2010 00:00,1.809,-2.632,1731285.545
09/10/2010 01:00,3.417,-2.715,1736286.014
09/10/2010 02:00,1.809,-2.212,1749307.393
09/10/2010 03:00,1.206,-1.263,1779825.17
09/10/2010 04:00,4.221,0.033,1827921.504
09/10/2010 05:00,1.005,1.179,1894168.934
09/10/2010 06:00,1.608,2.216,1977373.889
09/10/2010 07:00,1.407,2.754,2069428.023
09/10/2010 08:00,0,2.526,2161702.152
09/10/2010 09:00,0,1.551,2246803.016
09/10/2010 10:00,0,0.273,2321690.188
09/10/2010 11:00,0,-0.981,2386535.566
09/10/2010 12:00,0,-2.235,2443983.449
09/10/2010 13:00,0,-2.811,2495957.789
09/10/2010 14:00,0,-2.3,2543535.398
09/10/2010 15:00,0,-1.411,2586714.25
09/10/2010 16:00,0.603,-0.194,2625621.492
09/10/2010 17:00,0.201,0.941,2661717.004
09/10/2010 18:00,0.201,1.988,2700073.527
09/10/2010 19:00,0,2.721,2742078.492
09/10/2010 20:00,2.412,2.812,2785483.641
09/10/2010 21:00,0,1.893,2824794.422
09/10/2010 22:00,0,0.722,2856426.461
09/10/2010 23:00,0,-0.466,2881311
09/11/2010 00:00,0.804,-1.857,2902149.016
09/11/2010 01:00,0.201,-2.768,2920957.242
09/11/2010 02:00,0,-2.573,2938495.102
09/11/2010 03:00,0,-1.881,2955290.359
09/11/2010 04:00,2.613,-0.81,2971101.445
09/11/2010 05:00,0,0.351,2986443.328
09/11/2010 06:00,0,1.425,3004224.828
09/11/2010 07:00,0,2.316,3027741.453
09/11/2010 08:00,0.201,2.689,3055072.039
09/11/2010 09:00,0,2.213,3082084.648
09/11/2010 10:00,0,1.086,3104221.281
09/11/2010 11:00,0.201,-0.055,3120433.172
09/11/2010 12:00,1.608,-1.351,3132403.508
09/11/2010 13:00,0.201,-2.426,3142810.227
09/11/2010 14:00,0,-2.606,3152748.953
09/11/2010 15:00,0,-1.93,3162423.242
09/11/2010 16:00,0.201,-1.095,3171902.477
09/11/2010 17:00,1.809,-0.007,3180984.781
09/11/2010 18:00,0,1.018,3191279.813
09/11/2010 19:00,0,1.907,3206832
09/11/2010 20:00,0,2.472,3226847.195
09/11/2010 21:00,0,2.293,3248577.383
09/11/2010 22:00,0,1.277,3267620.047
09/11/2010 23:00,0,0.141,3281287.766
09/12/2010 00:00,0,-0.894,3290438.258
09/12/2010 01:00,0,-2.191,3297728.844
09/12/2010 02:00,0,-2.698,3304759.586
09/12/2010 03:00,0,-2.343,3312650.703
09/12/2010 04:00,0,-1.687,3320396.672
09/12/2010 05:00,0,-0.611,3327572.742
09/12/2010 06:00,0,0.379,3334414.234
09/12/2010 07:00,0,1.263,3343317.266
09/12/2010 08:00,0,2.04,3356849.641
09/12/2010 09:00,0,2.182,3372936.898
09/12/2010 10:00,0.201,1.552,3387957.875
09/12/2010 11:00,0,0.476,3398756.492
09/12/2010 12:00,0,-0.553,3404716.422
09/12/2010 13:00,0,-1.613,3408079.977
09/12/2010 14:00,0,-2.378,3410558.359
09/12/2010 15:00,0,-2.281,3412427.984
09/12/2010 16:00,0,-1.693,3413858.555
09/12/2010 17:00,0,-0.787,3415042.836
09/12/2010 18:00,0,0.08,3416265.211
09/12/2010 19:00,0,0.965,3418798.359
09/12/2010 20:00,0.402,1.737,3425647.898
09/12/2010 21:00,0.201,2.163,3435828.398
09/12/2010 22:00,0.402,1.727,3446511.766
09/12/2010 23:00,0,0.919,3454016.352
2010-13-09 00:00:00,0,-0.017,3457485.664
2010-13-09 01:00:00,0,-0.928,3457742.18
2010-13-09 02:00:00,0,-1.885,3456751.789
2010-13-09 03:00:00,0.603,-2.075,3455334.477
2010-13-09 04:00:00,0.402,-1.619,3453782.992
2010-13-09 05:00:00,1.608,-0.979,3452260.781
2010-13-09 06:00:00,1.206,-0.149,3451198.211
2010-13-09 07:00:00,2.211,0.569,3452365.875
2010-13-09 08:00:00,2.01,1.431,3459311.383
2010-13-09 09:00:00,1.407,2.006,3474557.539
2010-13-09 10:00:00,1.809,1.909,3496675.711
2010-13-09 11:00:00,0,1.129,3524217.141
2010-13-09 12:00:00,0,0.322,3555952.703
2010-13-09 13:00:00,0.402,-0.424,3591004.242
2010-13-09 14:00:00,0,-1.406,3627227.742
2010-13-09 15:00:00,0,-1.868,3662488.523
2010-13-09 16:00:00,0,-1.565,3695371.992
2010-13-09 17:00:00,0,-1.077,3725698.664
2010-13-09 18:00:00,0.804,-0.393,3754251.227
2010-13-09 19:00:00,1.206,0.264,3781890.133
2010-13-09 20:00:00,4.623,0.894,3810576.258
2010-13-09 21:00:00,2.814,1.548,3843888.656
2010-13-09 22:00:00,3.819,1.726,3885487.703
2010-13-09 23:00:00,2.814,1.273,3938627.656
2010-14-09 00:00:00,4.623,0.578,4009442.828
2010-14-09 01:00:00,2.211,-0.153,4097943.156
2010-14-09 02:00:00,1.206,-0.857,4198192.422
2010-14-09 03:00:00,1.206,-1.514,4306423.719
2010-14-09 04:00:00,1.005,-1.536,4418832.969
2010-14-09 05:00:00,2.01,-1.137,4532199.188
2010-14-09 06:00:00,1.809,-0.597,4644363.656
2010-14-09 07:00:00,0.603,0.071,4753402.625
2010-14-09 08:00:00,0,0.562,4856933.578
2010-14-09 09:00:00,0,1.235,4955572.031
2010-14-09 10:00:00,0,1.602,5053814.578
2010-14-09 11:00:00,0,1.484,5149345.266
2010-14-09 12:00:00,0,0.813,5240268.281
2010-14-09 13:00:00,0,0.131,5325856.281
2010-14-09 14:00:00,0,-0.557,5407026.031
2010-14-09 15:00:00,0,-1.265,5484456.828
2010-14-09 16:00:00,0,-1.525,5558572
2010-14-09 17:00:00,0.201,-1.344,5629750.141
2010-14-09 18:00:00,0,-0.938,5698311.844
2010-14-09 19:00:00,0,-0.443,5764851.875
2010-14-09 20:00:00,0,0.006,5829999.359
2010-14-09 21:00:00,0,0.583,5894042.469
2010-14-09 22:00:00,0,1.084,5957647.594
2010-14-09 23:00:00,0,1.158,6019517.25
2010-15-09 00:00:00,0,0.776,6073659.5
2010-15-09 01:00:00,0,0.328,6117810.734
2010-15-09 02:00:00,0,-0.222,6156075.781
2010-15-09 03:00:00,0,-0.778,6190639.203
2010-15-09 04:00:00,0,-1.091,6222317.609
2010-15-09 05:00:00,0,-1.043,6251505.141
2010-15-09 06:00:00,0,-0.794,6278828.344
2010-15-09 07:00:00,0.603,-0.444,6305030.516
2010-15-09 08:00:00,0,0,6330519.297
2010-15-09 09:00:00,0,0.419,6355637.234
2010-15-09 10:00:00,0,1.003,6381340.766
2010-15-09 11:00:00,0,1.239,6408355.719
2010-15-09 12:00:00,0,0.988,6434921.641
2010-15-09 13:00:00,0,0.586,6459564.469
2010-15-09 14:00:00,0,0.146,6481763.922
2010-15-09 15:00:00,0,-0.403,6501610.75
2010-15-09 16:00:00,0,-0.901,6519734.828
2010-15-09 17:00:00,0,-1.184,6536669.75
2010-15-09 18:00:00,0,-1.113,6552840.922
2010-15-09 19:00:00,0,-0.816,6568366.25
2010-15-09 20:00:00,0,-0.456,6583521.859
2010-15-09 21:00:00,0,-0.163,6598424.344
2010-15-09 22:00:00,0,0.295,6613568.938
2010-15-09 23:00:00,0,0.681,6629647.328
2010-16-09 00:00:00,0,0.805,6646746.5
2010-16-09 01:00:00,0,0.643,6663856.609
2010-16-09 02:00:00,0,0.272,6679740.938
2010-16-09 03:00:00,0,-0.116,6693688.781
2010-16-09 04:00:00,0,-0.45,6706355.781
2010-16-09 05:00:00,0,-0.72,6718377.688
2010-16-09 06:00:00,0,-0.936,6729660.094
2010-16-09 07:00:00,0,-0.767,6740459.125
2010-16-09 08:00:00,0,-0.505,6751071.813
2010-16-09 09:00:00,0,-0.209,6761625.063
2010-16-09 10:00:00,0,0.19,6772178.969
2010-16-09 11:00:00,0,0.576,6783434
2010-16-09 12:00:00,0,0.827,6795987.063
2010-16-09 13:00:00,0,0.882,6809209.469
2010-16-09 14:00:00,0,0.587,6822022.594
2010-16-09 15:00:00,0,0.153,6833198.594
2010-16-09 16:00:00,0.402,-0.192,6842391.281
2010-16-09 17:00:00,2.01,-0.611,6850331.969
2010-16-09 18:00:00,0,-0.925,6857464.469
2010-16-09 19:00:00,0.402,-0.934,6864147.281
2010-16-09 20:00:00,0,-0.916,6870547.375
2010-16-09 21:00:00,0,-0.698,6876692.438
2010-16-09 22:00:00,0,-0.452,6882606.75
2010-16-09 23:00:00,0,0.026,6888293.281
2010-17-09 00:00:00,0,0.413,6894621.813
2010-17-09 01:00:00,0,0.619,6901980.594
2010-17-09 02:00:00,0,0.554,6909761.75
2010-17-09 03:00:00,0.201,0.368,6916729.875
2010-17-09 04:00:00,0,0.083,6922244.75
2010-17-09 05:00:00,0,-0.21,6926366.406
2010-17-09 06:00:00,0,-0.545,6929444.125
2010-17-09 07:00:00,0,-0.83,6931696.563
2010-17-09 08:00:00,0,-0.818,6933306.219
2010-17-09 09:00:00,0,-0.587,6934525.156
2010-17-09 10:00:00,0,-0.343,6935616.125
2010-17-09 11:00:00,0,-0.046,6936708.469
2010-17-09 12:00:00,0,0.382,6938136.156
2010-17-09 13:00:00,0,0.802,6940548.344
2010-17-09 14:00:00,0,0.886,6944008.25
2010-17-09 15:00:00,0,0.691,6947315.781
2010-17-09 16:00:00,0,0.422,6949550.844
2010-17-09 17:00:00,0,0.002,6950287.531
2010-17-09 18:00:00,0,-0.401,6949596.5
2010-17-09 19:00:00,0,-0.875,6947882.219
2010-17-09 20:00:00,0,-1.043,6945339.625
2010-17-09 21:00:00,0,-1.097,6942457.594
2010-17-09 22:00:00,0,-0.839,6939304.188
2010-17-09 23:00:00,0,-0.514,6935927.688
2010-18-09 00:00:00,0,-0.07,6932677.875
2010-18-09 01:00:00,0,0.313,6930044.344
2010-18-09 02:00:00,0,0.699,6928544.156
2010-18-09 03:00:00,0,0.817,6928282.938
2010-18-09 04:00:00,0,0.67,6927963.063
2010-18-09 05:00:00,0,0.381,6926688
2010-18-09 06:00:00,0,-0.041,6923901.406
2010-18-09 07:00:00,0,-0.389,6919650.344
2010-18-09 08:00:00,0.603,-0.711,6914575.813
2010-18-09 09:00:00,0.603,-0.866,6909122.188
2010-18-09 10:00:00,0,-0.655,6903266.031
2010-18-09 11:00:00,0,-0.372,6897290.125
2010-18-09 12:00:00,0,0.027,6891552.344
2010-18-09 13:00:00,0,0.617,6886650.438
2010-18-09 14:00:00,0,1.068,6883816.313
2010-18-09 15:00:00,1.608,1.197,6882334.719
2010-18-09 16:00:00,1.407,1.171,6881115.375
2010-18-09 17:00:00,0,0.769,6879342.063
2010-18-09 18:00:00,0.603,0.245,6876015.156
2010-18-09 19:00:00,0,-0.28,6870856.656
2010-18-09 20:00:00,1.608,-0.837,6864682.875
2010-18-09 21:00:00,1.407,-1.121,6857998.625
2010-18-09 22:00:00,0.402,-1.096,6851179.563
2010-18-09 23:00:00,0.201,-0.953,6844855.563
2010-19-09 00:00:00,0,-0.403,6839594.25
2010-19-09 01:00:00,0.201,0.134,6835651.375
2010-19-09 02:00:00,1.005,0.609,6833446.563
2010-19-09 03:00:00,0.804,1.004,6833843.219
2010-19-09 04:00:00,2.814,1.166,6836512.906
2010-19-09 05:00:00,1.407,0.905,6840609.281
2010-19-09 06:00:00,1.809,0.591,6845656.75
2010-19-09 07:00:00,0.201,0.015,6851937.625
2010-19-09 08:00:00,0,-0.523,6859695.156
2010-19-09 09:00:00,0,-0.921,6870409
2010-19-09 10:00:00,0.201,-1.037,6885606.594
2010-19-09 11:00:00,0,-0.881,6902705.563
2010-19-09 12:00:00,0,-0.374,6919772.719
2010-19-09 13:00:00,0.201,0.227,6936507.938
2010-19-09 14:00:00,0.201,0.773,6953826.688
2010-19-09 15:00:00,0,1.225,6972639.406
2010-19-09 16:00:00,0,1.464,6992209.813
2010-19-09 17:00:00,0,1.26,7011469.469
2010-19-09 18:00:00,0,0.775,7029412.406
2010-19-09 19:00:00,0,0.197,7045225.313
2010-19-09 20:00:00,0,-0.546,7058364.281
2010-19-09 21:00:00,0.603,-1.026,7069497.781
2010-19-09 22:00:00,0.603,-1.363,7079377.563
2010-19-09 23:00:00,0,-1.31,7088052.219
2010-20-09 00:00:00,0,-0.902,7095779.813
2010-20-09 01:00:00,0,-0.29,7102998.313
2010-20-09 02:00:00,0.201,0.284,7110140.531
2010-20-09 03:00:00,0,0.919,7118183.844
2010-20-09 04:00:00,0,1.285,7127929.938
2010-20-09 05:00:00,0,1.384,7138000.313
2010-20-09 06:00:00,0,1.049,7147304.344
2010-20-09 07:00:00,0,0.428,7154551.563
2010-20-09 08:00:00,0,-0.248,7158844.156
2010-20-09 09:00:00,0,-0.81,7160649.313
2010-20-09 10:00:00,0,-1.248,7161076.563
2010-20-09 11:00:00,0,-1.262,7160721.313
2010-20-09 12:00:00,0,-0.917,7159788.75
2010-20-09 13:00:00,0,-0.292,7158254.063
2010-20-09 14:00:00,0,0.363,7156847.906
2010-20-09 15:00:00,0,1.049,7157101.156
2010-20-09 16:00:00,0,1.44,7159241.781
2010-20-09 17:00:00,0,1.582,7162150.156
2010-20-09 18:00:00,0,1.237,7164646.25
2010-20-09 19:00:00,0,0.584,7165052.688
2010-20-09 20:00:00,0,-0.178,7162650.125
2010-20-09 21:00:00,0,-0.929,7158024.375
2010-20-09 22:00:00,0,-1.639,7152235.969
2010-20-09 23:00:00,0,-1.713,7145735.063
2010-21-09 00:00:00,0,-1.34,7138847.594
2010-21-09 01:00:00,0,-0.794,7131764.656
2010-21-09 02:00:00,0,-0.113,7124738.188
2010-21-09 03:00:00,0,0.662,7118684.313
2010-21-09 04:00:00,0,1.269,7115294.594
2010-21-09 05:00:00,0,1.576,7113659.625
2010-21-09 06:00:00,0,1.501,7112449.688
2010-21-09 07:00:00,0,0.9,7110219.75
2010-21-09 08:00:00,0,0.138,7105633.313
2010-21-09 09:00:00,0,-0.615,7098509.781
2010-21-09 10:00:00,0,-1.292,7089953.281
2010-21-09 11:00:00,0,-1.491,7080816.719
2010-21-09 12:00:00,0,-1.305,7071459.844
2010-21-09 13:00:00,0,-0.807,7061852.563
2010-21-09 14:00:00,0,0.028,7052277.719
2010-21-09 15:00:00,0,0.834,7044072.469
2010-21-09 16:00:00,0,1.475,7038871.688
2010-21-09 17:00:00,0,1.796,7035722.813
2010-21-09 18:00:00,0,1.726,7033264.344
2010-21-09 19:00:00,0,1.21,7029790.125
2010-21-09 20:00:00,0,0.323,7023815
2010-21-09 21:00:00,0,-0.518,7014897.094
2010-21-09 22:00:00,0.201,-1.399,7004260.719
2010-21-09 23:00:00,0.603,-1.856,6992958.281
2010-22-09 00:00:00,0,-1.636,6981478.719
2010-22-09 01:00:00,0.804,-1.166,6969947.313
2010-22-09 02:00:00,8.241,-0.459,6958471.281
2010-22-09 03:00:00,4.221,0.301,6947897.156
2010-22-09 04:00:00,1.005,1.209,6942253.438
2010-22-09 05:00:00,0,1.682,6945575.094
2010-22-09 06:00:00,0,1.709,6957062.75
2010-22-09 07:00:00,0,1.342,6976746.031
2010-22-09 08:00:00,0,0.632,7004841.094
2010-22-09 09:00:00,0,-0.295,7032320.094
2010-22-09 10:00:00,0,-1.02,7056965.813
2010-22-09 11:00:00,0,-1.583,7079282.375
2010-22-09 12:00:00,0,-1.741,7099614.969
2010-22-09 13:00:00,0,-1.14,7118149.219
2010-22-09 14:00:00,4.623,-0.357,7135310.781
2010-22-09 15:00:00,1.206,0.4,7152551.906
2010-22-09 16:00:00,0,1.321,7174297.563
2010-22-09 17:00:00,0,1.806,7202775
2010-22-09 18:00:00,0,1.971,7235192.531
2010-22-09 19:00:00,0,1.683,7268175.094
2010-22-09 20:00:00,0,0.768,7298460.438
2010-22-09 21:00:00,0.402,-0.139,7324066.375
2010-22-09 22:00:00,0.201,-0.987,7345691.531
2010-22-09 23:00:00,0.402,-1.948,7364765.156
2010-23-09 00:00:00,0.402,-1.997,7382080.719
2010-23-09 01:00:00,0,-1.5,7398066.344
2010-23-09 02:00:00,0,-0.977,7413062.25
2010-23-09 03:00:00,0,-0.061,7427645.25
2010-23-09 04:00:00,0.201,0.817,7443323.594
2010-23-09 05:00:00,3.015,1.481,7462020.375
2010-23-09 06:00:00,1.005,1.868,7483037.531
2010-23-09 07:00:00,0,1.762,7505353.313
2010-23-09 08:00:00,0,0.941,7526902.25
2010-23-09 09:00:00,0,0.008,7545535.563
2010-23-09 10:00:00,0,-0.743,7561487.969
2010-23-09 11:00:00,0,-1.692,7576385.031
2010-23-09 12:00:00,0.201,-2.054,7590618.5
2010-23-09 13:00:00,0,-1.712,7604303.219
2010-23-09 14:00:00,0.201,-0.978,7617132.25
2010-23-09 15:00:00,1.005,-0.045,7629581.906
2010-23-09 16:00:00,0,0.734,7643037.906
2010-23-09 17:00:00,0,1.464,7659239.156
2010-23-09 18:00:00,0,1.906,7677879.406
2010-23-09 19:00:00,0,1.831,7697858
2010-23-09 20:00:00,0,1.141,7717067.313
2010-23-09 21:00:00,0,0.172,7733576.125
2010-23-09 22:00:00,0,-0.815,7746771.875
2010-23-09 23:00:00,0,-1.799,7757789.469
2010-24-09 00:00:00,0,-2.222,7767731.625
2010-24-09 01:00:00,0,-2.083,7776841.844
2010-24-09 02:00:00,0,-1.484,7785322.75
2010-24-09 03:00:00,0,-0.577,7793201.219
2010-24-09 04:00:00,0,0.331,7800803.625
2010-24-09 05:00:00,0,1.099,7810136.219
2010-24-09 06:00:00,0,1.657,7821902.563
2010-24-09 07:00:00,0,1.824,7834828.063
2010-24-09 08:00:00,0,1.237,7846996.063
2010-24-09 09:00:00,0,0.284,7856146.156
2010-24-09 10:00:00,0,-0.578,7861791.25
2010-24-09 11:00:00,0,-1.445,7865140.688
2010-24-09 12:00:00,0,-2.266,7867418.656
2010-24-09 13:00:00,0,-2.168,7869200.344
2010-24-09 14:00:00,0,-1.603,7870456.969
2010-24-09 15:00:00,0,-0.74,7871273.344
2010-24-09 16:00:00,0,0.198,7872135.969
2010-24-09 17:00:00,0,0.985,7874671.969
2010-24-09 18:00:00,0,1.62,7879904.531
2010-24-09 19:00:00,0,1.903,7886829.781
2010-24-09 20:00:00,0,1.467,7893707.25
2010-24-09 21:00:00,0,0.56,7898247.094
2010-24-09 22:00:00,0,-0.429,7899446.406
2010-24-09 23:00:00,0,-1.372,7898258.938
2010-25-09 00:00:00,0,-2.215,7896069.563
2010-25-09 01:00:00,0,-2.34,7893500.969
2010-25-09 02:00:00,0,-1.76,7890727.875
2010-25-09 03:00:00,0,-1.052,7887751.094
2010-25-09 04:00:00,0,-0.064,7884525.906
2010-25-09 05:00:00,0,0.776,7882290.344
2010-25-09 06:00:00,0,1.496,7882954.719
2010-25-09 07:00:00,0,1.789,7885640.906
2010-25-09 08:00:00,0,1.634,7888749.094
2010-25-09 09:00:00,0,0.804,7890465.875
2010-25-09 10:00:00,0,-0.157,7889170.281
2010-25-09 11:00:00,0,-0.961,7885112.875
2010-25-09 12:00:00,0,-1.95,7879680
2010-25-09 13:00:00,0,-2.267,7873779.938
2010-25-09 14:00:00,0,-1.822,7867681.375
2010-25-09 15:00:00,0,-1.098,7861409.156
2010-25-09 16:00:00,0,-0.166,7855151.25
2010-25-09 17:00:00,0,0.688,7849886.281
2010-25-09 18:00:00,0,1.426,7847465.063
2010-25-09 19:00:00,0,1.808,7847283.844
2010-25-09 20:00:00,0,1.831,7847862.938
2010-25-09 21:00:00,0,1.095,7847298.344
2010-25-09 22:00:00,0,0.023,7843722.344
2010-25-09 23:00:00,0,-0.876,7837063.281
2010-26-09 00:00:00,0,-1.775,7828931.969
2010-26-09 01:00:00,0,-2.323,7820279.375
2010-26-09 02:00:00,0,-1.899,7811451.344
2010-26-09 03:00:00,0,-1.327,7802485.531
2010-26-09 04:00:00,0,-0.505,7793437.906
2010-26-09 05:00:00,0,0.44,7784880.844
2010-26-09 06:00:00,0,1.211,7778757.125
2010-26-09 07:00:00,0,1.709,7775098.156
2010-26-09 08:00:00,0,1.857,7772585.938
2010-26-09 09:00:00,0,1.297,7769674.719
2010-26-09 10:00:00,0,0.388,7764470.313
2010-26-09 11:00:00,0,-0.451,7756328.156
2010-26-09 12:00:00,0,-1.337,7746324.125
2010-26-09 13:00:00,0,-2.084,7735516.656
2010-26-09 14:00:00,0,-1.948,7724438.188
2010-26-09 15:00:00,0,-1.333,7713208.031
2010-26-09 16:00:00,0,-0.635,7701887.125
2010-26-09 17:00:00,0,0.308,7690933.438
2010-26-09 18:00:00,0,1.12,7682157.906
2010-26-09 19:00:00,0,1.642,7676192.406
2010-26-09 20:00:00,0,1.964,7671870.688
2010-26-09 21:00:00,0,1.558,7667786.313
2010-26-09 22:00:00,0,0.623,7661713.75
2010-26-09 23:00:00,0,-0.233,7652609.125
2010-27-09 00:00:00,0,-1.089,7641284.531
2010-27-09 01:00:00,0,-1.932,7628946.781
2010-27-09 02:00:00,0,-1.995,7616292.406
2010-27-09 03:00:00,0,-1.471,7603523.438
2010-27-09 04:00:00,0,-0.787,7590687.469
2010-27-09 05:00:00,0,0.161,7578082.375
2010-27-09 06:00:00,0,0.904,7567044.531
2010-27-09 07:00:00,0,1.479,7558546.656
2010-27-09 08:00:00,0,1.87,7551863.938
2010-27-09 09:00:00,0,1.713,7545873.969
2010-27-09 10:00:00,0,0.908,7538612.594
2010-27-09 11:00:00,0,0.054,7528602.5
2010-27-09 12:00:00,0,-0.749,7516082.625
2010-27-09 13:00:00,0,-1.614,7502253.938
2010-27-09 14:00:00,0,-1.892,7487919.531
2010-27-09 15:00:00,0,-1.51,7473455.781
2010-27-09 16:00:00,0,-0.941,7458826.656
2010-27-09 17:00:00,0,-0.12,7444116.75
2010-27-09 18:00:00,0,0.64,7430362.75
2010-27-09 19:00:00,0,1.267,7419167.188
2010-27-09 20:00:00,0,1.672,7410067.094
2010-27-09 21:00:00,0,1.73,7402003.906
2010-27-09 22:00:00,0,1.158,7393416.594
2010-27-09 23:00:00,0,0.235,7382523.156
2010-28-09 00:00:00,0,-0.483,7368901.969
2010-28-09 01:00:00,0,-1.294,7353759.938
2010-28-09 02:00:00,0,-1.732,7337976.875
2010-28-09 03:00:00,0,-1.509,7322010.844
2010-28-09 04:00:00,0,-0.978,7305933.5
2010-28-09 05:00:00,0,-0.209,7289989.313
2010-28-09 06:00:00,0,0.533,7274894.75
2010-28-09 07:00:00,0,1.101,7262090.406
2010-28-09 08:00:00,0,1.693,7251561.844
2010-28-09 09:00:00,0,1.799,7242571.469
2010-28-09 10:00:00,0.603,1.314,7233306.719
2010-28-09 11:00:00,1.206,0.6,7222124.719
2010-28-09 12:00:00,0,-0.155,7208557.781
2010-28-09 13:00:00,0.804,-1.011,7193162.813
2010-28-09 14:00:00,0.201,-1.568,7176879.094
2010-28-09 15:00:00,0.402,-1.612,7160356.188
2010-28-09 16:00:00,0.402,-1.172,7143837.875
2010-28-09 17:00:00,0,-0.642,7127452.125
2010-28-09 18:00:00,0,0.105,7111435.375
2010-28-09 19:00:00,0,0.693,7096753.25
2010-28-09 20:00:00,0,1.237,7084374.625
2010-28-09 21:00:00,0,1.53,7073727.813
2010-28-09 22:00:00,0,1.312,7063537.125
2010-28-09 23:00:00,0,0.671,7052131.531
2010-29-09 00:00:00,0,-0.086,7038453.75
2010-29-09 01:00:00,0,-0.788,7022748.75
2010-29-09 02:00:00,0,-1.38,7006035.813
2010-29-09 03:00:00,0,-1.545,6988925.625
2010-29-09 04:00:00,0,-1.157,6971690.75
2010-29-09 05:00:00,0,-0.69,6954491.75
2010-29-09 06:00:00,0.201,-0.031,6937564.188
2010-29-09 07:00:00,0,0.563,6921666.375
2010-29-09 08:00:00,0,1.144,6907967.781
2010-29-09 09:00:00,0,1.424,6896184.563
2010-29-09 10:00:00,0,1.406,6885124.031
2010-29-09 11:00:00,0,0.854,6873404.156
2010-29-09 12:00:00,0,0.203,6859722.219
2010-29-09 13:00:00,0,-0.345,6843990.313
2010-29-09 14:00:00,0,-1.127,6827026.375
2010-29-09 15:00:00,0,-1.446,6809397.563
2010-29-09 16:00:00,0,-1.294,6791547.281
2010-29-09 17:00:00,0.201,-0.947,6773690.063
2010-29-09 18:00:00,0,-0.396,6755970.188
2010-29-09 19:00:00,0,0.182,6738755.594
2010-29-09 20:00:00,0,0.66,6722840.438
2010-29-09 21:00:00,0,1.157,6708942.125
2010-29-09 22:00:00,0,1.31,6696527.094
2010-29-09 23:00:00,0,0.97,6684143.313
2010-30-09 00:00:00,0,0.387,6670373.594
2010-30-09 01:00:00,0,-0.149,6654625.313
2010-30-09 02:00:00,0,-0.821,6637454.031
2010-30-09 03:00:00,0,-1.171,6619488.781
2010-30-09 04:00:00,0,-1.164,6601243.281
2010-30-09 05:00:00,0,-0.906,6582943.719
2010-30-09 06:00:00,0.201,-0.426,6564728.563
2010-30-09 07:00:00,0,0.084,6546932.094
2010-30-09 08:00:00,0,0.543,6530188.094
2010-30-09 09:00:00,0,1.094,6515358.813
2010-30-09 10:00:00,0,1.318,6502299.656
2010-30-09 11:00:00,0,1.153,6489587.938
2010-30-09 12:00:00,0,0.723,6475847.875
2010-30-09 13:00:00,0,0.177,6460382.531
2010-30-09 14:00:00,0,-0.338,6443131.563
2010-30-09 15:00:00,0,-0.855,6424796.094
2010-30-09 16:00:00,0,-1.135,6405908.031
2010-30-09 17:00:00,0,-1.013,6386818.031
2010-30-09 18:00:00,0,-0.802,6367715.219
2010-30-09 19:00:00,0,-0.314,6348749.656
2010-30-09 20:00:00,0,0.085,6330263.5
2010-30-09 21:00:00,0,0.648,6312828.375
2010-30-09 22:00:00,0,0.987,6297376.813
2010-30-09 23:00:00,0,1.092,6283088.938
10/01/2010 00:00,0,0.859,6268832.875
10/01/2010 01:00,0,0.467,6253585.844
10/01/2010 02:00,0.201,0.005,6236794.781
10/01/2010 03:00,0.402,-0.427,6218689.219
10/01/2010 04:00,0.603,-0.659,6199847.125
10/01/2010 05:00,0.603,-0.61,6180769.438
10/01/2010 06:00,0,-0.39,6161789.688
10/01/2010 07:00,1.005,-0.126,6143138.188
10/01/2010 08:00,0.603,0.135,6125013.813
10/01/2010 09:00,0,0.683,6107897.906
10/01/2010 10:00,1.809,1.108,6092923.188
10/01/2010 11:00,1.005,1.295,6079460.781
10/01/2010 12:00,0.603,1.189,6066504.281
10/01/2010 13:00,0,0.882,6053189.313
10/01/2010 14:00,0.804,0.358,6038862.25
10/01/2010 15:00,0.201,-0.058,6022851.531
10/01/2010 16:00,0,-0.555,6005739.531
10/01/2010 17:00,0,-0.806,5987969.5
10/01/2010 18:00,0,-0.82,5969943.156
10/01/2010 19:00,0,-0.652,5951985.906
10/01/2010 20:00,0.804,-0.404,5934156.656
10/01/2010 21:00,1.206,0.013,5916626.5
10/01/2010 22:00,0,0.571,5900044.906
10/01/2010 23:00,0,0.874,5885421.688
10/02/2010 00:00,0.201,1.11,5872183.75
10/02/2010 01:00,0,0.934,5859376.563
10/02/2010 02:00,0,0.67,5845895.719
10/02/2010 03:00,0,0.251,5831346.313
10/02/2010 04:00,0,-0.12,5815644.063
10/02/2010 05:00,0,-0.462,5799223.031
10/02/2010 06:00,0,-0.64,5782287.563
10/02/2010 07:00,0,-0.633,5765134.563
10/02/2010 08:00,0,-0.308,5747986.469
10/02/2010 09:00,0,-0.03,5731163.063
10/02/2010 10:00,0,0.386,5714981.688
10/02/2010 11:00,0,0.896,5700189.688
10/02/2010 12:00,0,1.12,5687083.813
10/02/2010 13:00,0,1.165,5674661.719
10/02/2010 14:00,0,0.957,5662109.281
10/02/2010 15:00,0,0.598,5648663.563
10/02/2010 16:00,0,0.166,5633719.719
10/02/2010 17:00,0,-0.294,5617252.656
10/02/2010 18:00,0,-0.75,5599864.563
10/02/2010 19:00,0,-0.874,5581818.125
10/02/2010 20:00,0,-0.863,5563586.906
10/02/2010 21:00,0,-0.671,5545375.406
10/02/2010 22:00,0,-0.255,5527341.188
10/02/2010 23:00,0,0.324,5509820.781
10/03/2010 00:00,0,0.776,5493705.375
10/03/2010 01:00,0,1.083,5479460.656
10/03/2010 02:00,0,1.158,5466199
10/03/2010 03:00,0,0.927,5452906.875
10/03/2010 04:00,0,0.529,5438635.719
10/03/2010 05:00,0,0.117,5422836.938
10/03/2010 06:00,0,-0.371,5405689.813
10/03/2010 07:00,0,-0.749,5387657.531
10/03/2010 08:00,0,-0.768,5369220.344
10/03/2010 09:00,0,-0.547,5350731.469
10/03/2010 10:00,0,-0.317,5332412.328
10/03/2010 11:00,0,0.269,5314531.125
10/03/2010 12:00,0,0.807,5298174.516
10/03/2010 13:00,0.201,1.221,5284070.172
10/03/2010 14:00,0.402,1.424,5271248.375
10/03/2010 15:00,0,1.308,5258827.422
10/03/2010 16:00,0,0.916,5245732.563
10/03/2010 17:00,0,0.387,5231105.078
10/03/2010 18:00,0,-0.19,5214553.109
10/03/2010 19:00,0,-0.864,5196603.766
10/03/2010 20:00,0,-1.224,5177923.469
10/03/2010 21:00,0,-1.208,5159014.922
10/03/2010 22:00,0,-0.981,5140094.141
10/03/2010 23:00,0,-0.502,5121290.422
10/04/2010 00:00,0,0.213,5102894.734
10/04/2010 01:00,0,0.856,5086029.016
10/04/2010 02:00,0.201,1.295,5071799.672
10/04/2010 03:00,0,1.5,5059137.734
10/04/2010 04:00,0,1.307,5046884.547
10/04/2010 05:00,0,0.798,5033697.797
10/04/2010 06:00,0,0.175,5018468.469
10/04/2010 07:00,0,-0.423,5001155.359
10/04/2010 08:00,0,-0.964,4982689.969
10/04/2010 09:00,0,-1.075,4963724.328
10/04/2010 10:00,0,-0.843,4944645.391
10/04/2010 11:00,0,-0.379,4925706.953
10/04/2010 12:00,0,0.231,4907290.969
10/04/2010 13:00,0,1.057,4890692.031
10/04/2010 14:00,0.402,1.705,4877536.344
10/04/2010 15:00,0.603,2.044,4866721.969
10/04/2010 16:00,1.206,1.716,4856529.516
10/04/2010 17:00,0.402,1.288,4845044.672
10/04/2010 18:00,0,0.679,4831786.938
10/04/2010 19:00,0,-0.13,4816289.359
10/04/2010 20:00,0,-0.964,4798774.5
10/04/2010 21:00,0,-1.408,4780351.531
10/04/2010 22:00,1.206,-1.54,4761679.172
10/04/2010 23:00,0,-1.031,4742974.516
10/05/2010 00:00,0,-0.242,4724496.375
10/05/2010 01:00,0.402,0.385,4706891.688
10/05/2010 02:00,0,1.196,4691792.438
10/05/2010 03:00,0,1.954,4680403.125
10/05/2010 04:00,0,2.148,4671500.188
10/05/2010 05:00,1.005,1.798,4662791.859
10/05/2010 06:00,0,0.957,4652061.953
10/05/2010 07:00,0,0.254,4638386.453
10/05/2010 08:00,0,-0.534,4622278.016
10/05/2010 09:00,0.804,-1.421,4604765.484
10/05/2010 10:00,0,-1.491,4586724.039
10/05/2010 11:00,0,-1.166,4568653.398
10/05/2010 12:00,0,-0.491,4550718.57
10/05/2010 13:00,0,0.302,4533387.82
10/05/2010 14:00,0.603,1.196,4518603.633
10/05/2010 15:00,1.407,1.803,4507887.602
10/05/2010 16:00,0,2.191,4499691.742
10/05/2010 17:00,0,2.046,4492629.328
10/05/2010 18:00,0,1.381,4484420.266
10/05/2010 19:00,1.005,0.411,4473259.031
10/05/2010 20:00,0,-0.589,4458693.109
10/05/2010 21:00,0,-1.569,4442232.344
10/05/2010 22:00,0,-2.123,4425195.023
10/05/2010 23:00,0,-1.915,4408098.039
10/06/2010 00:00,0,-1.226,4391020.555
10/06/2010 01:00,0,-0.408,4374046.125
10/06/2010 02:00,0,0.582,4357760.063
10/06/2010 03:00,0.201,1.686,4344975.586
10/06/2010 04:00,0,2.312,4336531.961
10/06/2010 05:00,0,2.369,4330244.063
10/06/2010 06:00,0,1.831,4323290.273
10/06/2010 07:00,0,0.919,4313496.578
10/06/2010 08:00,0,-0.07,4300173.969
10/06/2010 09:00,0,-1.058,4284085.859
10/06/2010 10:00,0.201,-1.87,4266818.398
10/06/2010 11:00,0,-1.91,4249267.328
10/06/2010 12:00,0,-1.295,4231733.063
10/06/2010 13:00,0,-0.424,4214308.93
10/06/2010 14:00,0,0.519,4197557.258
10/06/2010 15:00,0.804,1.471,4183961.797
10/06/2010 16:00,0.804,2.282,4174768.945
10/06/2010 17:00,0.201,2.545,4168659.18
10/06/2010 18:00,0,2.162,4163081.945
10/06/2010 19:00,0,1.206,4155176.477
10/06/2010 20:00,0,0.152,4143617.75
10/06/2010 21:00,0,-1.045,4129529.414
10/06/2010 22:00,0,-2.166,4114413.469
10/06/2010 23:00,0,-2.459,4098830.375
10/07/2010 00:00,0,-2.048,4083063.164
10/07/2010 01:00,0,-1.317,4067115.074
10/07/2010 02:00,0,-0.222,4051102.754
10/07/2010 03:00,0,0.928,4036003.203
10/07/2010 04:00,0,2.008,4025645.91
10/07/2010 05:00,0,2.595,4019544
10/07/2010 06:00,0,2.514,4015129.836
10/07/2010 07:00,0,1.686,4009185.316
10/07/2010 08:00,0,0.669,3999434.055
10/07/2010 09:00,0.603,-0.504,3985844.746
10/07/2010 10:00,0.402,-1.667,3969785.094
10/07/2010 11:00,0,-2.421,3952898.715
10/07/2010 12:00,0.201,-2.074,3935813.254
10/07/2010 13:00,0,-1.342,3918812.992
10/07/2010 14:00,0,-0.218,3901823.293
10/07/2010 15:00,0,0.79,3885781.074
10/07/2010 16:00,0,1.716,3873816.734
10/07/2010 17:00,0,2.543,3866153.277
10/07/2010 18:00,0,2.85,3861775.262
10/07/2010 19:00,0,2.079,3857352.285
10/07/2010 20:00,0,0.966,3848911.602
10/07/2010 21:00,0,-0.25,3836102.359
10/07/2010 22:00,0,-1.59,3820101.34
10/07/2010 23:00,0.201,-2.45,3802937.336
10/08/2010 00:00,0.201,-2.533,3785614.879
10/08/2010 01:00,0.201,-2.025,3768320.168
10/08/2010 02:00,0.201,-0.985,3751052.994
10/08/2010 03:00,0,0.304,3733927.777
10/08/2010 04:00,0,1.441,3719493.225
10/08/2010 05:00,0,2.487,3710694.338
10/08/2010 06:00,0,2.999,3706223.066
10/08/2010 07:00,0,2.539,3702850.076
10/08/2010 08:00,0,1.497,3696306.215
10/08/2010 09:00,0,0.386,3685170.674
10/08/2010 10:00,0,-0.887,3670190.914
10/08/2010 11:00,0,-2.267,3653206.791
10/08/2010 12:00,0,-2.537,3635736.284
10/08/2010 13:00,0,-1.993,3618257.423
10/08/2010 14:00,0,-1.21,3600830.855
10/08/2010 15:00,0,-0.006,3583555.174
10/08/2010 16:00,0,1.113,3567908.847
10/08/2010 17:00,0,2.186,3557606.15
10/08/2010 18:00,0,2.817,3551852.623
10/08/2010 19:00,0,2.775,3548320.168
10/08/2010 20:00,0,1.887,3543192.326
10/08/2010 21:00,0,0.706,3533608.092
10/08/2010 22:00,0,-0.543,3519601.703
10/08/2010 23:00,0,-1.847,3502944.606
10/09/2010 00:00,0,-2.685,3485524.405
10/09/2010 01:00,0,-2.426,3468072.26
10/09/2010 02:00,0,-1.707,3450674.378
10/09/2010 03:00,0,-0.557,3433349.135
10/09/2010 04:00,0,0.617,3416590.191
10/09/2010 05:00,0,1.712,3403725.878
10/09/2010 06:00,0,2.521,3396075.549
10/09/2010 07:00,0,2.891,3391783.103
10/09/2010 08:00,0,2.213,3387621.223
10/09/2010 09:00,0,1.119,3379484.525
10/09/2010 10:00,0,-0.143,3366697.547
10/09/2010 11:00,0,-1.418,3350512.786
10/09/2010 12:00,0,-2.453,3333018.142
10/09/2010 13:00,0,-2.613,3315328.458
10/09/2010 14:00,0,-1.929,3297656.779
10/09/2010 15:00,0,-0.933,3280034.166
10/09/2010 16:00,0,0.256,3262646.004
10/09/2010 17:00,0,1.298,3247625.196
10/09/2010 18:00,0,2.269,3238019.45
10/09/2010 19:00,0,2.793,3232589.291
10/09/2010 20:00,0,2.501,3228618.783
10/09/2010 21:00,0,1.5,3222024.635
10/09/2010 22:00,0,0.317,3210756.786
10/09/2010 23:00,0,-0.84,3195523.991
10/10/2010 00:00,0,-2.17,3178351.419
10/10/2010 01:00,0,-2.609,3160750.417
10/10/2010 02:00,0,-2.098,3143163.478
10/10/2010 03:00,0,-1.353,3125651.174
10/10/2010 04:00,0,-0.292,3108253.241
10/10/2010 05:00,0,0.838,3091745.056
10/10/2010 06:00,0,1.788,3079779.556
10/10/2010 07:00,0,2.483,3072365.126
10/10/2010 08:00,0,2.615,3067623.749
10/10/2010 09:00,0,1.73,3061893.633
10/10/2010 10:00,0,0.511,3051568.037
10/10/2010 11:00,0,-0.497,3036910.519
10/10/2010 12:00,0,-1.796,3020028.553
10/10/2010 13:00,0,-2.55,3002540.602
10/10/2010 14:00,0,-2.348,2985031.228
10/10/2010 15:00,0,-1.719,2967595.777
10/10/2010 16:00,0,-0.659,2950243.6
10/10/2010 17:00,0,0.368,2933289.31
10/10/2010 18:00,0,1.309,2918908.862
10/10/2010 19:00,0,2.056,2909306.368
10/10/2010 20:00,0,2.394,2902730.681
10/10/2010 21:00,0,1.937,2896579.635
10/10/2010 22:00,0,0.892,2887327.063
10/10/2010 23:00,0,-0.106,2873899.758
10/11/2010 00:00,0,-1.263,2857559.617
10/11/2010 01:00,0,-2.316,2840129.445
10/11/2010 02:00,0,-2.336,2822546.672
10/11/2010 03:00,0,-1.719,2805008.799
10/11/2010 04:00,0,-1.041,2787536.895
10/11/2010 05:00,0,-0.026,2770269.173
10/11/2010 06:00,0,0.931,2754327.394
10/11/2010 07:00,0,1.745,2742943.024
10/11/2010 08:00,0,2.246,2735329.757
10/11/2010 09:00,0,2.061,2729161.917
10/11/2010 10:00,0,1.152,2720925.344
10/11/2010 11:00,0,0.17,2708661.035
10/11/2010 12:00,0,-0.778,2693105.893
10/11/2010 13:00,0,-1.933,2676066.776
10/11/2010 14:00,0,-2.404,2658681.137
10/11/2010 15:00,0,-1.945,2641310.343
10/11/2010 16:00,0,-1.321,2624016.214
10/11/2010 17:00,0,-0.425,2606851.897
10/11/2010 18:00,0,0.429,2590274.335
10/11/2010 19:00,0,1.156,2576178.718
10/11/2010 20:00,0,1.853,2566291.752
10/11/2010 21:00,0,2.068,2559116.798
10/11/2010 22:00,0,1.358,2551553.913
10/11/2010 23:00,0,0.423,2540468.467
10/12/2010 00:00,0,-0.321,2525946.314
10/12/2010 01:00,0,-1.267,2509585.172
10/12/2010 02:00,0,-2.029,2492608.118
10/12/2010 03:00,0,-1.787,2475526.895
10/12/2010 04:00,0,-1.29,2458493.611
10/12/2010 05:00,0,-0.608,2441576.805
10/12/2010 06:00,0.201,0.265,2425078.642
10/12/2010 07:00,0,0.976,2410440.621
10/12/2010 08:00,0,1.663,2399902.006
10/12/2010 09:00,0,2.02,2392419.616
10/12/2010 10:00,0,1.646,2385539.748
10/12/2010 11:00,0,0.777,2376045.839
10/12/2010 12:00,0,-0.017,2362960.941
10/12/2010 13:00,0,-0.829,2347303.334
10/12/2010 14:00,0,-1.781,2330687.739
10/12/2010 15:00,0,-1.982,2313793.12
10/12/2010 16:00,0,-1.472,2296861.286
10/12/2010 17:00,0,-0.954,2279974.919
10/12/2010 18:00,0,-0.258,2263277.295
10/12/2010 19:00,0,0.397,2247269.892
10/12/2010 20:00,0,1.058,2233352.015
10/12/2010 21:00,0,1.571,2223175.505
10/12/2010 22:00,0,1.515,2214746.871
10/12/2010 23:00,0,0.943,2205237.949
2010-13-10 00:00:00,0,0.244,2193062.886
2010-13-10 01:00:00,0,-0.419,2178211.324
2010-13-10 02:00:00,0,-1.153,2162106.136
2010-13-10 03:00:00,0,-1.516,2145533.77
2010-13-10 04:00:00,0,-1.317,2128883.185
2010-13-10 05:00:00,0,-0.794,2112310.6
2010-13-10 06:00:00,0,-0.21,2095987.399
2010-13-10 07:00:00,0,0.317,2080355.376
2010-13-10 08:00:00,0,0.953,2066398.377
2010-13-10 09:00:00,0,1.475,2056032.098
2010-13-10 10:00:00,0,1.578,2047851.053
2010-13-10 11:00:00,0,1.208,2039383.961
2010-13-10 12:00:00,0,0.511,2028709.776
2010-13-10 13:00:00,0,-0.188,2015030.13
2010-13-10 14:00:00,0,-0.888,1999565.804
2010-13-10 15:00:00,0,-1.476,1983429.697
2010-13-10 16:00:00,0,-1.553,1967119.637
2010-13-10 17:00:00,0,-1.205,1950841.429
2010-13-10 18:00:00,0,-0.827,1934683.659
2010-13-10 19:00:00,0,-0.27,1918761.872
2010-13-10 20:00:00,0,0.247,1903456.102
2010-13-10 21:00:00,0,0.727,1889472.543
2010-13-10 22:00:00,0,1.112,1877978.468
2010-13-10 23:00:00,0,1.009,1868162.135
2010-14-10 00:00:00,0,0.591,1857503.724
2010-14-10 01:00:00,0,0.056,1844623.407
2010-14-10 02:00:00,0,-0.453,1830122.63
2010-14-10 03:00:00,0,-0.991,1814835.196
2010-14-10 04:00:00,0,-1.173,1799198.465
2010-14-10 05:00:00,0,-0.969,1783508.558
2010-14-10 06:00:00,0,-0.707,1767917.363
2010-14-10 07:00:00,0,-0.242,1752544.374
2010-14-10 08:00:00,0,0.252,1737753.8
2010-14-10 09:00:00,0,0.718,1724254.339
2010-14-10 10:00:00,0,1.079,1713115.082
2010-14-10 11:00:00,0,1.157,1703895.949
2010-14-10 12:00:00,0,0.844,1694529.47
2010-14-10 13:00:00,0,0.353,1683325.388
2010-14-10 14:00:00,0,-0.204,1669925.306
2010-14-10 15:00:00,0,-0.773,1655337.533
2010-14-10 16:00:00,0,-1.131,1640172.428
2010-14-10 17:00:00,0,-1.213,1624837.241
2010-14-10 18:00:00,0,-1.027,1609521.5
2010-14-10 19:00:00,0,-0.715,1594324.496
2010-14-10 20:00:00,0,-0.441,1579349.224
2010-14-10 21:00:00,0,0.082,1564758.472
2010-14-10 22:00:00,0,0.452,1551123.314
2010-14-10 23:00:00,0,0.777,1538869.336
2010-15-10 00:00:00,0,0.765,1528066.793
2010-15-10 01:00:00,0,0.425,1516945.882
2010-15-10 02:00:00,0,0.002,1504420.514
2010-15-10 03:00:00,0.201,-0.25,1490880.182
2010-15-10 04:00:00,0,-0.682,1476830.421
2010-15-10 05:00:00,0,-0.841,1462430.343
2010-15-10 06:00:00,0,-0.787,1447932.062
2010-15-10 07:00:00,0,-0.646,1433472.071
2010-15-10 08:00:00,0,-0.24,1419173.633
2010-15-10 09:00:00,0,0.087,1405387.103
2010-15-10 10:00:00,0,0.427,1392427.465
2010-15-10 11:00:00,0,0.797,1380755.158
2010-15-10 12:00:00,0,0.956,1370921.282
2010-15-10 13:00:00,0,0.701,1361753.422
2010-15-10 14:00:00,0,0.286,1350841.71
2010-15-10 15:00:00,0,0.011,1338477.741
2010-15-10 16:00:00,0,-0.532,1325295.026
2010-15-10 17:00:00,0,-0.929,1311453.87
2010-15-10 18:00:00,0.201,-0.965,1297298.519
2010-15-10 19:00:00,1.206,-1.019,1283091.573
2010-15-10 20:00:00,1.206,-0.834,1268932.44
2010-15-10 21:00:00,0,-0.467,1254969.997
2010-15-10 22:00:00,0.804,-0.151,1241476.663
2010-15-10 23:00:00,0,0.219,1228691.559
2010-16-10 00:00:00,0,0.594,1217088.798
2010-16-10 01:00:00,0,0.556,1206777.921
2010-16-10 02:00:00,0,0.449,1196469.361
2010-16-10 03:00:00,0,0.189,1185677.185
2010-16-10 04:00:00,0,-0.178,1174103.312
2010-16-10 05:00:00,0,-0.464,1161806.777
2010-16-10 06:00:00,0,-0.684,1149092.685
2010-16-10 07:00:00,0,-0.795,1136216.238
2010-16-10 08:00:00,0,-0.68,1123334.041
2010-16-10 09:00:00,0,-0.388,1110604.668
2010-16-10 10:00:00,0,-0.186,1098239.139
2010-16-10 11:00:00,0,0.268,1086398.07
2010-16-10 12:00:00,0,0.588,1075738.086
2010-16-10 13:00:00,0,0.845,1066550.586
2010-16-10 14:00:00,0,0.66,1058207.794
2010-16-10 15:00:00,0,0.469,1049004.077
2010-16-10 16:00:00,0,0.137,1038901.086
2010-16-10 17:00:00,0,-0.39,1027797.63
2010-16-10 18:00:00,0,-0.796,1015833.206
2010-16-10 19:00:00,0,-1.001,1003469.804
2010-16-10 20:00:00,0,-1.114,991001.2252
2010-16-10 21:00:00,0,-0.904,978543.5104
2010-16-10 22:00:00,0,-0.625,966220.133
2010-16-10 23:00:00,0,-0.275,954165.5335
2010-17-10 00:00:00,0,0.155,942653.791
2010-17-10 01:00:00,0,0.598,932281.629
2010-17-10 02:00:00,0,0.682,923470.3706
2010-17-10 03:00:00,0,0.656,915081.7914
2010-17-10 04:00:00,0,0.473,906394.7008
2010-17-10 05:00:00,0,0.042,896814.959
2010-17-10 06:00:00,0.201,-0.285,886118.4105
2010-17-10 07:00:00,0,-0.644,874726.2012
2010-17-10 08:00:00,0,-0.858,862897.785
2010-17-10 09:00:00,0,-0.8,850888.6589
2010-17-10 10:00:00,0,-0.498,838914.7227
2010-17-10 11:00:00,0,-0.236,827200.3606
2010-17-10 12:00:00,0,0.296,816054.7171
2010-17-10 13:00:00,0,0.719,806424.2708
2010-17-10 14:00:00,0,0.932,798785.4902
2010-17-10 15:00:00,0,0.863,792037.0102
2010-17-10 16:00:00,0,0.688,784726.6768
2010-17-10 17:00:00,1.206,0.274,776219.5486
2010-17-10 18:00:00,0,-0.347,766224.8712
2010-17-10 19:00:00,0,-0.769,755137.4614
2010-17-10 20:00:00,0,-1.125,743610.4041
2010-17-10 21:00:00,0.201,-1.259,731970.1612
2010-17-10 22:00:00,0,-1.116,720378.0675
2010-17-10 23:00:00,0,-0.73,708929.1345
2010-18-10 00:00:00,0,-0.273,697774.1731
2010-18-10 01:00:00,0,0.231,687304.0484
2010-18-10 02:00:00,0,0.689,678360.8172
2010-18-10 03:00:00,0,0.893,671563.6087
2010-18-10 04:00:00,0,0.847,665727.0946
2010-18-10 05:00:00,0,0.544,659230.1591
2010-18-10 06:00:00,0,0.103,651212.9157
2010-18-10 07:00:00,0,-0.392,641889.1062
2010-18-10 08:00:00,0,-0.845,631716.8067
2010-18-10 09:00:00,0,-1.102,621152.3218
2010-18-10 10:00:00,0,-1.01,610509.5743
2010-18-10 11:00:00,0,-0.652,599977.9898
2010-18-10 12:00:00,0,-0.222,589775.3637
2010-18-10 13:00:00,0,0.378,580379.0392
2010-18-10 14:00:00,0,0.877,573100.8685
2010-18-10 15:00:00,0.402,1.227,568837.8373
2010-18-10 16:00:00,0,1.144,566405.6682
2010-18-10 17:00:00,0,0.794,562781.3005
2010-18-10 18:00:00,0,0.211,556580.772
2010-18-10 19:00:00,0,-0.408,548363.6981
2010-18-10 20:00:00,0,-0.989,538999.1143
2010-18-10 21:00:00,0,-1.352,529157.2647
2010-18-10 22:00:00,0,-1.471,519228.2581
2010-18-10 23:00:00,0,-1.181,509336.7056
2010-19-10 00:00:00,0,-0.625,499666.7486
2010-19-10 01:00:00,0.201,-0.103,490413.2145
2010-19-10 02:00:00,0,0.447,482197.4655
2010-19-10 03:00:00,0,0.919,476322.8899
2010-19-10 04:00:00,0,1.174,473319.2613
2010-19-10 05:00:00,0,0.993,471393.0733
2010-19-10 06:00:00,0,0.498,467469.7286
2010-19-10 07:00:00,0,-0.104,461086.6389
2010-19-10 08:00:00,0,-0.697,453115.7529
2010-19-10 09:00:00,0,-1.207,444381.4818
2010-19-10 10:00:00,0.201,-1.366,435458.712
2010-19-10 11:00:00,0,-1.153,426636.8746
2010-19-10 12:00:00,0,-0.676,418026.9325
2010-19-10 13:00:00,0,-0.099,409890.519
2010-19-10 14:00:00,0.201,0.553,402978.3654
2010-19-10 15:00:00,0,1.104,399442.1783
2010-19-10 16:00:00,0.603,1.299,399537.2579
2010-19-10 17:00:00,0.201,1.202,400530.7087
2010-19-10 18:00:00,0.201,0.662,399390.9163
2010-19-10 19:00:00,0.201,-0.14,394772.9338
2010-19-10 20:00:00,0,-0.762,388062.629
2010-19-10 21:00:00,0,-1.431,380534.0024
2010-19-10 22:00:00,0,-1.77,372818.1344
2010-19-10 23:00:00,0,-1.553,365229.2327
2010-20-10 00:00:00,0,-1.155,357888.1676
2010-20-10 01:00:00,0,-0.533,350882.5119
2010-20-10 02:00:00,0,0.207,344556.939
2010-20-10 03:00:00,0,0.8,340466.4255
2010-20-10 04:00:00,0,1.222,340831.0469
2010-20-10 05:00:00,0,1.343,344279.6231
2010-20-10 06:00:00,0,0.891,346888.3224
2010-20-10 07:00:00,0,0.274,345053.8055
2010-20-10 08:00:00,0,-0.441,340653.4391
2010-20-10 09:00:00,0,-1.143,334905.8793
2010-20-10 10:00:00,0,-1.625,328705.9332
2010-20-10 11:00:00,0,-1.57,322578.6435
2010-20-10 12:00:00,0,-1.177,316748.8049
2010-20-10 13:00:00,0,-0.466,311327.7225
2010-20-10 14:00:00,0,0.205,306646.8108
2010-20-10 15:00:00,0,0.953,304381.2944
2010-20-10 16:00:00,0,1.392,308428.3075
2010-20-10 17:00:00,0,1.543,316646.8676
2010-20-10 18:00:00,0,1.286,324674.0031
2010-20-10 19:00:00,0,0.498,326400.5613
2010-20-10 20:00:00,0,-0.252,323281.5889
2010-20-10 21:00:00,0,-1.08,318330.5966
2010-20-10 22:00:00,0,-1.729,312706.2392
2010-20-10 23:00:00,0.603,-1.788,307105.903
2010-21-10 00:00:00,1.206,-1.412,301827.7256
2010-21-10 01:00:00,0,-0.823,296999.2517
2010-21-10 02:00:00,0,-0.093,292796.6081
2010-21-10 03:00:00,0,0.709,289908.0295
2010-21-10 04:00:00,0,1.303,292423.6641
2010-21-10 05:00:00,0.201,1.653,300827.225
2010-21-10 06:00:00,0,1.505,311992.7548
2010-21-10 07:00:00,0,0.814,318043.9258
2010-21-10 08:00:00,0,-0.032,316612.3507
2010-21-10 09:00:00,0,-0.717,312574.8243
2010-21-10 10:00:00,0,-1.492,307560.4111
2010-21-10 11:00:00,0,-1.81,302382.6071
2010-21-10 12:00:00,0,-1.517,297445.8073
2010-21-10 13:00:00,0,-0.929,292913.134
2010-21-10 14:00:00,0,-0.152,288922.5671
2010-21-10 15:00:00,0,0.65,286043.3903
2010-21-10 16:00:00,0,1.371,288313.2612
2010-21-10 17:00:00,0,1.728,297411.7127
2010-21-10 18:00:00,0,1.626,309680.7686
2010-21-10 19:00:00,0,1.072,318022.2799
2010-21-10 20:00:00,0,0.214,317865.3639
2010-21-10 21:00:00,0.804,-0.637,314101.5846
2010-21-10 22:00:00,1.005,-1.528,308934.5689
2010-21-10 23:00:00,0.804,-1.936,303479.2195
2010-22-10 00:00:00,0,-1.69,298303.8221
2010-22-10 01:00:00,0.201,-1.118,293615.4532
2010-22-10 02:00:00,0,-0.334,289509.7151
2010-22-10 03:00:00,0,0.39,286327.0559
2010-22-10 04:00:00,0,1.266,286873.2741
2010-22-10 05:00:00,0,1.83,295455.8793
2010-22-10 06:00:00,0,1.859,309155.5514
2010-22-10 07:00:00,0,1.39,321546.0438
2010-22-10 08:00:00,0,0.589,324406.9773
2010-22-10 09:00:00,0,-0.277,321578.768
2010-22-10 10:00:00,0,-1.092,316632.6547
2010-22-10 11:00:00,0,-1.758,310954.3212
2010-22-10 12:00:00,0.402,-1.719,305295.2928
2010-22-10 13:00:00,0,-1.324,299965.1125
2010-22-10 14:00:00,0,-0.401,295096.882
2010-22-10 15:00:00,0.402,0.517,291135.8606
2010-22-10 16:00:00,3.015,1.219,291531.7488
2010-22-10 17:00:00,4.02,1.817,299587.5378
2010-22-10 18:00:00,0.603,2.069,313556.8844
2010-22-10 19:00:00,1.809,1.58,328540.7992
2010-22-10 20:00:00,0,0.889,334266.9152
2010-22-10 21:00:00,0.201,-0.159,333687.4734
2010-22-10 22:00:00,0,-1.12,331009.5606
2010-22-10 23:00:00,0,-1.829,327965.2576
2010-23-10 00:00:00,0,-1.901,325809.331
2010-23-10 01:00:00,0.201,-1.447,327061.8565
2010-23-10 02:00:00,0,-0.717,329639.979
2010-23-10 03:00:00,0,0.153,332784.944
2010-23-10 04:00:00,8.241,0.948,338274.9483
2010-23-10 05:00:00,2.412,1.755,351579.3751
2010-23-10 06:00:00,0.201,2.084,374406.0763
2010-23-10 07:00:00,0.603,1.75,403373.4554
2010-23-10 08:00:00,0.804,1.082,429991.7596
2010-23-10 09:00:00,0.804,0.085,457111.3879
2010-23-10 10:00:00,0.201,-0.803,485573.1113
2010-23-10 11:00:00,0,-1.665,514279.8515
2010-23-10 12:00:00,0,-2.123,542255.6772
2010-23-10 13:00:00,0,-1.803,568748.1307
2010-23-10 14:00:00,0,-1.06,593415.6032
2010-23-10 15:00:00,0,-0.141,616431.8126
2010-23-10 16:00:00,0,0.599,638796.8395
2010-23-10 17:00:00,0,1.412,663205.6202
2010-23-10 18:00:00,0.402,1.795,692400.4242
2010-23-10 19:00:00,0,1.772,723588.4646
2010-23-10 20:00:00,0.201,1.169,752041.2434
2010-23-10 21:00:00,0,0.145,774394.0151
2010-23-10 22:00:00,0,-0.856,791313.9168
2010-23-10 23:00:00,0,-1.777,805596.4898
2010-24-10 00:00:00,0,-2.206,818324.1799
2010-24-10 01:00:00,0,-1.954,829957.8828
2010-24-10 02:00:00,0,-1.441,840312.6577
2010-24-10 03:00:00,0,-0.534,849401.9221
2010-24-10 04:00:00,0,0.38,857987.9478
2010-24-10 05:00:00,0,1.273,868421.0059
2010-24-10 06:00:00,0,1.706,883059.9761
2010-24-10 07:00:00,0,1.92,899556.6304
2010-24-10 08:00:00,0,1.329,914490.4702
2010-24-10 09:00:00,0,0.448,923717.4268
2010-24-10 10:00:00,0,-0.426,927460.5068
2010-24-10 11:00:00,0,-1.392,928530.1314
2010-24-10 12:00:00,0,-2.152,928282.5352
2010-24-10 13:00:00,0,-2.075,927174.4263
2010-24-10 14:00:00,0,-1.547,925497.2764
2010-24-10 15:00:00,0,-0.737,923456.0972
2010-24-10 16:00:00,0,0.13,921211.8296
2010-24-10 17:00:00,0,1.025,920578.8911
2010-24-10 18:00:00,0,1.584,924546.2363
2010-24-10 19:00:00,0,1.903,931892.8491
2010-24-10 20:00:00,0,1.602,939585.3008
2010-24-10 21:00:00,0,0.729,943372.7988
2010-24-10 22:00:00,0,-0.276,941819.9414
2010-24-10 23:00:00,0,-1.187,937551.1021
2010-25-10 00:00:00,0,-1.984,932256.7251
2010-25-10 01:00:00,0,-2.043,926650.2603
2010-25-10 02:00:00,0,-1.573,920833.5127
2010-25-10 03:00:00,0,-0.908,914850.1133
2010-25-10 04:00:00,0,0.084,909039.7705
2010-25-10 05:00:00,0,0.91,904991.458
2010-25-10 06:00:00,0,1.596,905667.3013
2010-25-10 07:00:00,0,1.959,910781.4121
2010-25-10 08:00:00,0,1.863,917314.6836
2010-25-10 09:00:00,0,1.081,920902.3018
2010-25-10 10:00:00,0.201,0.137,919074.5601
2010-25-10 11:00:00,0,-0.737,913736.1123
2010-25-10 12:00:00,0,-1.667,906997.1729
2010-25-10 13:00:00,0,-2.073,899727.8457
2010-25-10 14:00:00,0,-1.661,892254.5059
2010-25-10 15:00:00,0,-1.049,884808.4609
2010-25-10 16:00:00,0,-0.158,877555.4409
2010-25-10 17:00:00,0,0.703,871450.4502
2010-25-10 18:00:00,0,1.473,869571.3325
2010-25-10 19:00:00,0,1.966,873045.6714
2010-25-10 20:00:00,0,2.073,879632.5889
2010-25-10 21:00:00,0,1.474,884728.2261
2010-25-10 22:00:00,0,0.528,884423.6729
2010-25-10 23:00:00,1.206,-0.375,879501.7578
2010-26-10 00:00:00,0.402,-1.198,872534.6113
2010-26-10 01:00:00,0,-1.84,864830.6199
2010-26-10 02:00:00,0,-1.623,856898.2367
2010-26-10 03:00:00,0,-0.98,849220.623
2010-26-10 04:00:00,1.809,-0.154,841832.4614
2010-26-10 05:00:00,1.407,0.508,835359.8482
2010-26-10 06:00:00,0.603,1.346,832247.807
2010-26-10 07:00:00,0.201,1.873,834982.0978
2010-26-10 08:00:00,0,2.102,841978.3563
2010-26-10 09:00:00,0.201,1.632,849560.2905
2010-26-10 10:00:00,0,0.728,852899.5953
2010-26-10 11:00:00,1.005,-0.089,851968.2839
2010-26-10 12:00:00,2.01,-0.87,849360.4229
2010-26-10 13:00:00,0,-1.743,846721.6803
2010-26-10 14:00:00,0.201,-1.898,845351.1913
2010-26-10 15:00:00,0,-1.315,845651.401
2010-26-10 16:00:00,0,-0.692,847490.0418
2010-26-10 17:00:00,0,0.097,850831.475
2010-26-10 18:00:00,0,1.02,857862.6279
2010-26-10 19:00:00,1.206,1.582,871408.6465
2010-26-10 20:00:00,4.02,2.041,889501.0659
2010-26-10 21:00:00,0.402,1.763,909637.7314
2010-26-10 22:00:00,0.201,0.933,928755.3154
2010-26-10 23:00:00,0.402,0.143,946805.2739
2010-27-10 00:00:00,0,-0.606,967307.0747
2010-27-10 01:00:00,0,-1.381,993392.8648
2010-27-10 02:00:00,0,-1.673,1021291.421
2010-27-10 03:00:00,0,-1.233,1048303.332
2010-27-10 04:00:00,0,-0.683,1073237.875
2010-27-10 05:00:00,0,0.108,1096426.991
2010-27-10 06:00:00,0.201,0.776,1119291.402
2010-27-10 07:00:00,0,1.524,1144007.362
2010-27-10 08:00:00,0,1.86,1171370.604
2010-27-10 09:00:00,0,1.77,1198350.661
2010-27-10 10:00:00,0,1.117,1222109.846
2010-27-10 11:00:00,0,0.438,1240727.006
2010-27-10 12:00:00,0,-0.36,1254860.26
2010-27-10 13:00:00,0,-1.204,1266295.348
2010-27-10 14:00:00,1.407,-1.718,1276147.466
2010-27-10 15:00:00,0,-1.462,1285201.592
2010-27-10 16:00:00,0,-0.99,1294782.514
2010-27-10 17:00:00,0,-0.34,1305262.35
2010-27-10 18:00:00,0,0.381,1316721.172
2010-27-10 19:00:00,2.01,0.98,1330193.972
2010-27-10 20:00:00,0,1.539,1347416.645
2010-27-10 21:00:00,0,1.7,1367803.51
2010-27-10 22:00:00,0,1.279,1387991.752
2010-27-10 23:00:00,0.201,0.572,1404656.527
2010-28-10 00:00:00,0.201,-0.108,1417224.006
2010-28-10 01:00:00,0,-0.84,1427769.836
2010-28-10 02:00:00,0,-1.397,1437110.412
2010-28-10 03:00:00,0,-1.388,1446068.527
2010-28-10 04:00:00,0,-0.958,1454657.799
2010-28-10 05:00:00,0,-0.381,1463144.465
2010-28-10 06:00:00,0,0.245,1472015.854
2010-28-10 07:00:00,0,0.939,1482462.275
2010-28-10 08:00:00,0,1.513,1496441.762
2010-28-10 09:00:00,0.603,1.699,1513124.352
2010-28-10 10:00:00,0.402,1.577,1530063.734
2010-28-10 11:00:00,0.201,0.953,1545078.178
2010-28-10 12:00:00,0,0.331,1556693.359
2010-28-10 13:00:00,0,-0.417,1565910.387
2010-28-10 14:00:00,0.402,-1.215,1574031.074
2010-28-10 15:00:00,0,-1.517,1581702.682
2010-28-10 16:00:00,0,-1.13,1589413.738
2010-28-10 17:00:00,0,-0.659,1597441.256
2010-28-10 18:00:00,0,-0.085,1605730.975
2010-28-10 19:00:00,0,0.471,1614713.74
2010-28-10 20:00:00,0,1.256,1625811.48
2010-28-10 21:00:00,0,1.686,1640791.158
2010-28-10 22:00:00,1.608,1.804,1657579.346
2010-28-10 23:00:00,0.201,1.408,1673724.254
2010-29-10 00:00:00,0,0.737,1687067.867
2010-29-10 01:00:00,0,0.056,1696871.549
2010-29-10 02:00:00,0,-0.549,1704463.652
2010-29-10 03:00:00,0,-0.939,1710955.885
2010-29-10 04:00:00,0,-0.955,1716712.877
2010-29-10 05:00:00,0,-0.654,1722127.795
2010-29-10 06:00:00,0,-0.083,1727552.566
2010-29-10 07:00:00,0.402,0.416,1733622.092
2010-29-10 08:00:00,0.201,0.911,1741276.521
2010-29-10 09:00:00,1.005,1.441,1751895.746
2010-29-10 10:00:00,3.015,1.597,1765015.393
2010-29-10 11:00:00,4.02,1.379,1778736.189
2010-29-10 12:00:00,1.809,0.95,1792882.648
2010-29-10 13:00:00,1.206,0.324,1808558.145
2010-29-10 14:00:00,2.01,-0.358,1827002.27
2010-29-10 15:00:00,2.01,-0.902,1854472.098
2010-29-10 16:00:00,0.402,-1.088,1895378.414
2010-29-10 17:00:00,0.804,-0.87,1945537.992
2010-29-10 18:00:00,1.809,-0.537,2000976.574
2010-29-10 19:00:00,0.603,-0.331,2059061.313
2010-29-10 20:00:00,0.201,0.328,2118108.531
2010-29-10 21:00:00,0,0.938,2178113.281
2010-29-10 22:00:00,0,1.278,2240011.398
2010-29-10 23:00:00,0,1.317,2302042.301
2010-30-10 00:00:00,0.201,0.963,2362520.523
2010-30-10 01:00:00,0.402,0.465,2420278.41
2010-30-10 02:00:00,0,-0.113,2474009.262
2010-30-10 03:00:00,0,-0.569,2524163.52
2010-30-10 04:00:00,0,-0.791,2571719.313
2010-30-10 05:00:00,0,-0.882,2617052.59
2010-30-10 06:00:00,0.201,-0.654,2659836.324
2010-30-10 07:00:00,0,-0.139,2700560.711
2010-30-10 08:00:00,0,0.337,2740451.926
2010-30-10 09:00:00,0,0.893,2780426.609
2010-30-10 10:00:00,0,1.274,2821779.469
2010-30-10 11:00:00,0,1.454,2863381.859
2010-30-10 12:00:00,0,1.273,2903397.688
2010-30-10 13:00:00,0,0.84,2940429.539
2010-30-10 14:00:00,0,0.269,2973781.398
2010-30-10 15:00:00,0,-0.277,3003203.641
2010-30-10 16:00:00,0,-0.862,3030175.664
2010-30-10 17:00:00,0,-1.035,3055452.484
2010-30-10 18:00:00,0,-0.969,3079336.305
2010-30-10 19:00:00,0,-0.845,3102168.008
2010-30-10 20:00:00,0,-0.45,3124006.07
2010-30-10 21:00:00,0,0.122,3145285.617
2010-30-10 22:00:00,0,0.599,3166698.953
2010-30-10 23:00:00,0,1.153,3189705.086
2010-31-10 00:00:00,0,1.287,3214645.344
2010-31-10 01:00:00,0,1.018,3238847.258
2010-31-10 02:00:00,0,0.657,3261090.594
2010-31-10 03:00:00,0,0.187,3280832.656
2010-31-10 04:00:00,0,-0.271,3298302.859
2010-31-10 05:00:00,0,-0.683,3314339.547
2010-31-10 06:00:00,0,-0.778,3329253.328
2010-31-10 07:00:00,0,-0.57,3343596.445
2010-31-10 08:00:00,0,-0.28,3357740.523
2010-31-10 09:00:00,0,0.038,3371939.875
2010-31-10 10:00:00,0,0.676,3386610.766
2010-31-10 11:00:00,0,1.108,3403254.656
2010-31-10 12:00:00,0,1.302,3421727.32
2010-31-10 13:00:00,0,1.214,3440407.852
2010-31-10 14:00:00,0,0.885,3457848.641
2010-31-10 15:00:00,0,0.405,3473221.422
2010-31-10 16:00:00,0,-0.184,3485993.742
2010-31-10 17:00:00,0,-0.84,3496807.945
2010-31-10 18:00:00,0,-1.239,3506569.414
2010-31-10 19:00:00,0,-1.27,3515869.313
2010-31-10 20:00:00,0,-1.13,3524926.133
2010-31-10 21:00:00,0,-0.814,3533845.859
2010-31-10 22:00:00,0,-0.198,3542781.25
2010-31-10 23:00:00,0,0.504,3552240.609
11/01/2010 00:00,0,0.968,3563669.32
11/01/2010 01:00,0,1.192,3577323.07
11/01/2010 02:00,0,1.163,3591305.516
11/01/2010 03:00,0,0.749,3604323.883
11/01/2010 04:00,0,0.269,3615190.086
11/01/2010 05:00,0,-0.213,3623781.359
11/01/2010 06:00,0,-0.773,3631030.289
11/01/2010 07:00,0,-1.023,3637540.023
11/01/2010 08:00,0,-0.931,3643629.164
11/01/2010 09:00,0.603,-0.608,3649377.578
11/01/2010 10:00,0.603,-0.181,3654996.969
11/01/2010 11:00,0,0.479,3661108.469
11/01/2010 12:00,0.402,1.064,3669330.234
11/01/2010 13:00,0.201,1.394,3680396.406
11/01/2010 14:00,0.201,1.488,3692576.609
11/01/2010 15:00,0.201,1.262,3704578.813
11/01/2010 16:00,0.804,0.83,3715308.938
11/01/2010 17:00,1.005,0.15,3724163.328
11/01/2010 18:00,0.402,-0.718,3731459.906
11/01/2010 19:00,0,-1.288,3739317.75
11/01/2010 20:00,0,-1.333,3748664.203
11/01/2010 21:00,0,-1.162,3759209.625
11/01/2010 22:00,0,-0.814,3770845.75
11/01/2010 23:00,0,-0.244,3783395.875
11/02/2010 00:00,0,0.626,3797016.578
11/02/2010 01:00,0,1.274,3813590.547
11/02/2010 02:00,0,1.565,3832809.25
11/02/2010 03:00,0,1.541,3852478.859
11/02/2010 04:00,0,1.213,3870951.859
11/02/2010 05:00,3.618,0.54,3886750.703
11/02/2010 06:00,0,-0.16,3899583.141
11/02/2010 07:00,1.005,-0.725,3911315.953
11/02/2010 08:00,0.402,-1.303,3923553.453
11/02/2010 09:00,0.402,-1.255,3937321.656
11/02/2010 10:00,1.407,-0.757,3953464.922
11/02/2010 11:00,1.005,-0.233,3973490.344
11/02/2010 12:00,2.412,0.427,3998156.438
11/02/2010 13:00,0.603,1.17,4028137.078
11/02/2010 14:00,2.412,1.675,4065403.953
11/02/2010 15:00,3.015,1.975,4112360.266
11/02/2010 16:00,3.216,1.696,4167910.422
11/02/2010 17:00,1.005,0.835,4230849.531
11/02/2010 18:00,0.804,0.085,4302472.234
11/02/2010 19:00,2.211,-0.872,4383315.563
11/02/2010 20:00,0,-1.487,4470688.234
11/02/2010 21:00,0,-1.704,4559349.047
11/02/2010 22:00,0,-1.51,4642450.031
11/02/2010 23:00,0,-1.046,4717182.078
11/03/2010 00:00,0,-0.304,4784079.406
11/03/2010 01:00,0,0.561,4845552.75
11/03/2010 02:00,0,1.352,4905191.203
11/03/2010 03:00,0,1.803,4964157.109
11/03/2010 04:00,0.201,1.669,5020967.031
11/03/2010 05:00,0,1.092,5074171.984
11/03/2010 06:00,0,0.507,5123014.313
11/03/2010 07:00,0.402,-0.401,5166932.578
11/03/2010 08:00,0.201,-1.225,5206783.125
11/03/2010 09:00,0,-1.658,5244339.703
11/03/2010 10:00,0.201,-1.601,5280565.781
11/03/2010 11:00,0.201,-1.086,5315623.969
11/03/2010 12:00,0.603,-0.264,5349711.578
11/03/2010 13:00,0.402,0.379,5383862.281
11/03/2010 14:00,0.201,1.124,5419682.891
11/03/2010 15:00,0,1.766,5458273.672
11/03/2010 16:00,0,1.963,5498295.719
11/03/2010 17:00,0,1.609,5537437.844
11/03/2010 18:00,0.201,0.787,5573470.547
11/03/2010 19:00,0.603,-0.115,5605525.922
11/03/2010 20:00,1.206,-1.061,5634234.266
11/03/2010 21:00,1.005,-1.738,5661766.047
11/03/2010 22:00,0.402,-1.819,5690128.078
11/03/2010 23:00,0.201,-1.529,5720252.266
11/04/2010 00:00,0.402,-0.904,5752171.359
11/04/2010 01:00,0.201,0.164,5786096.125
11/04/2010 02:00,0.201,1.046,5824679.922
11/04/2010 03:00,0.603,1.806,5869355.422
11/04/2010 04:00,0.603,2.347,5918452.047
11/04/2010 05:00,1.407,2.127,5970173.844
11/04/2010 06:00,0.402,1.45,6021688.625
11/04/2010 07:00,0.201,0.497,6071933.531
11/04/2010 08:00,0.201,-0.489,6120728.25
11/04/2010 09:00,0,-1.526,6168802.125
11/04/2010 10:00,0,-1.895,6216873.938
11/04/2010 11:00,0.201,-1.673,6264590.688
11/04/2010 12:00,0.402,-1.083,6311078.063
11/04/2010 13:00,1.206,-0.237,6356192.563
11/04/2010 14:00,2.412,0.654,6401774.406
11/04/2010 15:00,1.809,1.677,6452124.625
11/04/2010 16:00,0.603,2.295,6510425.063
11/04/2010 17:00,0.402,2.315,6578596.531
11/04/2010 18:00,0,1.545,6655282.75
11/04/2010 19:00,0.201,0.591,6735808.531
11/04/2010 20:00,0.804,-0.333,6814846.594
11/04/2010 21:00,0,-1.463,6890071.844
11/04/2010 22:00,0,-2.263,6962358.875
11/04/2010 23:00,0.402,-2.284,7032573.031
11/05/2010 00:00,0,-1.797,7099104.344
11/05/2010 01:00,0,-0.86,7160924.063
11/05/2010 02:00,0,0.044,7218529.906
11/05/2010 03:00,0,1.124,7274620.625
11/05/2010 04:00,0,1.889,7332022.344
11/05/2010 05:00,0,2.291,7389783.656
11/05/2010 06:00,0,1.941,7446417.594
11/05/2010 07:00,0,1.011,7499483.844
11/05/2010 08:00,0,-0.038,7547565.938
11/05/2010 09:00,0,-1.017,7591115.156
11/05/2010 10:00,0,-2.037,7631891.094
11/05/2010 11:00,0.402,-2.352,7670864.813
11/05/2010 12:00,0.402,-1.913,7708577.094
11/05/2010 13:00,0.402,-1.287,7745494.188
11/05/2010 14:00,0,-0.181,7781910.438
11/05/2010 15:00,0.201,0.805,7819047.063
11/05/2010 16:00,0,1.766,7859330.344
11/05/2010 17:00,0,2.266,7902123.188
11/05/2010 18:00,0,2.121,7945342.781
11/05/2010 19:00,0.402,1.369,7986508.719
11/05/2010 20:00,0.402,0.346,8023948.719
11/05/2010 21:00,0.402,-0.713,8057402.531
11/05/2010 22:00,0,-1.891,8088487.281
11/05/2010 23:00,0,-2.48,8118649.781
11/06/2010 00:00,0,-2.322,8148319.906
11/06/2010 01:00,0.201,-1.792,8177564.844
11/06/2010 02:00,0,-0.682,8206424.781
11/06/2010 03:00,0,0.371,8235368.719
11/06/2010 04:00,0,1.409,8266628.5
11/06/2010 05:00,0,2.088,8300980.656
11/06/2010 06:00,0,2.412,8336972.938
11/06/2010 07:00,0,1.728,8372393.5
11/06/2010 08:00,0,0.663,8404541.125
11/06/2010 09:00,0,-0.32,8432774.063
11/06/2010 10:00,0,-1.473,8458168.656
11/06/2010 11:00,1.206,-2.499,8482220.25
11/06/2010 12:00,0.201,-2.539,8505759.875
11/06/2010 13:00,0,-1.878,8529336.438
11/06/2010 14:00,1.206,-1.076,8553255.781
11/06/2010 15:00,0.201,0.066,8577906.906
11/06/2010 16:00,0,0.949,8605265.281
11/06/2010 17:00,0,1.794,8636726.156
11/06/2010 18:00,0,2.273,8671371.469
11/06/2010 19:00,0,2.021,8707267.313
11/06/2010 20:00,0,0.951,8741515.094
11/06/2010 21:00,0,-0.051,8772318.25
11/06/2010 22:00,0,-1.148,8800090.813
11/06/2010 23:00,0,-2.16,8826235.813
11/07/2010 00:00,0,-2.613,8851651
11/07/2010 01:00,0,-2.318,8876555.875
11/07/2010 02:00,0.201,-1.502,8900959.531
11/07/2010 03:00,0,-0.448,8925018.5
11/07/2010 04:00,0,0.689,8949628.063
11/07/2010 05:00,0,1.576,8977171.75
11/07/2010 06:00,0,2.185,9007250.125
11/07/2010 07:00,0,2.186,9038402.125
11/07/2010 08:00,0,1.446,9068371.688
11/07/2010 09:00,0,0.322,9095182.625
11/07/2010 10:00,0,-0.812,9118335.438
11/07/2010 11:00,0,-1.956,9139247.75
11/07/2010 12:00,0,-2.655,9159247.688
11/07/2010 13:00,0,-2.322,9178800.75
11/07/2010 14:00,0,-1.813,9197959.063
11/07/2010 15:00,0,-0.821,9216748.188
11/07/2010 16:00,0,0.342,9235573.188
11/07/2010 17:00,0.402,1.38,9256666.375
11/07/2010 18:00,1.407,2.192,9280935.063
11/07/2010 19:00,2.814,2.649,9307645.75
11/07/2010 20:00,4.422,2.174,9335864.563
11/07/2010 21:00,1.608,1.165,9365396.375
11/07/2010 22:00,2.613,0.478,9397209.875
11/07/2010 23:00,1.608,-0.8,9433585.375
11/08/2010 00:00,0.402,-2.169,9479063.813
11/08/2010 01:00,1.809,-2.074,9536732.813
11/08/2010 02:00,0,-1.448,9604991.313
11/08/2010 03:00,0.402,-0.712,9679277.625
11/08/2010 04:00,0.201,0.309,9754470.938
11/08/2010 05:00,0,1.188,9828804
11/08/2010 06:00,0.402,2.056,9901395.938
11/08/2010 07:00,0.402,2.517,9971352.5
11/08/2010 08:00,1.005,2.348,10038086.69
11/08/2010 09:00,1.005,1.544,10101322
11/08/2010 10:00,0.201,0.251,10161209.75
11/08/2010 11:00,0.201,-0.749,10219020.25
11/08/2010 12:00,0,-1.88,10276387.19
11/08/2010 13:00,0,-2.298,10333564.38
11/08/2010 14:00,0,-1.944,10389668.44
11/08/2010 15:00,0,-1.384,10443528.06
11/08/2010 16:00,0,-0.406,10494189.81
11/08/2010 17:00,0,0.539,10542428.19
11/08/2010 18:00,0,1.447,10591010.44
11/08/2010 19:00,0,1.978,10640257.06
11/08/2010 20:00,2.613,2.023,10688956.81
11/08/2010 21:00,2.01,1.286,10736012
11/08/2010 22:00,0,0.447,10781476.13
11/08/2010 23:00,0,-0.474,10825279.75
11/09/2010 00:00,0,-1.676,10867588.56
11/09/2010 01:00,0,-2.238,10909228.44
11/09/2010 02:00,0.201,-2.1,10950131.81
11/09/2010 03:00,0.201,-1.486,10990007
11/09/2010 04:00,0,-0.661,11028802.44
11/09/2010 05:00,0,0.142,11066829.81
11/09/2010 06:00,0,0.976,11105238.63
11/09/2010 07:00,0,1.729,11144880.06
11/09/2010 08:00,0,2.042,11185096
11/09/2010 09:00,0,1.481,11224431.13
11/09/2010 10:00,0,0.578,11261238.69
11/09/2010 11:00,0,-0.267,11294847.44
11/09/2010 12:00,0,-1.288,11325712.88
11/09/2010 13:00,0,-2.192,11354791.06
11/09/2010 14:00,0,-2.392,11382717.75
11/09/2010 15:00,0,-1.939,11409621.56
11/09/2010 16:00,0,-1.206,11435537.56
11/09/2010 17:00,0,-0.35,11460617.88
11/09/2010 18:00,0,0.452,11485578.38
11/09/2010 19:00,0,1.292,11511899.13
11/09/2010 20:00,0,1.726,11539610.94
11/09/2010 21:00,0,1.628,11567461.31
11/09/2010 22:00,0,1.011,11593934.63
11/09/2010 23:00,0,0.129,11617859.81
11/10/2010 00:00,0,-0.661,11638968.5
11/10/2010 01:00,0,-1.575,11658241.81
11/10/2010 02:00,0,-1.899,11676491.13
11/10/2010 03:00,0,-1.53,11694127.31
11/10/2010 04:00,0,-0.93,11711273.13
11/10/2010 05:00,0,-0.247,11728177.63
11/10/2010 06:00,0,0.496,11745526.69
11/10/2010 07:00,0,1.316,11764652.38
11/10/2010 08:00,0,1.85,11785627.88
11/10/2010 09:00,0,1.99,11807573.19
11/10/2010 10:00,0,1.349,11828940.88
11/10/2010 11:00,0,0.492,11848121.75
11/10/2010 12:00,0.201,-0.187,11864792.06
11/10/2010 13:00,0,-1.112,11879546.13
11/10/2010 14:00,0,-1.826,11893202.19
11/10/2010 15:00,0,-1.757,11906380.5
11/10/2010 16:00,0,-1.308,11919275.63
11/10/2010 17:00,0,-0.678,11931984.31
11/10/2010 18:00,0,0.044,11944862
11/10/2010 19:00,0,0.765,11958879.81
11/10/2010 20:00,0,1.388,11974803.19
11/10/2010 21:00,0,1.775,11992206.94
11/10/2010 22:00,0,1.625,12010114.25
11/10/2010 23:00,0.804,1.034,12027102.94
11/11/2010 00:00,1.206,0.381,12042268.5
11/11/2010 01:00,0.804,-0.241,12055515
11/11/2010 02:00,1.005,-0.806,12067479.44
11/11/2010 03:00,0.603,-0.844,12079408.63
11/11/2010 04:00,0.804,-0.469,12092638.5
11/11/2010 05:00,1.206,-0.167,12107803.19
11/11/2010 06:00,0,0.425,12125404.56
11/11/2010 07:00,0,1.202,12146457.5
11/11/2010 08:00,0,1.982,12171069.94
11/11/2010 09:00,0.603,2.289,12198408.69
11/11/2010 10:00,0,2.14,12226984.69
11/11/2010 11:00,0.402,1.646,12255303.5
11/11/2010 12:00,0,1.087,12282583.19
11/11/2010 13:00,0,0.422,12308650.19
11/11/2010 14:00,0.201,-0.337,12333180.06
11/11/2010 15:00,1.608,-0.997,12356586.56
11/11/2010 16:00,0.201,-0.747,12379812.75
11/11/2010 17:00,0,-0.627,12403885.44
11/11/2010 18:00,0,-0.001,12428945.94
11/11/2010 19:00,0.201,0.453,12455565.19
11/11/2010 20:00,0,1.01,12484016.31
11/11/2010 21:00,0,1.46,12513986
11/11/2010 22:00,0,1.554,12544720.75
11/11/2010 23:00,0,1.096,12574805
11/12/2010 00:00,0,0.705,12603101.06
11/12/2010 01:00,0,0.105,12629272.13
11/12/2010 02:00,0,-0.536,12653024.06
11/12/2010 03:00,0,-0.932,12675063.13
11/12/2010 04:00,0,-0.954,12696712.44
11/12/2010 05:00,0.201,-0.65,12718355.13
11/12/2010 06:00,1.608,-0.257,12740068.44
11/12/2010 07:00,0,0.191,12762190.19
11/12/2010 08:00,1.206,0.749,12785287
11/12/2010 09:00,0,1.373,12809648.5
11/12/2010 10:00,0,1.518,12834877.19
11/12/2010 11:00,0.201,1.323,12859882.75
11/12/2010 12:00,1.005,0.924,12883669.19
11/12/2010 13:00,0,0.399,12905628.75
11/12/2010 14:00,0,-0.249,12925745.19
11/12/2010 15:00,0,-0.832,12943948.5
11/12/2010 16:00,0,-1.039,12960478.06
11/12/2010 17:00,0,-0.958,12976316.31
11/12/2010 18:00,0,-0.655,12992005.94
11/12/2010 19:00,0.402,-0.18,13007798.13
11/12/2010 20:00,0.201,0.266,13023986.63
11/12/2010 21:00,0.201,0.765,13041075.75
11/12/2010 22:00,0,1.215,13059440.81
11/12/2010 23:00,2.814,1.299,13078499.88
2010-13-11 00:00:00,0.402,1.029,13097173.75
2010-13-11 01:00:00,0.201,0.682,13115335.13
2010-13-11 02:00:00,0,0.198,13132583.38
2010-13-11 03:00:00,1.206,-0.265,13148544.63
2010-13-11 04:00:00,1.206,-0.514,13163549
2010-13-11 05:00:00,0.402,-0.522,13178491.88
2010-13-11 06:00:00,0,-0.359,13193889
2010-13-11 07:00:00,0.201,-0.122,13209571.75
2010-13-11 08:00:00,1.005,0.321,13225784.38
2010-13-11 09:00:00,0.402,0.825,13243335.25
2010-13-11 10:00:00,0,1.155,13262247.75
2010-13-11 11:00:00,0,1.341,13281957
2010-13-11 12:00:00,0,1.225,13302022.5
2010-13-11 13:00:00,1.206,0.833,13321583.25
2010-13-11 14:00:00,0.402,0.349,13340023.88
2010-13-11 15:00:00,0.402,-0.139,13357598.75
2010-13-11 16:00:00,0,-0.652,13374536.63
2010-13-11 17:00:00,1.206,-0.878,13391254.88
2010-13-11 18:00:00,2.613,-0.796,13408404.25
2010-13-11 19:00:00,0,-0.543,13427421.38
2010-13-11 20:00:00,0,-0.291,13448016.38
2010-13-11 21:00:00,0,0.068,13469502
2010-13-11 22:00:00,0,0.615,13492770.13
2010-13-11 23:00:00,0,0.924,13518541.25
2010-14-11 00:00:00,0,1.065,13545052
2010-14-11 01:00:00,0,0.989,13570894.38
2010-14-11 02:00:00,0,0.529,13595101
2010-14-11 03:00:00,0,0.258,13616927.13
2010-14-11 04:00:00,0,-0.039,13636564.88
2010-14-11 05:00:00,0,-0.387,13654104.63
2010-14-11 06:00:00,0,-0.494,13670102.25
2010-14-11 07:00:00,0,-0.401,13685417.25
2010-14-11 08:00:00,0,-0.046,13700306
2010-14-11 09:00:00,0,0.252,13715161.75
2010-14-11 10:00:00,0,0.616,13730109.5
2010-14-11 11:00:00,0,0.957,13745358.13
2010-14-11 12:00:00,0.201,1.2,13760784.13
2010-14-11 13:00:00,0,1.105,13776046.5
2010-14-11 14:00:00,0,0.802,13790181.38
2010-14-11 15:00:00,0,0.382,13802409.88
2010-14-11 16:00:00,0,-0.081,13812630.63
2010-14-11 17:00:00,0,-0.522,13820884.38
2010-14-11 18:00:00,0,-0.762,13827874.13
2010-14-11 19:00:00,0,-0.791,13834105.25
2010-14-11 20:00:00,0,-0.675,13839789.75
2010-14-11 21:00:00,0,-0.37,13845012.88
2010-14-11 22:00:00,0,0.014,13849901.63
2010-14-11 23:00:00,0,0.469,13855182.63
2010-15-11 00:00:00,0,0.786,13861274.75
2010-15-11 01:00:00,0,0.985,13867852.88
2010-15-11 02:00:00,0,0.925,13874209.75
2010-15-11 03:00:00,0,0.6,13879649.75
2010-15-11 04:00:00,0,0.311,13883837.13
2010-15-11 05:00:00,0,-0.031,13886795.88
2010-15-11 06:00:00,0,-0.407,13888543.25
2010-15-11 07:00:00,0,-0.609,13889407.25
2010-15-11 08:00:00,0.201,-0.545,13889701.88
2010-15-11 09:00:00,0,-0.253,13889553.63
2010-15-11 10:00:00,0,-0.034,13889359.63
2010-15-11 11:00:00,0,0.44,13889628.88
2010-15-11 12:00:00,0,0.787,13890871.5
2010-15-11 13:00:00,0,1.033,13892903.13
2010-15-11 14:00:00,0,0.981,13895151.38
2010-15-11 15:00:00,0,0.755,13896798.88
2010-15-11 16:00:00,0,0.275,13896962.88
2010-15-11 17:00:00,0,-0.156,13895442.63
2010-15-11 18:00:00,0,-0.633,13892609.88
2010-15-11 19:00:00,0,-1.005,13888903.88
2010-15-11 20:00:00,0,-1.034,13884652.88
2010-15-11 21:00:00,0,-0.906,13880090.25
2010-15-11 22:00:00,0,-0.498,13875338.5
2010-15-11 23:00:00,0,-0.092,13870674.75
2010-16-11 00:00:00,0,0.328,13866478.25
2010-16-11 01:00:00,0,0.784,13863044.63
2010-16-11 02:00:00,0,1.017,13860380
2010-16-11 03:00:00,0,0.949,13857855.75
2010-16-11 04:00:00,0,0.644,13854568
2010-16-11 05:00:00,0,0.24,13849960.13
2010-16-11 06:00:00,0,-0.149,13843856.38
2010-16-11 07:00:00,0,-0.581,13836436.88
2010-16-11 08:00:00,0,-0.788,13828116.25
2010-16-11 09:00:00,0,-0.759,13819153.63
2010-16-11 10:00:00,0,-0.469,13809813.5
2010-16-11 11:00:00,0,-0.132,13800292.5
2010-16-11 12:00:00,0,0.471,13791231.38
2010-16-11 13:00:00,0,0.866,13783002.5
2010-16-11 14:00:00,0,1.153,13775380
2010-16-11 15:00:00,0,1.256,13767981.38
2010-16-11 16:00:00,0,0.999,13760004.38
2010-16-11 17:00:00,0,0.512,13750516
2010-16-11 18:00:00,0.201,0.011,13739067.5
2010-16-11 19:00:00,1.206,-0.446,13725925.13
2010-16-11 20:00:00,2.01,-0.74,13711806.5
2010-16-11 21:00:00,1.005,-0.782,13697608.13
2010-16-11 22:00:00,3.015,-0.565,13684094.75
2010-16-11 23:00:00,1.005,-0.031,13672151.13
2010-17-11 00:00:00,1.608,0.571,13664024.13
2010-17-11 01:00:00,6.432,1.177,13661145.38
2010-17-11 02:00:00,1.206,1.393,13664542.75
2010-17-11 03:00:00,0,1.621,13676083.63
2010-17-11 04:00:00,0,1.534,13698228.5
2010-17-11 05:00:00,0,1.089,13730220.13
2010-17-11 06:00:00,0,0.524,13764710.75
2010-17-11 07:00:00,0,-0.109,13796834.63
2010-17-11 08:00:00,0,-0.634,13825095.25
2010-17-11 09:00:00,0,-0.803,13849656.63
2010-17-11 10:00:00,0.201,-0.65,13871586.75
2010-17-11 11:00:00,0,-0.309,13891498.38
2010-17-11 12:00:00,0,0.212,13909829.38
2010-17-11 13:00:00,0,0.735,13928109.63
2010-17-11 14:00:00,0,1.286,13947713.25
2010-17-11 15:00:00,0,1.692,13968547.63
2010-17-11 16:00:00,0.804,1.599,13989270.38
2010-17-11 17:00:00,0.201,1.193,14008570.38
2010-17-11 18:00:00,0.402,0.719,14025897.75
2010-17-11 19:00:00,1.809,-0.061,14041332.75
2010-17-11 20:00:00,0.201,-0.515,14055325
2010-17-11 21:00:00,0.402,-0.851,14069274.38
2010-17-11 22:00:00,0.201,-1.032,14084604.13
2010-17-11 23:00:00,3.417,-0.709,14101748.63
2010-18-11 00:00:00,5.226,-0.096,14122117.75
2010-18-11 01:00:00,1.407,0.45,14151888.38
2010-18-11 02:00:00,1.608,1,14195544.38
2010-18-11 03:00:00,2.412,1.423,14253430.88
2010-18-11 04:00:00,1.005,1.548,14322750.63
2010-18-11 05:00:00,0.603,1.368,14398425.13
2010-18-11 06:00:00,0.201,0.819,14477016.38
2010-18-11 07:00:00,0.201,-0.005,14555554.13
2010-18-11 08:00:00,0,-0.439,14632419.88
2010-18-11 09:00:00,0,-0.813,14705700.75
2010-18-11 10:00:00,0.603,-1.191,14770726.38
2010-18-11 11:00:00,0.201,-0.989,14828616.25
2010-18-11 12:00:00,0,-0.366,14882748.13
2010-18-11 13:00:00,0,0.145,14936300
2010-18-11 14:00:00,0,0.792,14991434.88
2010-18-11 15:00:00,0,1.337,15048300.63
2010-18-11 16:00:00,0,1.452,15105968.5
2010-18-11 17:00:00,0.201,1.263,15162053.13
2010-18-11 18:00:00,0.402,0.777,15211717.25
2010-18-11 19:00:00,0.201,0.063,15253997.25
2010-18-11 20:00:00,0,-0.745,15290610.75
2010-18-11 21:00:00,0,-1.228,15322876.5
2010-18-11 22:00:00,0.201,-1.572,15352061.63
2010-18-11 23:00:00,0.402,-1.412,15379175
2010-19-11 00:00:00,0,-0.943,15404935.63
2010-19-11 01:00:00,0,-0.241,15429761.63
2010-19-11 02:00:00,0,0.381,15454177
2010-19-11 03:00:00,0,1.165,15479459.63
2010-19-11 04:00:00,0,1.503,15505524.88
2010-19-11 05:00:00,0,1.438,15530722.88
2010-19-11 06:00:00,0,1.135,15553959.88
2010-19-11 07:00:00,0,0.474,15574623.13
2010-19-11 08:00:00,0,-0.253,15592255.13
2010-19-11 09:00:00,0.201,-0.942,15607188.5
2010-19-11 10:00:00,0,-1.446,15620534.25
2010-19-11 11:00:00,0,-1.439,15633129.25
2010-19-11 12:00:00,0,-0.937,15645064.63
2010-19-11 13:00:00,0,-0.343,15656553.75
2010-19-11 14:00:00,0,0.242,15668307.13
2010-19-11 15:00:00,0,1.047,15681436.88
2010-19-11 16:00:00,0,1.516,15696304.88
2010-19-11 17:00:00,0,1.597,15711613.13
2010-19-11 18:00:00,0,1.316,15726380.38
2010-19-11 19:00:00,0,0.577,15739441.38
2010-19-11 20:00:00,0,-0.24,15749906.13
2010-19-11 21:00:00,0,-0.969,15758220.75
2010-19-11 22:00:00,0,-1.483,15765686
2010-19-11 23:00:00,0,-1.603,15772927.75
2010-20-11 00:00:00,0,-1.178,15779966
2010-20-11 01:00:00,0,-0.558,15786766.75
2010-20-11 02:00:00,0.201,0.17,15794146.63
2010-20-11 03:00:00,0,0.906,15803485
2010-20-11 04:00:00,0,1.632,15815174.25
2010-20-11 05:00:00,0,1.823,15828172.13
2010-20-11 06:00:00,0,1.614,15841090
2010-20-11 07:00:00,0,0.985,15852710.88
2010-20-11 08:00:00,0,0.255,15862191.63
2010-20-11 09:00:00,0,-0.658,15869477.5
2010-20-11 10:00:00,0,-1.44,15875457.13
2010-20-11 11:00:00,0,-1.718,15881135
2010-20-11 12:00:00,0,-1.429,15886701.13
2010-20-11 13:00:00,0,-0.902,15892000.25
2010-20-11 14:00:00,0,-0.147,15897544.25
2010-20-11 15:00:00,0,0.633,15904609.38
2010-20-11 16:00:00,0,1.394,15914212.75
2010-20-11 17:00:00,0,1.772,15925768.5
2010-20-11 18:00:00,0,1.755,15937904.38
2010-20-11 19:00:00,0,1.161,15948947.25
2010-20-11 20:00:00,0,0.378,15957912.38
2010-20-11 21:00:00,0,-0.523,15964345.63
2010-20-11 22:00:00,0,-1.225,15969196
2010-20-11 23:00:00,0,-1.577,15973611.25
2010-21-11 00:00:00,0,-1.537,15977968
2010-21-11 01:00:00,0,-0.877,15982310.5
2010-21-11 02:00:00,0,-0.111,15986974.38
2010-21-11 03:00:00,0,0.547,15992896
2010-21-11 04:00:00,0,1.319,16001167.88
2010-21-11 05:00:00,0,1.853,16011472.5
2010-21-11 06:00:00,0,1.934,16022693.63
2010-21-11 07:00:00,0,1.458,16033318.38
2010-21-11 08:00:00,0,0.614,16041865.63
2010-21-11 09:00:00,0,-0.252,16047794.63
2010-21-11 10:00:00,0,-1.124,16051854.5
2010-21-11 11:00:00,0,-1.779,16055226.5
2010-21-11 12:00:00,0,-1.901,16058487.13
2010-21-11 13:00:00,0.201,-1.477,16061646
2010-21-11 14:00:00,0,-0.723,16064560.5
2010-21-11 15:00:00,0,0.108,16067921.13
2010-21-11 16:00:00,0,0.912,16073324.13
2010-21-11 17:00:00,0,1.553,16081130.63
2010-21-11 18:00:00,0,1.813,16090397.13
2010-21-11 19:00:00,0,1.534,16099655
2010-21-11 20:00:00,0,0.812,16107325
2010-21-11 21:00:00,0,-0.084,16112457
2010-21-11 22:00:00,0,-1.044,16115396
2010-21-11 23:00:00,0,-1.723,16117430.13
2010-22-11 00:00:00,0,-1.877,16119297.63
2010-22-11 01:00:00,0,-1.545,16121073.25
2010-22-11 02:00:00,0,-0.875,16122772.38
2010-22-11 03:00:00,0,0.034,16124847
2010-22-11 04:00:00,0,0.804,16128618.5
2010-22-11 05:00:00,0,1.61,16134799
2010-22-11 06:00:00,0,1.996,16143091.88
2010-22-11 07:00:00,0,1.839,16151861.63
2010-22-11 08:00:00,0,1.138,16159050.25
2010-22-11 09:00:00,0,0.236,16163497.75
2010-22-11 10:00:00,0,-0.662,16165368.63
2010-22-11 11:00:00,0,-1.6,16165859.5
2010-22-11 12:00:00,0,-2.021,16165981.38
2010-22-11 13:00:00,0,-1.915,16165979.75
2010-22-11 14:00:00,0,-1.297,16165832.5
2010-22-11 15:00:00,0,-0.399,16165536.88
2010-22-11 16:00:00,0,0.408,16166291.88
2010-22-11 17:00:00,0,1.188,16169349.88
2010-22-11 18:00:00,0,1.673,16174281.88
2010-22-11 19:00:00,0,1.853,16180177.38
2010-22-11 20:00:00,0,1.361,16185547.38
2010-22-11 21:00:00,0,0.45,16188635.75
2010-22-11 22:00:00,0,-0.516,16188899
2010-22-11 23:00:00,0,-1.368,16187433.25
2010-23-11 00:00:00,0,-1.923,16185434.5
2010-23-11 01:00:00,0,-1.889,16183263.13
2010-23-11 02:00:00,0,-1.332,16180925.63
2010-23-11 03:00:00,0,-0.462,16178541.75
2010-23-11 04:00:00,0,0.343,16177038.38
2010-23-11 05:00:00,0,1.2,16177868.38
2010-23-11 06:00:00,0,1.915,16181136.75
2010-23-11 07:00:00,0,2.081,16185740.75
2010-23-11 08:00:00,0,1.685,16189874.88
2010-23-11 09:00:00,0,0.821,16191892.88
2010-23-11 10:00:00,0,-0.096,16190965.88
2010-23-11 11:00:00,0,-1.035,16187565
2010-23-11 12:00:00,0,-1.934,16182989
2010-23-11 13:00:00,0,-2.125,16178101.5
2010-23-11 14:00:00,0,-1.695,16172995.63
2010-23-11 15:00:00,0.201,-1.061,16167671.25
2010-23-11 16:00:00,0,-0.159,16162439.13
2010-23-11 17:00:00,0,0.675,16158687.25
2010-23-11 18:00:00,0,1.417,16157320
2010-23-11 19:00:00,0,1.901,16157749.63
2010-23-11 20:00:00,0,1.81,16158657.63
2010-23-11 21:00:00,0,1.021,16158039.63
2010-23-11 22:00:00,0,0.127,16154537.63
2010-23-11 23:00:00,0,-0.735,16148468.13
2010-24-11 00:00:00,0,-1.604,16141023.63
2010-24-11 01:00:00,0,-1.914,16133078.25
2010-24-11 02:00:00,0,-1.628,16124831
2010-24-11 03:00:00,0,-0.963,16116281.38
2010-24-11 04:00:00,0,-0.09,16107810.75
2010-24-11 05:00:00,0.201,0.733,16100819.38
2010-24-11 06:00:00,0,1.523,16096187.88
2010-24-11 07:00:00,0.201,1.928,16093235.13
2010-24-11 08:00:00,0,2.014,16090779.25
2010-24-11 09:00:00,0,1.381,16087211.13
2010-24-11 10:00:00,0,0.459,16080864.13
2010-24-11 11:00:00,0,-0.435,16071492.5
2010-24-11 12:00:00,0,-1.405,16060126.25
2010-24-11 13:00:00,0,-2.099,16047899.25
2010-24-11 14:00:00,0,-2.043,16035060.13
2010-24-11 15:00:00,0,-1.544,16021576
2010-24-11 16:00:00,0,-0.772,16007735.63
2010-24-11 17:00:00,0,0.013,15994054.13
2010-24-11 18:00:00,0,0.874,15981669.5
2010-24-11 19:00:00,0,1.49,15971036
2010-24-11 20:00:00,0,1.843,15961337
2010-24-11 21:00:00,0,1.454,15951068.13
2010-24-11 22:00:00,0,0.654,15938293.88
2010-24-11 23:00:00,0,-0.219,15922336.63
2010-25-11 00:00:00,0,-1.074,15903873.13
2010-25-11 01:00:00,0,-1.841,15884091.5
2010-25-11 02:00:00,0,-1.932,15863699.88
2010-25-11 03:00:00,0,-1.49,15842910.5
2010-25-11 04:00:00,0,-0.799,15821804.63
2010-25-11 05:00:00,0,0.051,15801043
2010-25-11 06:00:00,0,0.788,15781752.88
2010-25-11 07:00:00,0,1.49,15764029.88
2010-25-11 08:00:00,0,1.912,15747814
2010-25-11 09:00:00,0,1.673,15731837.75
2010-25-11 10:00:00,0,0.901,15714261.88
2010-25-11 11:00:00,0,0.124,15694194.38
2010-25-11 12:00:00,0,-0.765,15671777.25
2010-25-11 13:00:00,0,-1.779,15648103
2010-25-11 14:00:00,0.201,-2.184,15624314.88
2010-25-11 15:00:00,0,-1.96,15600469
2010-25-11 16:00:00,0,-1.406,15576436.38
2010-25-11 17:00:00,0,-0.55,15552227.13
2010-25-11 18:00:00,0,0.085,15528620.38
2010-25-11 19:00:00,0,0.909,15506839.88
2010-25-11 20:00:00,0,1.541,15487414.63
2010-25-11 21:00:00,0.603,1.657,15469228.13
2010-25-11 22:00:00,0.402,1.178,15450499.63
2010-25-11 23:00:00,0.402,0.342,15429735.38
2010-26-11 00:00:00,0.201,-0.378,15406748
2010-26-11 01:00:00,0.201,-1.296,15382394.75
2010-26-11 02:00:00,0,-1.764,15357541.25
2010-26-11 03:00:00,0,-1.781,15332649.38
2010-26-11 04:00:00,0,-1.288,15307816.75
2010-26-11 05:00:00,0.201,-0.541,15283183.38
2010-26-11 06:00:00,0,0.129,15259220
2010-26-11 07:00:00,0,0.846,15237034.88
2010-26-11 08:00:00,0,1.433,15216992.75
2010-26-11 09:00:00,0,1.635,15198236.63
2010-26-11 10:00:00,0,1.331,15179389.38
2010-26-11 11:00:00,0,0.595,15158946
2010-26-11 12:00:00,0,-0.16,15136218.25
2010-26-11 13:00:00,0,-1.051,15111755.25
2010-26-11 14:00:00,0,-1.892,15086545.88
2010-26-11 15:00:00,0,-2.088,15061224.13
2010-26-11 16:00:00,0,-1.711,15035846.13
2010-26-11 17:00:00,0.402,-1.224,15010439.38
2010-26-11 18:00:00,0,-0.612,14985103.63
2010-26-11 19:00:00,0.201,0.171,14960378.5
2010-26-11 20:00:00,0,0.912,14937590.13
2010-26-11 21:00:00,0,1.385,14916940.25
2010-26-11 22:00:00,0,1.449,14897290
2010-26-11 23:00:00,0,0.879,14877006.88
2010-27-11 00:00:00,0.201,0.205,14854829.75
2010-27-11 01:00:00,0,-0.484,14830840.5
2010-27-11 02:00:00,0,-1.239,14805681.25
2010-27-11 03:00:00,0,-1.671,14780043.5
2010-27-11 04:00:00,0,-1.475,14754303.63
2010-27-11 05:00:00,0,-1.088,14728662.38
2010-27-11 06:00:00,0,-0.447,14703347.13
2010-27-11 07:00:00,0,0.229,14678624
2010-27-11 08:00:00,0,0.881,14655460.75
2010-27-11 09:00:00,0,1.326,14634166.38
2010-27-11 10:00:00,0,1.426,14613877.63
2010-27-11 11:00:00,0,1.073,14593314.5
2010-27-11 12:00:00,0,0.488,14571373.5
2010-27-11 13:00:00,0,-0.343,14547529.38
2010-27-11 14:00:00,0,-1.11,14522098.75
2010-27-11 15:00:00,0,-1.657,14496059.5
2010-27-11 16:00:00,0,-1.861,14469889.38
2010-27-11 17:00:00,0,-1.64,14443648.13
2010-27-11 18:00:00,0,-1.007,14417271
2010-27-11 19:00:00,0,-0.453,14390895.5
2010-27-11 20:00:00,0,0.224,14365128.75
2010-27-11 21:00:00,0,0.935,14341099.5
2010-27-11 22:00:00,0,1.315,14318978.5
2010-27-11 23:00:00,0,1.313,14297656.63
2010-28-11 00:00:00,0,0.855,14275788.63
2010-28-11 01:00:00,0,0.155,14252277.88
2010-28-11 02:00:00,0,-0.439,14227050.38
2010-28-11 03:00:00,0,-1.089,14200784.25
2010-28-11 04:00:00,0,-1.385,14174038.88
2010-28-11 05:00:00,0,-1.334,14147141.13
2010-28-11 06:00:00,0,-0.934,14120225.13
2010-28-11 07:00:00,0,-0.351,14093502.13
2010-28-11 08:00:00,0,0.359,14067587.5
2010-28-11 09:00:00,0,0.933,14043444.25
2010-28-11 10:00:00,0,1.302,14020948.5
2010-28-11 11:00:00,0,1.483,13999350.13
2010-28-11 12:00:00,0,1.187,13977645.88
2010-28-11 13:00:00,0,0.535,13954763.88
2010-28-11 14:00:00,0,-0.133,13930059.13
2010-28-11 15:00:00,0,-0.797,13903821.63
2010-28-11 16:00:00,0,-1.447,13876822.75
2010-28-11 17:00:00,0,-1.607,13849527.38
2010-28-11 18:00:00,0,-1.411,13822023.13
2010-28-11 19:00:00,0,-1.016,13794397.5
2010-28-11 20:00:00,0,-0.501,13766881.75
2010-28-11 21:00:00,0,0.149,13739903.25
2010-28-11 22:00:00,0,0.827,13714484.38
2010-28-11 23:00:00,0,1.193,13690862.13
2010-29-11 00:00:00,0,1.208,13668104
2010-29-11 01:00:00,0,0.862,13645055.75
2010-29-11 02:00:00,0,0.258,13620700.75
2010-29-11 03:00:00,0,-0.377,13594697.88
2010-29-11 04:00:00,0,-0.943,13567487.88
2010-29-11 05:00:00,0,-1.307,13539741.13
2010-29-11 06:00:00,0,-1.236,13511799
2010-29-11 07:00:00,0,-0.927,13483878.75
2010-29-11 08:00:00,0,-0.456,13456188.38
2010-29-11 09:00:00,0,0.06,13428959.25
2010-29-11 10:00:00,0,0.722,13402925.88
2010-29-11 11:00:00,0,1.167,13378506.25
2010-29-11 12:00:00,0,1.335,13355256.75
2010-29-11 13:00:00,0,0.995,13332097
2010-29-11 14:00:00,0,0.473,13307886.5
2010-29-11 15:00:00,0,-0.049,13282260.38
2010-29-11 16:00:00,0,-0.732,13255298.75
2010-29-11 17:00:00,0,-1.435,13227372.75
2010-29-11 18:00:00,0,-1.623,13198897.13
2010-29-11 19:00:00,0,-1.438,13170344.38
2010-29-11 20:00:00,0,-1.114,13142132.25
2010-29-11 21:00:00,0,-0.582,13114147
2010-29-11 22:00:00,0,0.045,13086546.25
2010-29-11 23:00:00,0,0.705,13060286
2010-30-11 00:00:00,0,1.232,13035823.25
2010-30-11 01:00:00,0,1.315,13012577.25
2010-30-11 02:00:00,0,0.906,12989273
2010-30-11 03:00:00,0,0.43,12964780.13
2010-30-11 04:00:00,0,-0.126,12938919.88
2010-30-11 05:00:00,0,-0.692,12911864.13
2010-30-11 06:00:00,0,-1.145,12884107.38
2010-30-11 07:00:00,0,-1.256,12855998.88
2010-30-11 08:00:00,0,-0.986,12827878.69
2010-30-11 09:00:00,0,-0.487,12799979.56
2010-30-11 10:00:00,0,-0.106,12772465.31
2010-30-11 11:00:00,0,0.556,12745924.13
2010-30-11 12:00:00,0,1.14,12721306.44
2010-30-11 13:00:00,0,1.252,12698086.69
2010-30-11 14:00:00,0,1.061,12675023.75
2010-30-11 15:00:00,0,0.731,12651336.5
2010-30-11 16:00:00,0.201,0.095,12626421.38
2010-30-11 17:00:00,0.201,-0.679,12599963.19
2010-30-11 18:00:00,0.201,-1.288,12572577.75
2010-30-11 19:00:00,0,-1.632,12544865.5
2010-30-11 20:00:00,0,-1.542,12517081.13
2010-30-11 21:00:00,0,-1.243,12489293.88
2010-30-11 22:00:00,0,-0.766,12461634.19
2010-30-11 23:00:00,0,-0.061,12434299.75
12/01/2010 00:00,0,0.765,12408109.19
12/01/2010 01:00,0,1.22,12383825.69
12/01/2010 02:00,0,1.316,12360633.81
12/01/2010 03:00,0,1.073,12337483.56
12/01/2010 04:00,0,0.494,12313431.88
12/01/2010 05:00,0,-0.025,12288006.13
12/01/2010 06:00,0,-0.716,12261372.19
12/01/2010 07:00,0,-1.351,12234017.56
12/01/2010 08:00,0,-1.374,12206404.44
12/01/2010 09:00,0,-1.253,12178768.44
12/01/2010 10:00,0,-0.751,12151119.63
12/01/2010 11:00,0,-0.11,12123751.81
12/01/2010 12:00,0,0.509,12097383.38
12/01/2010 13:00,0,1.054,12072647.69
12/01/2010 14:00,0,1.384,12049320.81
12/01/2010 15:00,0,1.279,12026642.31
12/01/2010 16:00,0,0.843,12003500.44
12/01/2010 17:00,0,0.187,11979083.19
12/01/2010 18:00,0,-0.633,11952991.44
12/01/2010 19:00,0,-1.392,11925668.81
12/01/2010 20:00,0,-1.666,11897842.69
12/01/2010 21:00,0,-1.686,11869896.94
12/01/2010 22:00,0,-1.406,11841937.44
12/01/2010 23:00,0,-0.76,11814031.56
12/02/2010 00:00,0,-0.056,11786418
12/02/2010 01:00,0,0.742,11759964.75
12/02/2010 02:00,0,1.374,11735734.25
12/02/2010 03:00,0,1.488,11712988.19
12/02/2010 04:00,0,1.158,11690328.88
12/02/2010 05:00,0,0.549,11666636.56
12/02/2010 06:00,0,-0.046,11641418.13
12/02/2010 07:00,0,-0.896,11614781.06
12/02/2010 08:00,0,-1.525,11587328.75
12/02/2010 09:00,0,-1.748,11559518.19
12/02/2010 10:00,0,-1.505,11531583.38
12/02/2010 11:00,0,-0.856,11503616.5
12/02/2010 12:00,0,-0.274,11475906.81
12/02/2010 13:00,0,0.429,11448966.44
12/02/2010 14:00,0,1.125,11424062.31
12/02/2010 15:00,0,1.486,11401453.13
12/02/2010 16:00,0,1.441,11379730.88
12/02/2010 17:00,0,0.901,11357497.94
12/02/2010 18:00,0,0.113,11333660.38
12/02/2010 19:00,0,-0.685,11307946.94
12/02/2010 20:00,0,-1.466,11281167.81
12/02/2010 21:00,0,-1.893,11253726.38
12/02/2010 22:00,0,-1.866,11225650.56
12/02/2010 23:00,0,-1.435,11197338.25
12/03/2010 00:00,0,-0.65,11169050.38
12/03/2010 01:00,0,0.119,11141176.19
12/03/2010 02:00,0,1.039,11114937
12/03/2010 03:00,0,1.626,11091108.31
12/03/2010 04:00,0,1.808,11068802
12/03/2010 05:00,0,1.41,11046623.44
12/03/2010 06:00,0,0.807,11023269
12/03/2010 07:00,0,-0.008,10998113.5
12/03/2010 08:00,0,-0.861,10971126.13
12/03/2010 09:00,0,-1.6,10943160.56
12/03/2010 10:00,0,-1.855,10914882
12/03/2010 11:00,0,-1.401,10886542.19
12/03/2010 12:00,0,-0.787,10858239.81
12/03/2010 13:00,0.603,-0.198,10830186.63
12/03/2010 14:00,0.804,0.662,10803137.88
12/03/2010 15:00,0.603,1.357,10778414.06
12/03/2010 16:00,0.603,1.83,10755763.81
12/03/2010 17:00,0.402,1.715,10734199.94
12/03/2010 18:00,0.201,0.963,10711965.19
12/03/2010 19:00,0.201,0.24,10687895.63
12/03/2010 20:00,0,-0.587,10661951.75
12/03/2010 21:00,0.201,-1.537,10634802.63
12/03/2010 22:00,0,-1.921,10607207.81
12/03/2010 23:00,0,-1.814,10579586.88
12/04/2010 00:00,0.402,-1.237,10551988.63
12/04/2010 01:00,1.809,-0.352,10524479.94
12/04/2010 02:00,1.005,0.419,10497792
12/04/2010 03:00,3.216,1.237,10473350.88
12/04/2010 04:00,1.407,1.959,10451629.88
12/04/2010 05:00,1.809,2.074,10432514.19
12/04/2010 06:00,0.804,1.492,10415221.63
12/04/2010 07:00,0.201,0.653,10398745.75
12/04/2010 08:00,0,-0.131,10382670.56
12/04/2010 09:00,0,-1.086,10366704
12/04/2010 10:00,0.201,-1.9,10350961.5
12/04/2010 11:00,0,-1.99,10335546.31
12/04/2010 12:00,0,-1.535,10320280.31
12/04/2010 13:00,0.402,-0.87,10304982.31
12/04/2010 14:00,0.201,-0.009,10290097.44
12/04/2010 15:00,0.402,0.84,10277109.5
12/04/2010 16:00,0,1.586,10267308.81
12/04/2010 17:00,0.201,1.993,10260251.31
12/04/2010 18:00,0,1.758,10254494.06
12/04/2010 19:00,0,0.99,10248048.31
12/04/2010 20:00,0,0.098,10239499.25
12/04/2010 21:00,0,-0.811,10228588.75
12/04/2010 22:00,0,-1.734,10216086.56
12/04/2010 23:00,0,-2.022,10202710.94
12/05/2010 00:00,0,-1.752,10188482.13
12/05/2010 01:00,0,-1.194,10173368.69
12/05/2010 02:00,0,-0.208,10157565.56
12/05/2010 03:00,0,0.638,10141970.69
12/05/2010 04:00,0,1.597,10128151.5
12/05/2010 05:00,0,2.161,10116186.88
12/05/2010 06:00,0,2.133,10104807.75
12/05/2010 07:00,0,1.411,10092113.13
12/05/2010 08:00,0,0.574,10076680.81
12/05/2010 09:00,0,-0.416,10058255.06
12/05/2010 10:00,0,-1.483,10037487.31
12/05/2010 11:00,0,-2.113,10015507.88
12/05/2010 12:00,0,-2.065,9992942.063
12/05/2010 13:00,0,-1.528,9969967
12/05/2010 14:00,0,-0.734,9946682.813
12/05/2010 15:00,0.201,0.199,9923461.625
12/05/2010 16:00,0,1.087,9901779.25
12/05/2010 17:00,0,1.816,9882550.875
12/05/2010 18:00,0,2.189,9865165
12/05/2010 19:00,0,1.777,9848019.438
12/05/2010 20:00,0,0.872,9829101.75
12/05/2010 21:00,0,-0.018,9807570.813
12/05/2010 22:00,0,-0.948,9783867.625
12/05/2010 23:00,0,-1.749,9759230.125
12/06/2010 00:00,0,-1.918,9734279.375
12/06/2010 01:00,0,-1.531,9709174.25
12/06/2010 02:00,0,-0.772,9683966
12/06/2010 03:00,0,0.232,9659041.5
12/06/2010 04:00,0,1.141,9635998.938
12/06/2010 05:00,0,2.007,9615760.125
12/06/2010 06:00,0,2.401,9597799.25
12/06/2010 07:00,0,2.231,9580627
12/06/2010 08:00,0,1.415,9562342.313
12/06/2010 09:00,0,0.465,9541605.625
12/06/2010 10:00,0,-0.521,9518263.125
12/06/2010 11:00,0,-1.654,9493144.938
12/06/2010 12:00,0,-2.056,9467406.188
12/06/2010 13:00,0,-1.829,9441581.688
12/06/2010 14:00,0.603,-1.128,9415738.188
12/06/2010 15:00,0.402,-0.3,9390035.375
12/06/2010 16:00,0.402,0.55,9365184.688
12/06/2010 17:00,0.402,1.409,9342777.125
12/06/2010 18:00,0,2.032,9323032.563
12/06/2010 19:00,0,2.168,9305357.938
12/06/2010 20:00,0,1.55,9288289
12/06/2010 21:00,0.201,0.569,9270049.563
12/06/2010 22:00,0,-0.248,9249980.063
12/06/2010 23:00,0,-1.249,9228555.375
12/07/2010 00:00,0,-1.884,9206552.906
12/07/2010 01:00,0,-1.881,9184491.719
12/07/2010 02:00,0,-1.336,9162412.781
12/07/2010 03:00,0,-0.462,9140339.594
12/07/2010 04:00,0,0.517,9118851.719
12/07/2010 05:00,0,1.372,9099715.125
12/07/2010 06:00,0,2.044,9083203.813
12/07/2010 07:00,0,2.37,9068664.938
12/07/2010 08:00,0,1.991,9054504.219
12/07/2010 09:00,0,1.002,9038475.969
12/07/2010 10:00,0,0.001,9019511.219
12/07/2010 11:00,0,-1.08,8997974.594
12/07/2010 12:00,0,-1.974,8975099.375
12/07/2010 13:00,0,-2.232,8951735.656
12/07/2010 14:00,0,-1.889,8928155
12/07/2010 15:00,0,-1.207,8904421.844
12/07/2010 16:00,0,-0.314,8880629.594
12/07/2010 17:00,0,0.52,8857511.563
12/07/2010 18:00,0,1.372,8836608.75
12/07/2010 19:00,0,1.882,8817994.063
12/07/2010 20:00,0,1.816,8800443.406
12/07/2010 21:00,0,1.108,8782095
12/07/2010 22:00,0,0.244,8761576.781
12/07/2010 23:00,0,-0.601,8738721.781
12/08/2010 00:00,0,-1.559,8714438.25
12/08/2010 01:00,0,-1.973,8689579.531
12/08/2010 02:00,0,-1.758,8664592.125
12/08/2010 03:00,0,-1.173,8639553.625
12/08/2010 04:00,0,-0.227,8614596.25
12/08/2010 05:00,0,0.634,8590587.25
12/08/2010 06:00,0,1.388,8569007.531
12/08/2010 07:00,0,1.987,8549771.5
12/08/2010 08:00,0,2.16,8532125.781
12/08/2010 09:00,0,1.475,8514234.125
12/08/2010 10:00,0,0.51,8494119.75
12/08/2010 11:00,0,-0.291,8471448.594
12/08/2010 12:00,0,-1.426,8447021.219
12/08/2010 13:00,0,-2.152,8421759.063
12/08/2010 14:00,0,-2.2,8396291.156
12/08/2010 15:00,0,-1.65,8370751.719
12/08/2010 16:00,0.201,-0.923,8345206.594
12/08/2010 17:00,0,-0.125,8319872.188
12/08/2010 18:00,0,0.64,8295542.219
12/08/2010 19:00,0,1.391,8273609.719
12/08/2010 20:00,0,1.751,8253818.906
12/08/2010 21:00,0,1.449,8234635.406
12/08/2010 22:00,0,0.646,8214177.063
12/08/2010 23:00,0,-0.159,8191561.5
12/09/2010 00:00,0,-0.934,8167262.594
12/09/2010 01:00,0,-1.802,8142168.406
12/09/2010 02:00,0,-1.996,8116856.625
12/09/2010 03:00,0,-1.597,8091631.75
12/09/2010 04:00,0,-0.918,8066486.031
12/09/2010 05:00,0,0.083,8041613.5
12/09/2010 06:00,0,0.689,8018141.531
12/09/2010 07:00,0,1.399,7996933.688
12/09/2010 08:00,0,1.879,7977866.5
12/09/2010 09:00,0,1.722,7959832.313
12/09/2010 10:00,0,1.022,7940909.156
12/09/2010 11:00,0,0.193,7919851.969
12/09/2010 12:00,0,-0.688,7896571.469
12/09/2010 13:00,0.402,-1.732,7871962.406
12/09/2010 14:00,0,-2.146,7846929.156
12/09/2010 15:00,0,-1.982,7821893.969
12/09/2010 16:00,0,-1.413,7796864.344
12/09/2010 17:00,0,-0.675,7771918.188
12/09/2010 18:00,0,0.025,7747421.281
12/09/2010 19:00,0,0.763,7724310.594
12/09/2010 20:00,0,1.339,7703649.5
12/09/2010 21:00,0,1.557,7684734.5
12/09/2010 22:00,0,1.116,7666075.563
12/09/2010 23:00,0,0.331,7646008.125
12/10/2010 00:00,0,-0.346,7623926.813
12/10/2010 01:00,0,-1.172,7600543.438
12/10/2010 02:00,0,-1.729,7576607.125
12/10/2010 03:00,0,-1.601,7552616.375
12/10/2010 04:00,0,-1.219,7528722.156
12/10/2010 05:00,0,-0.541,7505018.844
12/10/2010 06:00,0,0.162,7481892.281
12/10/2010 07:00,0,0.856,7460402
12/10/2010 08:00,0,1.446,7441394
12/10/2010 09:00,0,1.746,7424271.469
12/10/2010 10:00,0,1.282,7407555.75
12/10/2010 11:00,0,0.648,7389481.188
12/10/2010 12:00,0,-0.01,7369579.688
12/10/2010 13:00,0,-0.95,7348028.031
12/10/2010 14:00,0,-1.827,7325587.344
12/10/2010 15:00,0,-1.946,7302975.438
12/10/2010 16:00,0,-1.627,7280464.516
12/10/2010 17:00,0,-1.15,7258092.75
12/10/2010 18:00,0,-0.486,7235909.656
12/10/2010 19:00,0,0.114,7214201.078
12/10/2010 20:00,0,0.821,7193830.25
12/10/2010 21:00,0,1.212,7175617.109
12/10/2010 22:00,0,1.236,7158443.172
12/10/2010 23:00,0.201,0.715,7140870.125
12/11/2010 00:00,0,-0.001,7121595.984
12/11/2010 01:00,0,-0.516,7100531.578
12/11/2010 02:00,0,-1.296,7078510.563
12/11/2010 03:00,0,-1.507,7055995.516
12/11/2010 04:00,0,-1.313,7033326.75
12/11/2010 05:00,0,-0.935,7010652.969
12/11/2010 06:00,0,-0.324,6988111.281
12/11/2010 07:00,0,0.305,6966159.047
12/11/2010 08:00,0,0.916,6945859.156
12/11/2010 09:00,0,1.387,6927690.797
12/11/2010 10:00,0,1.418,6910717.547
12/11/2010 11:00,0,1.005,6893471.531
12/11/2010 12:00,0,0.358,6874760.438
12/11/2010 13:00,0,-0.244,6854161.422
12/11/2010 14:00,0,-1.126,6832218.625
12/11/2010 15:00,0.201,-1.627,6809573.875
12/11/2010 16:00,0,-1.558,6786756.125
12/11/2010 17:00,0,-1.301,6763958.031
12/11/2010 18:00,0,-0.92,6741259.359
12/11/2010 19:00,0,-0.27,6718794
12/11/2010 20:00,0,0.257,6697029.547
12/11/2010 21:00,0,0.788,6676747.547
12/11/2010 22:00,0,1.163,6658400.313
12/11/2010 23:00,0,0.946,6640866.484
12/12/2010 00:00,0,0.444,6622541.922
12/12/2010 01:00,0,0.016,6602716.828
12/12/2010 02:00,0,-0.655,6581645.156
12/12/2010 03:00,0,-1.096,6559730.266
12/12/2010 04:00,0,-1.234,6537515.672
12/12/2010 05:00,0,-1.052,6515263.516
12/12/2010 06:00,0,-0.615,6493110.094
12/12/2010 07:00,0,-0.083,6471284.125
12/12/2010 08:00,0,0.36,6450302.563
12/12/2010 09:00,0,0.892,6430881.688
12/12/2010 10:00,0,1.291,6413402.016
12/12/2010 11:00,0,1.212,6396912.75
12/12/2010 12:00,0,0.818,6379970.844
12/12/2010 13:00,0.201,0.151,6361541.578
12/12/2010 14:00,0,-0.407,6341264.313
12/12/2010 15:00,0,-1.007,6319930.594
12/12/2010 16:00,0,-1.314,6298125.391
12/12/2010 17:00,0,-1.341,6276194.016
12/12/2010 18:00,0,-1.082,6254288.266
12/12/2010 19:00,0,-0.549,6232516.078
12/12/2010 20:00,0,-0.12,6211126.672
12/12/2010 21:00,0,0.367,6190504.359
12/12/2010 22:00,0,0.76,6171331.641
12/12/2010 23:00,0,0.919,6153590.359
2010-13-12 00:00:00,0,0.781,6136237.609
2010-13-12 01:00:00,0,0.392,6118243.297
2010-13-12 02:00:00,0,-0.117,6098892.266
2010-13-12 03:00:00,0,-0.584,6078371.328
2010-13-12 04:00:00,0,-0.877,6057218.063
2010-13-12 05:00:00,0,-0.986,6035808.359
2010-13-12 06:00:00,0,-0.859,6014342.609
2010-13-12 07:00:00,0,-0.426,5992979.359
2010-13-12 08:00:00,0,0.013,5972038.242
2010-13-12 09:00:00,0,0.389,5951962.742
2010-13-12 10:00:00,0,0.857,5933335.188
2010-13-12 11:00:00,0,1.09,5916372.031
2010-13-12 12:00:00,0,1.008,5900026.219
2010-13-12 13:00:00,0,0.574,5883120.445
2010-13-12 14:00:00,0.201,0.057,5864719.063
2010-13-12 15:00:00,0,-0.405,5844854.211
2010-13-12 16:00:00,0,-0.861,5824163.82
2010-13-12 17:00:00,0,-1.183,5803055.609
2010-13-12 18:00:00,0,-1.199,5781790.047
2010-13-12 19:00:00,0,-0.862,5760536.586
2010-13-12 20:00:00,0,-0.504,5739451.102
2010-13-12 21:00:00,0,-0.131,5718719.5
2010-13-12 22:00:00,0,0.324,5698674.781
2010-13-12 23:00:00,0,0.653,5679905.57
2010-14-12 00:00:00,0,0.758,5662418.055
2010-14-12 01:00:00,0,0.605,5645195.805
2010-14-12 02:00:00,0,0.253,5627283.133
2010-14-12 03:00:00,0,-0.173,5608174.352
2010-14-12 04:00:00,0,-0.547,5588147.766
2010-14-12 05:00:00,0,-0.854,5567598.727
2010-14-12 06:00:00,0,-1.033,5546791.703
2010-14-12 07:00:00,0,-0.854,5525909.219
2010-14-12 08:00:00,0,-0.455,5505139.672
2010-14-12 09:00:00,0,-0.252,5484700.641
2010-14-12 10:00:00,0,0.197,5464732.688
2010-14-12 11:00:00,0,0.668,5445941.094
2010-14-12 12:00:00,0,0.868,5428869.867
2010-14-12 13:00:00,0,0.666,5412294.047
2010-14-12 14:00:00,0,0.341,5394982.43
2010-14-12 15:00:00,0,-0.036,5376361.359
2010-14-12 16:00:00,0,-0.509,5356637.414
2010-14-12 17:00:00,0,-0.945,5336134.727
2010-14-12 18:00:00,0,-1.247,5315216.746
2010-14-12 19:00:00,0,-1.169,5294167.141
2010-14-12 20:00:00,0,-0.93,5273144.023
2010-14-12 21:00:00,0,-0.617,5252256.035
2010-14-12 22:00:00,0,-0.363,5231691.168
2010-14-12 23:00:00,0,0.179,5211720.156
2010-15-12 00:00:00,0,0.505,5192792.285
2010-15-12 01:00:00,0,0.597,5174965.922
2010-15-12 02:00:00,0.201,0.505,5157518.984
2010-15-12 03:00:00,0,0.056,5139429.195
2010-15-12 04:00:00,0,-0.221,5120253.906
2010-15-12 05:00:00,0,-0.546,5100468.301
2010-15-12 06:00:00,0,-0.945,5080273.922
2010-15-12 07:00:00,0,-1.094,5059837.969
2010-15-12 08:00:00,0,-0.883,5039367.309
2010-15-12 09:00:00,0,-0.707,5018997.945
2010-15-12 10:00:00,0,-0.474,4998754.219
2010-15-12 11:00:00,0,0.149,4978833.793
2010-15-12 12:00:00,0,0.467,4960060.734
2010-15-12 13:00:00,0,0.562,4942412.453
2010-15-12 14:00:00,0,0.595,4925305.305
2010-15-12 15:00:00,0,0.383,4908142.098
2010-15-12 16:00:00,0,-0.093,4890081.145
2010-15-12 17:00:00,0,-0.595,4870937.037
2010-15-12 18:00:00,0.201,-0.943,4851114.4
2010-15-12 19:00:00,0,-1.23,4831034.176
2010-15-12 20:00:00,0.201,-1.124,4810893.619
2010-15-12 21:00:00,0,-1.024,4790821.961
2010-15-12 22:00:00,0,-0.704,4770874.473
2010-15-12 23:00:00,0,-0.261,4751190.979
2010-16-12 00:00:00,0,0.138,4732111.803
2010-16-12 01:00:00,0,0.536,4714146.736
2010-16-12 02:00:00,0,0.727,4697728.023
2010-16-12 03:00:00,0,0.587,4682095.139
2010-16-12 04:00:00,0,0.28,4665963.031
2010-16-12 05:00:00,0,-0.013,4648808.604
2010-16-12 06:00:00,0,-0.407,4630758.63
2010-16-12 07:00:00,0,-0.849,4612141.319
2010-16-12 08:00:00,0,-0.919,4593137.087
2010-16-12 09:00:00,0,-0.921,4574187.031
2010-16-12 10:00:00,0.201,-0.619,4555372.209
2010-16-12 11:00:00,0,-0.151,4536846.009
2010-16-12 12:00:00,1.608,0.249,4519027.913
2010-16-12 13:00:00,0,0.432,4502288.952
2010-16-12 14:00:00,0,0.642,4486569.827
2010-16-12 15:00:00,0,0.825,4472084.302
2010-16-12 16:00:00,0.402,0.472,4457987.795
2010-16-12 17:00:00,0.402,-0.094,4442564.005
2010-16-12 18:00:00,0,-0.62,4425912.309
2010-16-12 19:00:00,0,-0.974,4408789.701
2010-16-12 20:00:00,0,-1.212,4391531.401
2010-16-12 21:00:00,0,-1.381,4374288.382
2010-16-12 22:00:00,0,-1.145,4357142.212
2010-16-12 23:00:00,0,-0.667,4340174.611
2010-17-12 00:00:00,0,-0.208,4323539.01
2010-17-12 01:00:00,0,0.352,4307636.534
2010-17-12 02:00:00,0,0.631,4293217.987
2010-17-12 03:00:00,0,0.815,4280247.902
2010-17-12 04:00:00,0,0.8,4267983.748
2010-17-12 05:00:00,0,0.405,4255326.776
2010-17-12 06:00:00,0,-0.099,4241156.524
2010-17-12 07:00:00,0,-0.577,4225746.681
2010-17-12 08:00:00,0,-1.024,4209636.321
2010-17-12 09:00:00,0,-1.189,4193166.263
2010-17-12 10:00:00,0,-1.088,4176576.318
2010-17-12 11:00:00,0,-0.716,4160035.249
2010-17-12 12:00:00,0,-0.282,4143745.029
2010-17-12 13:00:00,0,0.249,4128073.908
2010-17-12 14:00:00,0,0.647,4113761.822
2010-17-12 15:00:00,0,1.089,4101460.427
2010-17-12 16:00:00,0,1.117,4090607.639
2010-17-12 17:00:00,0,0.558,4079287.736
2010-17-12 18:00:00,0,0.148,4065963.311
2010-17-12 19:00:00,0,-0.353,4051036.495
2010-17-12 20:00:00,0,-0.835,4035109.668
2010-17-12 21:00:00,0,-1.278,4018687.248
2010-17-12 22:00:00,0,-1.204,4002095.644
2010-17-12 23:00:00,0,-0.871,3985551.373
2010-18-12 00:00:00,0,-0.334,3969206.363
2010-18-12 01:00:00,0,0.213,3953455.802
2010-18-12 02:00:00,0,0.608,3939040.066
2010-18-12 03:00:00,0,1.157,3926780.143
2010-18-12 04:00:00,0,1.446,3916707.042
2010-18-12 05:00:00,0,1.129,3907051.221
2010-18-12 06:00:00,0,0.532,3895850.289
2010-18-12 07:00:00,0,-0.044,3882370.834
2010-18-12 08:00:00,0,-0.536,3867273.881
2010-18-12 09:00:00,0,-1.139,3851367.22
2010-18-12 10:00:00,0,-1.338,3835080.276
2010-18-12 11:00:00,0,-1.105,3818717.535
2010-18-12 12:00:00,0,-0.634,3802396.752
2010-18-12 13:00:00,0,-0.098,3786328.56
2010-18-12 14:00:00,0,0.485,3771141.418
2010-18-12 15:00:00,0,0.996,3758078.002
2010-18-12 16:00:00,0,1.316,3747449.871
2010-18-12 17:00:00,0,1.285,3737787.686
2010-18-12 18:00:00,0,0.775,3727450.274
2010-18-12 19:00:00,0,0.119,3714932.448
2010-18-12 20:00:00,0,-0.518,3700216.034
2010-18-12 21:00:00,0,-0.979,3684280.367
2010-18-12 22:00:00,0,-1.339,3667824.345
2010-18-12 23:00:00,0,-1.202,3651219.659
2010-19-12 00:00:00,0,-0.725,3634659.55
2010-19-12 01:00:00,0,-0.063,3618385.46
2010-19-12 02:00:00,0,0.488,3603094.162
2010-19-12 03:00:00,0,1.199,3590197.384
2010-19-12 04:00:00,0,1.61,3580446.364
2010-19-12 05:00:00,0,1.623,3572013.146
2010-19-12 06:00:00,0,1.315,3563248.189
2010-19-12 07:00:00,0,0.663,3552786.553
2010-19-12 08:00:00,0,-0.112,3539740.937
2010-19-12 09:00:00,0,-0.858,3524567.084
2010-19-12 10:00:00,0,-1.306,3508360.196
2010-19-12 11:00:00,0,-1.401,3491735.717
2010-19-12 12:00:00,0,-1.076,3474995.546
2010-19-12 13:00:00,0,-0.547,3458333.57
2010-19-12 14:00:00,0,0.138,3442044.891
2010-19-12 15:00:00,0,0.935,3427332.093
2010-19-12 16:00:00,0,1.503,3416294.872
2010-19-12 17:00:00,0,1.656,3407405.634
2010-19-12 18:00:00,0,1.415,3398715.252
2010-19-12 19:00:00,0,0.848,3388581.124
2010-19-12 20:00:00,0,0.069,3375999.581
2010-19-12 21:00:00,0,-0.702,3361015.448
2010-19-12 22:00:00,0,-1.389,3344805.39
2010-19-12 23:00:00,0,-1.542,3328234.034
2010-20-12 00:00:00,0,-1.165,3311647.104
2010-20-12 01:00:00,0,-0.594,3295168.911
2010-20-12 02:00:00,0,-0.001,3278986.433
2010-20-12 03:00:00,0,0.863,3263993.087
2010-20-12 04:00:00,0,1.532,3252745.5
2010-20-12 05:00:00,0,1.811,3244162.663
2010-20-12 06:00:00,0,1.742,3236322.295
2010-20-12 07:00:00,0,1.171,3227445.487
2010-20-12 08:00:00,0,0.309,3216007.513
2010-20-12 09:00:00,0,-0.41,3201981.542
2010-20-12 10:00:00,0,-1.357,3186697.69
2010-20-12 11:00:00,0,-1.731,3171110.45
2010-20-12 12:00:00,0,-1.614,3155597.402
2010-20-12 13:00:00,0,-1.16,3140166.475
2010-20-12 14:00:00,0,-0.452,3124801.619
2010-20-12 15:00:00,0,0.402,3109812.141
2010-20-12 16:00:00,0,1.18,3097016.035
2010-20-12 17:00:00,0,1.668,3087727.135
2010-20-12 18:00:00,0,1.725,3079922.011
2010-20-12 19:00:00,0,1.343,3071657.986
2010-20-12 20:00:00,0,0.568,3061194.945
2010-20-12 21:00:00,0,-0.304,3047717.255
2010-20-12 22:00:00,0,-1.198,3032056.332
2010-20-12 23:00:00,0,-1.73,3015565.195
2010-21-12 00:00:00,0,-1.653,2998875.485
2010-21-12 01:00:00,0,-1.204,2982144.11
2010-21-12 02:00:00,0,-0.536,2965479.329
2010-21-12 03:00:00,0,0.288,2949177.611
2010-21-12 04:00:00,0,1.209,2935016.654
2010-21-12 05:00:00,0,1.81,2925232.57
2010-21-12 06:00:00,0,2.069,2917828.894
2010-21-12 07:00:00,0,1.665,2910655.449
2010-21-12 08:00:00,0,0.901,2901096.578
2010-21-12 09:00:00,0,0.073,2888323.194
2010-21-12 10:00:00,0,-0.915,2872843.829
2010-21-12 11:00:00,0,-1.784,2856092.043
2010-21-12 12:00:00,0,-2.022,2839066.101
2010-21-12 13:00:00,0,-1.767,2822048.747
2010-21-12 14:00:00,0,-1.164,2805048.425
2010-21-12 15:00:00,0,-0.244,2788129.866
2010-21-12 16:00:00,0,0.63,2772056.408
2010-21-12 17:00:00,0,1.392,2759447.763
2010-21-12 18:00:00,0,1.84,2750621.243
2010-21-12 19:00:00,0,1.781,2743238.069
2010-21-12 20:00:00,0,1.166,2734767.122
2010-21-12 21:00:00,0,0.247,2723261.813
2010-21-12 22:00:00,0,-0.707,2708517.004
2010-21-12 23:00:00,0,-1.612,2692130.226
2010-22-12 00:00:00,0,-1.942,2675272.797
2010-22-12 01:00:00,0,-1.753,2658307.837
2010-22-12 02:00:00,0,-1.171,2641394.863
2010-22-12 03:00:00,0,-0.251,2624626.787
2010-22-12 04:00:00,0,0.661,2608651.412
2010-22-12 05:00:00,0,1.458,2596223.82
2010-22-12 06:00:00,0,2.038,2587902.914
2010-22-12 07:00:00,0,2.043,2581612.438
2010-22-12 08:00:00,0,1.534,2574552.61
2010-22-12 09:00:00,0,0.585,2564448.08
2010-22-12 10:00:00,0,-0.37,2550694.338
2010-22-12 11:00:00,0,-1.41,2534660.589
2010-22-12 12:00:00,0,-2.252,2517950.489
2010-22-12 13:00:00,0,-2.279,2501167.78
2010-22-12 14:00:00,0,-1.753,2484446.125
2010-22-12 15:00:00,0,-1.025,2467821.932
2010-22-12 16:00:00,0,-0.108,2451460.254
2010-22-12 17:00:00,0,0.955,2436356.559
2010-22-12 18:00:00,0,1.565,2425794.838
2010-22-12 19:00:00,0,1.917,2418176.602
2010-22-12 20:00:00,0,1.696,2411348.394
2010-22-12 21:00:00,0,0.807,2402396.09
2010-22-12 22:00:00,0,-0.174,2389684.859
2010-22-12 23:00:00,0,-1.052,2374183.836
2010-23-12 00:00:00,0,-2.003,2357722.182
2010-23-12 01:00:00,0,-2.209,2341045.371
2010-23-12 02:00:00,0,-1.725,2324399.702
2010-23-12 03:00:00,0,-1.061,2307841.494
2010-23-12 04:00:00,0,0,2291504.716
2010-23-12 05:00:00,0,0.897,2276504.821
2010-23-12 06:00:00,0,1.579,2265818.92
2010-23-12 07:00:00,0,2.101,2258611.599
2010-23-12 08:00:00,0,2.009,2252935.692
2010-23-12 09:00:00,0,1.166,2245407.229
2010-23-12 10:00:00,0,0.196,2233859.621
2010-23-12 11:00:00,0,-0.751,2218900.475
2010-23-12 12:00:00,0,-1.963,2202490.893
2010-23-12 13:00:00,0,-2.515,2185734.671
2010-23-12 14:00:00,0,-2.298,2169009.144
2010-23-12 15:00:00,0,-1.752,2152399.398
2010-23-12 16:00:00,0,-0.828,2135919.137
2010-23-12 17:00:00,0,0.11,2119760.594
2010-23-12 18:00:00,0,0.939,2105214.072
2010-23-12 19:00:00,0,1.68,2095158.313
2010-23-12 20:00:00,0,1.928,2088399.269
2010-23-12 21:00:00,0,1.394,2081635.944
2010-23-12 22:00:00,0,0.376,2071600.445
2010-23-12 23:00:00,0,-0.514,2057758.149
2010-24-12 00:00:00,0,-1.375,2042137.027
2010-24-12 01:00:00,0,-2.23,2025977.448
2010-24-12 02:00:00,0,-2.257,2009747.736
2010-24-12 03:00:00,0,-1.63,1993577.786
2010-24-12 04:00:00,0,-0.86,1977472.235
2010-24-12 05:00:00,0,0.149,1961604.068
2010-24-12 06:00:00,0,1.015,1947451.066
2010-24-12 07:00:00,0,1.691,1937994.921
2010-24-12 08:00:00,0,2.086,1931908.869
2010-24-12 09:00:00,0,1.814,1926738.716
2010-24-12 10:00:00,0,0.803,1918765.776
2010-24-12 11:00:00,0,-0.148,1906473.766
2010-24-12 12:00:00,0,-1.112,1891427.31
2010-24-12 13:00:00,0,-2.292,1875499.401
2010-24-12 14:00:00,0,-2.613,1859413.469
2010-24-12 15:00:00,0,-2.231,1843389.498
2010-24-12 16:00:00,0,-1.623,1827477.934
2010-24-12 17:00:00,0,-0.713,1811724.002
2010-24-12 18:00:00,0,0.27,1796388.265
2010-24-12 19:00:00,0,1.107,1783191.849
2010-24-12 20:00:00,0,1.715,1774780.253
2010-24-12 21:00:00,0,1.796,1768890.876
2010-24-12 22:00:00,0,1.051,1761904.819
2010-24-12 23:00:00,0,0.118,1751187.277
2010-25-12 00:00:00,0,-0.688,1737232.08
2010-25-12 01:00:00,0,-1.688,1722083.113
2010-25-12 02:00:00,0,-2.365,1706589.865
2010-25-12 03:00:00,0,-2.073,1691102.117
2010-25-12 04:00:00,0,-1.433,1675691.889
2010-25-12 05:00:00,0,-0.554,1660399.308
2010-25-12 06:00:00,0,0.305,1645601.543
2010-25-12 07:00:00,0,1.117,1632970.611
2010-25-12 08:00:00,0,1.8,1625199.816
2010-25-12 09:00:00,0,2.034,1620601.634
2010-25-12 10:00:00,0,1.42,1615607.558
2010-25-12 11:00:00,0,0.595,1606923.575
2010-25-12 12:00:00,0,-0.352,1594506.722
2010-25-12 13:00:00,0,-1.382,1579952.583
2010-25-12 14:00:00,0,-2.324,1564725.862
2010-25-12 15:00:00,0,-2.386,1549427.852
2010-25-12 16:00:00,0,-2.026,1534211.983
2010-25-12 17:00:00,0,-1.336,1519113.449
2010-25-12 18:00:00,0,-0.496,1504209.334
2010-25-12 19:00:00,0,0.418,1489916.777
2010-25-12 20:00:00,0,1.264,1478376.771
2010-25-12 21:00:00,0,1.783,1471818.175
2010-25-12 22:00:00,0,1.657,1467116.013
2010-25-12 23:00:00,0,0.9,1460449.097
2010-26-12 00:00:00,0,0.161,1450109.696
2010-26-12 01:00:00,0,-0.695,1437011.44
2010-26-12 02:00:00,0,-1.672,1422723.005
2010-26-12 03:00:00,0,-1.965,1408060.077
2010-26-12 04:00:00,0,-1.583,1393416.618
2010-26-12 05:00:00,0,-1.021,1378886.592
2010-26-12 06:00:00,0,-0.1,1364615.971
2010-26-12 07:00:00,0,0.662,1351489.16
2010-26-12 08:00:00,0,1.402,1341904.49
2010-26-12 09:00:00,0.603,2.052,1337229.902
2010-26-12 10:00:00,1.206,2.132,1335502.115
2010-26-12 11:00:00,1.206,1.544,1332677.001
2010-26-12 12:00:00,1.005,0.75,1325923.808
2010-26-12 13:00:00,1.005,-0.17,1315421.439
2010-26-12 14:00:00,1.809,-1.198,1302569.038
2010-26-12 15:00:00,0.402,-1.938,1289037.417
2010-26-12 16:00:00,0.603,-1.819,1275607.483
2010-26-12 17:00:00,0.402,-1.415,1262526.29
2010-26-12 18:00:00,0.603,-0.757,1249789.204
2010-26-12 19:00:00,0,-0.048,1237520.185
2010-26-12 20:00:00,0.402,0.843,1226632.966
2010-26-12 21:00:00,0.603,1.588,1220345.611
2010-26-12 22:00:00,1.005,2.058,1218823.353
2010-26-12 23:00:00,1.005,1.734,1218770.179
2010-27-12 00:00:00,0.402,1.076,1216223.764
2010-27-12 01:00:00,0.402,0.395,1211013.02
2010-27-12 02:00:00,0,-0.468,1204067.346
2010-27-12 03:00:00,0.603,-1.253,1197222.707
2010-27-12 04:00:00,0.201,-1.448,1193031.713
2010-27-12 05:00:00,0,-1.149,1194751.977
2010-27-12 06:00:00,0,-0.508,1198328.889
2010-27-12 07:00:00,0,0.204,1203272.813
2010-27-12 08:00:00,0,0.879,1210929.869
2010-27-12 09:00:00,0,1.584,1222953.035
2010-27-12 10:00:00,0,2.036,1238040.52
2010-27-12 11:00:00,0,2.021,1253845.092
2010-27-12 12:00:00,0,1.45,1267823.479
2010-27-12 13:00:00,0,0.674,1277958.4
2010-27-12 14:00:00,0,-0.273,1284140.307
2010-27-12 15:00:00,0,-1.076,1287512.178
2010-27-12 16:00:00,0,-1.577,1289888.512
2010-27-12 17:00:00,0,-1.625,1291462.033
2010-27-12 18:00:00,0,-1.196,1292265.943
2010-27-12 19:00:00,2.613,-0.487,1292242.344
2010-27-12 20:00:00,3.819,0.07,1292288.244
2010-27-12 21:00:00,0,0.859,1293919.227
2010-27-12 22:00:00,0,1.614,1301575.68
2010-27-12 23:00:00,0,1.798,1319010.793
2010-28-12 00:00:00,0,1.598,1341804.748
2010-28-12 01:00:00,0,0.988,1365984.637
2010-28-12 02:00:00,0.201,0.223,1387823.189
2010-28-12 03:00:00,0,-0.508,1405462.207
2010-28-12 04:00:00,0,-1.143,1420360.143
2010-28-12 05:00:00,0,-1.324,1433376.832
2010-28-12 06:00:00,0,-1.023,1444767.078
2010-28-12 07:00:00,0,-0.554,1455199.801
2010-28-12 08:00:00,0,0.039,1464947.998
2010-28-12 09:00:00,0,0.674,1474944.121
2010-28-12 10:00:00,0,1.266,1487020.867
2010-28-12 11:00:00,0,1.648,1501945.248
2010-28-12 12:00:00,0,1.691,1517737.133
2010-28-12 13:00:00,0,1.075,1531708.389
2010-28-12 14:00:00,0,0.324,1541685.256
2010-28-12 15:00:00,0,-0.248,1547956.867
2010-28-12 16:00:00,0,-1.053,1552463.82
2010-28-12 17:00:00,0,-1.578,1555803.41
2010-28-12 18:00:00,0,-1.491,1558663.723
2010-28-12 19:00:00,0,-1.318,1561463.768
2010-28-12 20:00:00,0,-0.686,1564154.645
2010-28-12 21:00:00,0,-0.145,1566716.65
2010-28-12 22:00:00,0.201,0.543,1569914.32
2010-28-12 23:00:00,0,1.215,1575427.174
2010-29-12 00:00:00,0,1.58,1584513.832
2010-29-12 01:00:00,0,1.241,1594356.156
2010-29-12 02:00:00,0,0.691,1601830.613
2010-29-12 03:00:00,0,0.202,1605961.156
2010-29-12 04:00:00,0,-0.415,1607988.656
2010-29-12 05:00:00,0.201,-1.109,1608849.438
2010-29-12 06:00:00,0.603,-1.333,1609092.719
2010-29-12 07:00:00,0.201,-1.146,1609152.789
2010-29-12 08:00:00,0.603,-0.758,1609048.814
2010-29-12 09:00:00,0.402,-0.212,1609230.674
2010-29-12 10:00:00,0.201,0.321,1610278.521
2010-29-12 11:00:00,0.201,0.872,1613081.402
2010-29-12 12:00:00,0.201,1.304,1619209.24
2010-29-12 13:00:00,0,1.32,1627896.027
2010-29-12 14:00:00,0.201,0.806,1636279.18
2010-29-12 15:00:00,0,0.316,1642188.828
2010-29-12 16:00:00,0.201,-0.233,1646494.094
2010-29-12 17:00:00,0,-0.969,1650071.543
2010-29-12 18:00:00,0,-1.449,1653344.016
2010-29-12 19:00:00,0,-1.49,1656814.727
2010-29-12 20:00:00,0,-1.233,1660846.914
2010-29-12 21:00:00,0,-0.798,1665228.664
2010-29-12 22:00:00,0,-0.326,1669878.957
2010-29-12 23:00:00,0,0.309,1675104.848
2010-30-12 00:00:00,1.005,1.035,1682098.938
2010-30-12 01:00:00,0,1.336,1692507.59
2010-30-12 02:00:00,0,1.092,1703443.441
2010-30-12 03:00:00,0,0.66,1712494.992
2010-30-12 04:00:00,0,0.189,1718848.867
2010-30-12 05:00:00,0,-0.384,1723330.609
2010-30-12 06:00:00,0,-1.015,1726555.238
2010-30-12 07:00:00,0,-1.334,1729144.691
2010-30-12 08:00:00,0,-1.229,1731364.203
2010-30-12 09:00:00,0,-0.898,1733168.238
2010-30-12 10:00:00,0,-0.436,1734842.992
2010-30-12 11:00:00,0,0.048,1736752.004
2010-30-12 12:00:00,0,0.698,1739468.102
2010-30-12 13:00:00,0,1.118,1744556.445
2010-30-12 14:00:00,0,1.19,1751820.07
2010-30-12 15:00:00,0,0.983,1758896.156
2010-30-12 16:00:00,0,0.542,1764326.133
2010-30-12 17:00:00,0,-0.153,1766885.027
2010-30-12 18:00:00,0,-0.759,1767695.254
2010-30-12 19:00:00,0,-1.18,1767671.621
2010-30-12 20:00:00,0,-1.396,1767136.836
2010-30-12 21:00:00,0,-1.292,1766431.523
2010-30-12 22:00:00,0,-0.824,1765649.004
2010-30-12 23:00:00,0,-0.337,1764976.629
2010-31-12 00:00:00,0,0.357,1764857.434
2010-31-12 01:00:00,0,1.04,1766665.188
2010-31-12 02:00:00,0,1.348,1771829.859
2010-31-12 03:00:00,0,1.261,1777984.945
2010-31-12 04:00:00,0,0.943,1783084.996
2010-31-12 05:00:00,0,0.374,1785734.605
2010-31-12 06:00:00,0,-0.292,1785401.063
2010-31-12 07:00:00,0,-0.912,1783535.086
2010-31-12 08:00:00,0,-1.3,1780883.016
2010-31-12 09:00:00,0,-1.351,1777907.666
2010-31-12 10:00:00,0,-1.103,1774839.234
2010-31-12 11:00:00,0,-0.552,1771719.006
2010-31-12 12:00:00,0,-0.076,1768823.014
2010-31-12 13:00:00,0,0.581,1766770.049
2010-31-12 14:00:00,0,1.053,1767051.271
2010-31-12 15:00:00,0,1.248,1770005.094
2010-31-12 16:00:00,0,1.079,1773422.551
2010-31-12 17:00:00,0,0.629,1775387.727
2010-31-12 18:00:00,0,-0.023,1774539.286
2010-31-12 19:00:00,0,-0.689,1771771.481
2010-31-12 20:00:00,0,-1.224,1768056.416
2010-31-12 21:00:00,0,-1.478,1763902.676
2010-31-12 22:00:00,0,-1.425,1759571.792
2010-31-12 23:00:00,0,-0.93,1755216.903
01/01/2011 00:00,0,-0.376,1750986.317
01/01/2011 01:00,0,0.306,1747292.666
01/01/2011 02:00,0,0.974,1745450.626
01/01/2011 03:00,0,1.459,1747297.635
01/01/2011 04:00,0,1.437,1751075.879
01/01/2011 05:00,0,0.987,1753823.952
01/01/2011 06:00,0,0.405,1753933.757
01/01/2011 07:00,0,-0.287,1751192.674
01/01/2011 08:00,0,-0.985,1746929.087
01/01/2011 09:00,0,-1.546,1742019.931
01/01/2011 10:00,0,-1.701,1736901.962
01/01/2011 11:00,0,-1.318,1731606.521
01/01/2011 12:00,0,-0.757,1726318.252
01/01/2011 13:00,0,-0.279,1721218.242
01/01/2011 14:00,0,0.445,1716762.673
01/01/2011 15:00,0.201,1.08,1714574.126
01/01/2011 16:00,0,1.361,1715846.262
01/01/2011 17:00,0,1.176,1717961.861
01/01/2011 18:00,0.201,0.617,1718427.234
01/01/2011 19:00,0,-0.086,1715724.077
01/01/2011 20:00,0,-0.709,1711068.212
01/01/2011 21:00,0,-1.448,1705561.978
01/01/2011 22:00,0,-1.756,1699717.912
01/01/2011 23:00,0,-1.57,1693788.947
01/02/2011 00:00,0,-1.045,1687875.577
01/02/2011 01:00,0,-0.409,1682089.984
01/02/2011 02:00,0,0.302,1676846.453
01/02/2011 03:00,0,1.074,1673643.336
01/02/2011 04:00,0.201,1.544,1674652.53
01/02/2011 05:00,0,1.514,1677589.994
01/02/2011 06:00,0,0.992,1679374.875
01/02/2011 07:00,0,0.322,1678170.336
01/02/2011 08:00,0,-0.452,1673998.332
01/02/2011 09:00,0,-1.239,1668323.723
01/02/2011 10:00,0,-1.934,1662013.684
01/02/2011 11:00,0,-1.905,1655531.814
01/02/2011 12:00,0,-1.482,1649051.947
01/02/2011 13:00,0,-0.938,1642624.752
01/02/2011 14:00,0,-0.311,1636368.71
01/02/2011 15:00,0,0.564,1630842.476
01/02/2011 16:00,0,1.167,1628196.352
01/02/2011 17:00,0,1.438,1628997.217
01/02/2011 18:00,0,1.187,1630425.834
01/02/2011 19:00,0,0.577,1629947.813
01/02/2011 20:00,0,-0.152,1626232.754
01/02/2011 21:00,0,-0.94,1620616.227
01/02/2011 22:00,0,-1.674,1614151.001
01/02/2011 23:00,0,-1.897,1607414.094
01/03/2011 00:00,0,-1.607,1600581.289
01/03/2011 01:00,0,-0.94,1593709.586
01/03/2011 02:00,0,-0.225,1586992.277
01/03/2011 03:00,0,0.521,1581063.436
01/03/2011 04:00,0,1.364,1578130.126
01/03/2011 05:00,0,1.768,1579869.402
01/03/2011 06:00,0,1.659,1582999.426
01/03/2011 07:00,0,0.956,1584212.382
01/03/2011 08:00,0,0.185,1581659.027
01/03/2011 09:00,0,-0.632,1576117.669
01/03/2011 10:00,0,-1.615,1569276.06
01/03/2011 11:00,0,-2.084,1561966.731
01/03/2011 12:00,0,-1.963,1554528.549
01/03/2011 13:00,0,-1.596,1547044.743
01/03/2011 14:00,0,-0.856,1539594.806
01/03/2011 15:00,0,-0.021,1532387.299
01/03/2011 16:00,0,0.867,1526509.773
01/03/2011 17:00,0,1.42,1524728.89
01/03/2011 18:00,0,1.622,1525932.914
01/03/2011 19:00,0,1.231,1527096.727
01/03/2011 20:00,0,0.545,1525649.525
01/03/2011 21:00,0,-0.3,1520703.304
01/03/2011 22:00,0,-1.088,1513832.293
01/03/2011 23:00,0,-1.796,1506230.751
01/04/2011 00:00,0,-1.87,1498437.542
01/04/2011 01:00,0,-1.373,1490649.646
01/04/2011 02:00,0,-0.722,1482934.396
01/04/2011 03:00,0,0.174,1475540.34
01/04/2011 04:00,0,1.001,1469975.741
01/04/2011 05:00,0,1.808,1469368.843
01/04/2011 06:00,0,2.039,1472754.923
01/04/2011 07:00,0,1.743,1476287.309
01/04/2011 08:00,0,0.987,1476816.438
01/04/2011 09:00,0,0.178,1473263.853
01/04/2011 10:00,0,-0.829,1466603.813
01/04/2011 11:00,0,-1.735,1458611.532
01/04/2011 12:00,0,-2.026,1450245.899
01/04/2011 13:00,0,-1.808,1441854.842
01/04/2011 14:00,0,-1.247,1433505.247
01/04/2011 15:00,0,-0.285,1425274.041
01/04/2011 16:00,0,0.596,1417844.424
01/04/2011 17:00,0,1.383,1413864.178
01/04/2011 18:00,0,1.905,1414721.205
01/04/2011 19:00,0,2.012,1417981.776
01/04/2011 20:00,0,1.446,1420262.253
01/04/2011 21:00,1.005,0.543,1418552.717
01/04/2011 22:00,5.628,-0.387,1412684.66
01/04/2011 23:00,1.206,-1.277,1404901.937
01/05/2011 00:00,0,-1.75,1396922.597
01/05/2011 01:00,0,-1.667,1389337.125
01/05/2011 02:00,0,-1.155,1382135.41
01/05/2011 03:00,0.201,-0.216,1375264.736
01/05/2011 04:00,0,0.723,1369614.115
01/05/2011 05:00,0,1.464,1368457.482
01/05/2011 06:00,0,2.119,1372847.254
01/05/2011 07:00,0,2.342,1381107.832
01/05/2011 08:00,0,1.845,1389194.033
01/05/2011 09:00,0,0.989,1393031.028
01/05/2011 10:00,0,0.053,1392341.972
01/05/2011 11:00,0,-1,1388488.995
01/05/2011 12:00,0,-1.832,1383454.504
01/05/2011 13:00,0,-1.984,1378155.443
01/05/2011 14:00,0.201,-1.608,1372816.192
01/05/2011 15:00,0,-0.896,1367522.513
01/05/2011 16:00,0,0.055,1362520.224
01/05/2011 17:00,0,0.835,1359030.238
01/05/2011 18:00,0,1.537,1359782.213
01/05/2011 19:00,0,2.048,1364859.317
01/05/2011 20:00,0,1.817,1371478.539
01/05/2011 21:00,0,1.056,1375311.768
01/05/2011 22:00,0,0.148,1374868.697
01/05/2011 23:00,0,-0.734,1371110.959
01/06/2011 00:00,0,-1.452,1365974.496
01/06/2011 01:00,0,-1.784,1360372.293
01/06/2011 02:00,0,-1.479,1354694.153
01/06/2011 03:00,0,-0.768,1349068.685
01/06/2011 04:00,0,0.18,1343690.749
01/06/2011 05:00,0,1.073,1340166.373
01/06/2011 06:00,0,1.796,1341880.7
01/06/2011 07:00,0,2.174,1347680.467
01/06/2011 08:00,0,2.168,1355034.712
01/06/2011 09:00,0,1.419,1360194.323
01/06/2011 10:00,0,0.49,1360431.033
01/06/2011 11:00,0,-0.564,1356459.003
01/06/2011 12:00,0,-1.553,1350478.695
01/06/2011 13:00,0,-2.158,1343901.728
01/06/2011 14:00,0,-2.062,1337191.371
01/06/2011 15:00,0.201,-1.445,1330464.242
01/06/2011 16:00,0,-0.567,1323801.445
01/06/2011 17:00,0,0.173,1317562.238
01/06/2011 18:00,0,1.07,1313182.289
01/06/2011 19:00,0,1.657,1313743.448
01/06/2011 20:00,0,1.922,1317460.254
01/06/2011 21:00,0,1.415,1320975.162
01/06/2011 22:00,0,0.538,1320761.338
01/06/2011 23:00,0,-0.226,1316488.909
01/07/2011 00:00,0,-1.049,1310293.355
01/07/2011 01:00,0,-1.825,1303320.508
01/07/2011 02:00,0,-1.765,1296136.393
01/07/2011 03:00,0,-1.219,1288969.626
01/07/2011 04:00,0,-0.405,1281929.143
01/07/2011 05:00,0,0.481,1275484.111
01/07/2011 06:00,0,1.28,1271940.57
01/07/2011 07:00,0,1.919,1273534.079
01/07/2011 08:00,0,2.256,1278754.182
01/07/2011 09:00,0,1.945,1284633.001
01/07/2011 10:00,0,1.062,1286781.814
01/07/2011 11:00,0,0.084,1283949.775
01/07/2011 12:00,0,-0.781,1277656.737
01/07/2011 13:00,0,-1.787,1270077.387
01/07/2011 14:00,0,-2.046,1262138.484
01/07/2011 15:00,0,-1.541,1254197.123
01/07/2011 16:00,0,-0.91,1246337.292
01/07/2011 17:00,0,-0.103,1238719.312
01/07/2011 18:00,0,0.64,1232163.219
01/07/2011 19:00,0,1.412,1229067.978
01/07/2011 20:00,0,1.936,1230814.734
01/07/2011 21:00,0,1.823,1234505.466
01/07/2011 22:00,0,1.071,1235833.71
01/07/2011 23:00,0,0.359,1233008.065
01/08/2011 00:00,0,-0.412,1227035.885
01/08/2011 01:00,0,-1.33,1219556.136
01/08/2011 02:00,0,-1.73,1211480.744
01/08/2011 03:00,0,-1.432,1203298.212
01/08/2011 04:00,0,-0.715,1195168.5
01/08/2011 05:00,0,0.058,1187351.288
01/08/2011 06:00,0,0.711,1180850.347
01/08/2011 07:00,0,1.374,1177729.137
01/08/2011 08:00,0,2.006,1179190.786
01/08/2011 09:00,0,2.067,1183625.334
01/08/2011 10:00,0,1.358,1186443.102
01/08/2011 11:00,0,0.65,1184857.595
01/08/2011 12:00,0,-0.077,1179616.621
01/08/2011 13:00,0,-1.105,1172246.018
01/08/2011 14:00,0.402,-1.81,1163878.186
01/08/2011 15:00,0,-1.85,1155298.423
01/08/2011 16:00,0,-1.218,1146776.036
01/08/2011 17:00,0,-0.552,1138396.569
01/08/2011 18:00,0,0.103,1130468.636
01/08/2011 19:00,0,0.823,1123999.358
01/08/2011 20:00,0,1.39,1121326.575
01/08/2011 21:00,0,1.661,1122062.406
01/08/2011 22:00,0,1.225,1123032.732
01/08/2011 23:00,0,0.492,1121060.168
01/09/2011 00:00,0,-0.155,1115829.681
01/09/2011 01:00,0,-1.03,1109136.721
01/09/2011 02:00,0,-1.702,1101813.392
01/09/2011 03:00,0,-1.615,1094361.865
01/09/2011 04:00,0,-1.206,1086985.347
01/09/2011 05:00,0,-0.71,1079763.4
01/09/2011 06:00,0,0.174,1072922.683
01/09/2011 07:00,0,0.787,1067754.577
01/09/2011 08:00,0,1.348,1066021.993
01/09/2011 09:00,0,1.812,1068034.04
01/09/2011 10:00,0,1.558,1071501.612
01/09/2011 11:00,0,0.757,1072202.855
01/09/2011 12:00,0,0.05,1068712.303
01/09/2011 13:00,0,-0.735,1062839.204
01/09/2011 14:00,0.201,-1.596,1055840.406
01/09/2011 15:00,0,-1.863,1048455.389
01/09/2011 16:00,0,-1.471,1041036.57
01/09/2011 17:00,0,-1.044,1033708.594
01/09/2011 18:00,0,-0.298,1026556.66
01/09/2011 19:00,0,0.353,1020053.894
01/09/2011 20:00,0,1.005,1015604.601
01/09/2011 21:00,0,1.349,1014757.355
01/09/2011 22:00,0,1.459,1015757.683
01/09/2011 23:00,0,0.999,1016259.81
01/10/2011 00:00,0,0.269,1013622.635
01/10/2011 01:00,0,-0.44,1008054.994
01/10/2011 02:00,0,-1.156,1001140.499
01/10/2011 03:00,0,-1.306,993697.4758
01/10/2011 04:00,0.201,-1.18,986174.1015
01/10/2011 05:00,0,-0.807,978728.6266
01/10/2011 06:00,0,-0.17,971527.1733
01/10/2011 07:00,0,0.51,965228.6897
01/10/2011 08:00,0,1.167,961633.2445
01/10/2011 09:00,0.201,1.631,962228.6573
01/10/2011 10:00,0,1.663,965049.2315
01/10/2011 11:00,0,1.297,967126.9625
01/10/2011 12:00,0,0.711,966536.101
01/10/2011 13:00,1.005,-0.019,962566.7629
01/10/2011 14:00,1.407,-0.873,956486.9638
01/10/2011 15:00,0.201,-1.323,949544.1254
01/10/2011 16:00,0,-1.326,942567.3705
01/10/2011 17:00,0.201,-0.873,935796.1995
01/10/2011 18:00,0.201,-0.505,929566.3472
01/10/2011 19:00,0.201,0.107,924654.7623
01/10/2011 20:00,0.201,0.754,922440.1758
01/10/2011 21:00,0,1.232,924662.0663
01/10/2011 22:00,0.201,1.368,930522.6116
01/10/2011 23:00,0.201,1.266,937323.5244
01/11/2011 00:00,0.201,0.703,943099.3029
01/11/2011 01:00,0,0.135,946132.7678
01/11/2011 02:00,0.201,-0.631,947702.0718
01/11/2011 03:00,0,-1.024,948478.7747
01/11/2011 04:00,0,-1.177,949095.9898
01/11/2011 05:00,0.201,-1.018,949795.7111
01/11/2011 06:00,0.201,-0.576,950705.6958
01/11/2011 07:00,0,-0.048,952059.9129
01/11/2011 08:00,0,0.52,954460.3154
01/11/2011 09:00,0,0.963,958957.2786
01/11/2011 10:00,0,1.196,965936.3921
01/11/2011 11:00,0,1.33,974257.416
01/11/2011 12:00,0,0.879,982103.2295
01/11/2011 13:00,0,0.102,986611.8784
01/11/2011 14:00,0,-0.532,988277.3901
01/11/2011 15:00,0,-1.062,988631.8652
01/11/2011 16:00,0,-1.299,988346.9917
01/11/2011 17:00,0,-1.218,987777.6148
01/11/2011 18:00,0.402,-0.986,987028.2625
01/11/2011 19:00,2.211,-0.396,986209.2713
01/11/2011 20:00,1.005,0.112,985797.8645
01/11/2011 21:00,1.809,0.69,986771.8306
01/11/2011 22:00,2.211,1.098,990568.4561
01/11/2011 23:00,0.402,1.217,997878.0502
01/12/2011 00:00,0.804,1.038,1009155.698
01/12/2011 01:00,0.804,0.578,1025742.354
01/12/2011 02:00,0.804,0.029,1045684.275
01/12/2011 03:00,0.201,-0.561,1067758.308
01/12/2011 04:00,0,-0.77,1091316.816
01/12/2011 05:00,0,-0.906,1116470.646
01/12/2011 06:00,0.201,-0.751,1143013.058
01/12/2011 07:00,0,-0.263,1170109.468
01/12/2011 08:00,0,0.06,1197298.777
01/12/2011 09:00,0,0.581,1224562.915
01/12/2011 10:00,0,0.947,1252999.718
01/12/2011 11:00,0.201,1.152,1282718.156
01/12/2011 12:00,0.402,1.063,1312380.421
01/12/2011 13:00,0.201,0.584,1339989.303
01/12/2011 14:00,0,0.037,1364063.561
01/12/2011 15:00,0.603,-0.358,1385964.232
01/12/2011 16:00,1.608,-0.76,1406560.861
01/12/2011 17:00,0.402,-1.032,1426616.654
01/12/2011 18:00,0.201,-0.957,1447652.604
01/12/2011 19:00,0.603,-0.671,1472158.066
01/12/2011 20:00,0.201,-0.157,1500712.404
01/12/2011 21:00,0.402,0.255,1532332.018
01/12/2011 22:00,0,0.592,1566093.094
01/12/2011 23:00,0,0.854,1601318.752
2011-13-01 00:00:00,0,1.035,1637634.92
2011-13-01 01:00:00,0.402,0.766,1673946.643
2011-13-01 02:00:00,1.809,0.4,1707827.123
2011-13-01 03:00:00,1.005,-0.005,1739788.166
2011-13-01 04:00:00,0.402,-0.43,1770776.814
2011-13-01 05:00:00,0,-0.668,1801849.674
2011-13-01 06:00:00,0.201,-0.722,1833738.859
2011-13-01 07:00:00,0,-0.513,1866599.963
2011-13-01 08:00:00,0,-0.235,1900024.311
2011-13-01 09:00:00,0,0.018,1933719.832
2011-13-01 10:00:00,0,0.428,1967402.523
2011-13-01 11:00:00,0,0.912,2001620.504
2011-13-01 12:00:00,0,1.019,2037298.922
2011-13-01 13:00:00,0,0.809,2072538.598
2011-13-01 14:00:00,0,0.463,2105220.109
2011-13-01 15:00:00,0,0.13,2135452.055
2011-13-01 16:00:00,0,-0.372,2163686.359
2011-13-01 17:00:00,0,-0.677,2190247.191
2011-13-01 18:00:00,0,-0.828,2215687.047
2011-13-01 19:00:00,0,-0.914,2240207.906
2011-13-01 20:00:00,0,-0.53,2264072.547
2011-13-01 21:00:00,0,-0.195,2287537.398
2011-13-01 22:00:00,0,0.136,2310920.219
2011-13-01 23:00:00,0,0.564,2334578.695
2011-14-01 00:00:00,0,0.911,2359217.813
2011-14-01 01:00:00,0.201,0.984,2385130.91
2011-14-01 02:00:00,0,0.865,2410693.43
2011-14-01 03:00:00,0,0.621,2434789.035
2011-14-01 04:00:00,0,0.184,2456719.391
2011-14-01 05:00:00,0.603,-0.12,2476785.996
2011-14-01 06:00:00,0,-0.409,2495778.398
2011-14-01 07:00:00,0,-0.521,2514141.215
2011-14-01 08:00:00,3.819,-0.413,2532100.711
2011-14-01 09:00:00,0.201,-0.266,2550045.32
2011-14-01 10:00:00,0,0.131,2568516.145
2011-14-01 11:00:00,0,0.496,2588747.313
2011-14-01 12:00:00,0.402,0.858,2612618.148
2011-14-01 13:00:00,0,0.956,2640758.563
2011-14-01 14:00:00,1.608,0.832,2670543.523
2011-14-01 15:00:00,0,0.504,2700229.859
2011-14-01 16:00:00,0,0.222,2729656.844
2011-14-01 17:00:00,0,-0.128,2759567.148
2011-14-01 18:00:00,0,-0.599,2789513.055
2011-14-01 19:00:00,0,-0.846,2818940.867
2011-14-01 20:00:00,0,-0.704,2847804.078
2011-14-01 21:00:00,0,-0.508,2876269.031
2011-14-01 22:00:00,0,-0.215,2904207.063
2011-14-01 23:00:00,0.402,0.232,2931879.813
2011-15-01 00:00:00,1.608,0.568,2960035.555
2011-15-01 01:00:00,1.005,1.119,2989422.133
2011-15-01 02:00:00,2.211,1.454,3021235.344
2011-15-01 03:00:00,2.613,1.303,3054177.883
2011-15-01 04:00:00,1.809,0.864,3088724.539
2011-15-01 05:00:00,0.603,0.472,3129978.977
2011-15-01 06:00:00,1.407,0.176,3178075.156
2011-15-01 07:00:00,0.804,-0.194,3232940.773
2011-15-01 08:00:00,0.603,-0.398,3294351.516
2011-15-01 09:00:00,0.603,-0.518,3359837.445
2011-15-01 10:00:00,1.206,-0.325,3426600.289
2011-15-01 11:00:00,1.809,0.124,3493951.063
2011-15-01 12:00:00,1.407,0.513,3562011.547
2011-15-01 13:00:00,1.206,0.841,3632961.859
2011-15-01 14:00:00,0,1.1,3709074.18
2011-15-01 15:00:00,0.603,1.102,3789975.063
2011-15-01 16:00:00,0.603,0.958,3873250.484
2011-15-01 17:00:00,2.412,0.642,3956813.953
2011-15-01 18:00:00,0.402,0.199,4039464.422
2011-15-01 19:00:00,2.01,-0.28,4122509.203
2011-15-01 20:00:00,2.412,-0.567,4206568.578
2011-15-01 21:00:00,2.211,-0.642,4294316.547
2011-15-01 22:00:00,2.613,-0.489,4390304.016
2011-15-01 23:00:00,0.804,-0.14,4495160.109
2011-16-01 00:00:00,0.804,0.262,4606783.734
2011-16-01 01:00:00,0.804,0.702,4723810.438
2011-16-01 02:00:00,3.417,1.239,4845744.844
2011-16-01 03:00:00,0.402,1.382,4970876.188
2011-16-01 04:00:00,0.402,1.249,5097691.984
2011-16-01 05:00:00,0,1.017,5225210.297
2011-16-01 06:00:00,0,0.477,5351241.859
2011-16-01 07:00:00,0,-0.132,5472034.266
2011-16-01 08:00:00,0,-0.649,5582328.25
2011-16-01 09:00:00,0,-0.927,5679427.047
2011-16-01 10:00:00,0,-0.997,5769362.047
2011-16-01 11:00:00,0,-0.687,5853823.219
2011-16-01 12:00:00,0,-0.255,5933939.141
2011-16-01 13:00:00,0,0.179,6010902.391
2011-16-01 14:00:00,0,0.742,6085439.141
2011-16-01 15:00:00,0,1.157,6158002.688
2011-16-01 16:00:00,0,1.207,6224137.938
2011-16-01 17:00:00,0,0.944,6284021.891
2011-16-01 18:00:00,0,0.573,6339979.953
2011-16-01 19:00:00,0,0.073,6392432.375
2011-16-01 20:00:00,0,-0.53,6441719.891
2011-16-01 21:00:00,0,-0.993,6488501.078
2011-16-01 22:00:00,0,-1.045,6533442.219
2011-16-01 23:00:00,0,-0.804,6576930.875
2011-17-01 00:00:00,0.201,-0.388,6619222.75
2011-17-01 01:00:00,0,0.097,6660880.703
2011-17-01 02:00:00,0,0.596,6702604.031
2011-17-01 03:00:00,0,1.18,6745609.719
2011-17-01 04:00:00,0,1.442,6789856.688
2011-17-01 05:00:00,0,1.196,6833544.609
2011-17-01 06:00:00,0,0.796,6875208.266
2011-17-01 07:00:00,0,0.196,6914328.734
2011-17-01 08:00:00,0,-0.461,6950619.781
2011-17-01 09:00:00,0,-1.015,6984932.531
2011-17-01 10:00:00,0,-1.395,7018171.438
2011-17-01 11:00:00,0,-1.4,7050728.594
2011-17-01 12:00:00,0,-0.905,7082655.406
2011-17-01 13:00:00,0,-0.417,7114168.5
2011-17-01 14:00:00,0,0.213,7145780.656
2011-17-01 15:00:00,0,0.833,7178641.5
2011-17-01 16:00:00,0,1.348,7213633.094
2011-17-01 17:00:00,0,1.334,7249624.531
2011-17-01 18:00:00,0,0.972,7284852.844
2011-17-01 19:00:00,0,0.349,7318110.063
2011-17-01 20:00:00,0,-0.335,7348871.938
2011-17-01 21:00:00,0,-1.027,7377757.188
2011-17-01 22:00:00,0,-1.438,7405504.406
2011-17-01 23:00:00,0,-1.531,7432702.25
2011-18-01 00:00:00,0,-1.166,7459583.125
2011-18-01 01:00:00,0,-0.501,7486267.25
2011-18-01 02:00:00,0,0.097,7513275.531
2011-18-01 03:00:00,0,0.802,7541511.594
2011-18-01 04:00:00,0,1.396,7572284.281
2011-18-01 05:00:00,0,1.518,7604559.25
2011-18-01 06:00:00,0,1.285,7636601.406
2011-18-01 07:00:00,0,0.651,7667116.594
2011-18-01 08:00:00,0,-0.125,7695016.406
2011-18-01 09:00:00,0,-0.978,7720650.281
2011-18-01 10:00:00,0,-1.719,7745061
2011-18-01 11:00:00,0,-1.963,7768935.531
2011-18-01 12:00:00,0,-1.755,7792653.531
2011-18-01 13:00:00,0.201,-1.258,7816172.813
2011-18-01 14:00:00,0,-0.616,7839517.156
2011-18-01 15:00:00,0,0.31,7863252.375
2011-18-01 16:00:00,0,1.052,7889051.5
2011-18-01 17:00:00,0,1.415,7917287.719
2011-18-01 18:00:00,0,1.369,7946358.406
2011-18-01 19:00:00,0,0.795,7974607.438
2011-18-01 20:00:00,0,0.078,8000589.938
2011-18-01 21:00:00,0,-0.712,8024113.313
2011-18-01 22:00:00,0,-1.582,8046275.813
2011-18-01 23:00:00,0,-2.023,8067874.844
2011-19-01 00:00:00,0,-1.809,8089281.313
2011-19-01 01:00:00,0,-1.258,8110497.781
2011-19-01 02:00:00,0,-0.514,8131557.344
2011-19-01 03:00:00,0,0.296,8153062.406
2011-19-01 04:00:00,0,1.142,8176687.719
2011-19-01 05:00:00,0,1.752,8203214.188
2011-19-01 06:00:00,0,1.863,8231209.906
2011-19-01 07:00:00,0,1.268,8258724.25
2011-19-01 08:00:00,0,0.392,8283858.438
2011-19-01 09:00:00,0,-0.325,8306077.719
2011-19-01 10:00:00,0,-1.372,8326311.25
2011-19-01 11:00:00,0,-2.214,8345629.469
2011-19-01 12:00:00,0,-2.228,8364669.5
2011-19-01 13:00:00,0,-1.92,8383559.969
2011-19-01 14:00:00,0,-1.295,8402259.469
2011-19-01 15:00:00,0,-0.335,8420804.094
2011-19-01 16:00:00,0,0.619,8440127.906
2011-19-01 17:00:00,0,1.328,8462245.25
2011-19-01 18:00:00,0,1.838,8486738.156
2011-19-01 19:00:00,0,1.559,8512053.094
2011-19-01 20:00:00,0,0.857,8535953.281
2011-19-01 21:00:00,0,-0.055,8557246.844
2011-19-01 22:00:00,0,-1.074,8575955.531
2011-19-01 23:00:00,0,-1.936,8593306.031
2011-20-01 00:00:00,0,-2.169,8610110.938
2011-20-01 01:00:00,0,-1.971,8626732.5
2011-20-01 02:00:00,0,-1.248,8643207.281
2011-20-01 03:00:00,0,-0.275,8659643.563
2011-20-01 04:00:00,0,0.604,8676904.781
2011-20-01 05:00:00,0,1.56,8696991.406
2011-20-01 06:00:00,0,2.095,8719841.281
2011-20-01 07:00:00,0,1.986,8743782.094
2011-20-01 08:00:00,0,1.204,8766540.469
2011-20-01 09:00:00,0,0.341,8786580.844
2011-20-01 10:00:00,0,-0.749,8803688.094
2011-20-01 11:00:00,0,-1.942,8818880.5
2011-20-01 12:00:00,0,-2.551,8833399.125
2011-20-01 13:00:00,0.201,-2.54,8847646.563
2011-20-01 14:00:00,0,-1.994,8861609.938
2011-20-01 15:00:00,0,-0.999,8875404.063
2011-20-01 16:00:00,0,-0.02,8889246.375
2011-20-01 17:00:00,0,1.009,8904564.938
2011-20-01 18:00:00,0,1.776,8923097.813
2011-20-01 19:00:00,0,2.04,8943656
2011-20-01 20:00:00,0,1.652,8964340.188
2011-20-01 21:00:00,0,0.573,8982936.063
2011-20-01 22:00:00,0,-0.417,8998245.375
2011-20-01 23:00:00,0,-1.409,9011237.125
2011-21-01 00:00:00,0,-2.35,9023203.313
2011-21-01 01:00:00,0,-2.506,9034713.875
2011-21-01 02:00:00,0,-1.936,9045990.438
2011-21-01 03:00:00,0,-1.157,9057054
2011-21-01 04:00:00,0,-0.005,9068073.875
2011-21-01 05:00:00,0,1.069,9080627.875
2011-21-01 06:00:00,0,1.807,9096404.938
2011-21-01 07:00:00,0,2.187,9114190.313
2011-21-01 08:00:00,0,2.032,9132527
2011-21-01 09:00:00,0,1.042,9149295.813
2011-21-01 10:00:00,0,-0.121,9162727.563
2011-21-01 11:00:00,0,-1.202,9173107.25
2011-21-01 12:00:00,0,-2.401,9182051.438
2011-21-01 13:00:00,0,-2.974,9190483.688
2011-21-01 14:00:00,0,-2.597,9198653.813
2011-21-01 15:00:00,0,-1.954,9206537.25
2011-21-01 16:00:00,0,-0.873,9214115.125
2011-21-01 17:00:00,0,0.2,9221634.625
2011-21-01 18:00:00,0,1.23,9231045.375
2011-21-01 19:00:00,0,1.928,9243446.438
2011-21-01 20:00:00,0,2.078,9257397.563
2011-21-01 21:00:00,0,1.273,9270639.688
2011-21-01 22:00:00,0,0.205,9281001.125
2011-21-01 23:00:00,0,-0.786,9288159.625
2011-22-01 00:00:00,0,-2.031,9293468.5
2011-22-01 01:00:00,0,-2.769,9297952.875
2011-22-01 02:00:00,0,-2.564,9302017.625
2011-22-01 03:00:00,0,-1.925,9305712.125
2011-22-01 04:00:00,0,-0.905,9309059.625
2011-22-01 05:00:00,0,0.203,9312205.875
2011-22-01 06:00:00,0,1.218,9317132.25
2011-22-01 07:00:00,0,1.914,9324814.688
2011-22-01 08:00:00,0,2.307,9334139.188
2011-22-01 09:00:00,0,1.681,9343295.75
2011-22-01 10:00:00,0,0.592,9349754.938
2011-22-01 11:00:00,0,-0.444,9352708
2011-22-01 12:00:00,0,-1.691,9353015.25
2011-22-01 13:00:00,0.201,-2.909,9352001.938
2011-22-01 14:00:00,0,-3.095,9350279.188
2011-22-01 15:00:00,0,-2.631,9347907.313
2011-22-01 16:00:00,0,-1.751,9344882.125
2011-22-01 17:00:00,0,-0.712,9341112.5
2011-22-01 18:00:00,0,0.385,9336984.313
2011-22-01 19:00:00,0,1.401,9334585.813
2011-22-01 20:00:00,0,2.028,9334234.5
2011-22-01 21:00:00,0,1.868,9334132.563
2011-22-01 22:00:00,0,0.908,9331753.938
2011-22-01 23:00:00,0,-0.123,9325479.75
2011-23-01 00:00:00,0,-1.108,9315760.625
2011-23-01 01:00:00,0,-2.351,9303688.688
2011-23-01 02:00:00,0,-2.824,9290272.438
2011-23-01 03:00:00,0,-2.454,9276440.688
2011-23-01 04:00:00,0,-1.719,9262416.438
2011-23-01 05:00:00,0,-0.562,9248281.5
2011-23-01 06:00:00,0,0.45,9234646.438
2011-23-01 07:00:00,0,1.349,9223487.813
2011-23-01 08:00:00,0,2.019,9215084.063
2011-23-01 09:00:00,0,2.157,9208355.375
2011-23-01 10:00:00,0,1.383,9201139.438
2011-23-01 11:00:00,0,0.253,9191251.25
2011-23-01 12:00:00,0.201,-0.802,9178220.063
2011-23-01 13:00:00,0,-2.01,9163357
2011-23-01 14:00:00,0,-3.086,9147910.438
2011-23-01 15:00:00,0,-2.89,9132317.563
2011-23-01 16:00:00,0,-2.265,9116606.875
2011-23-01 17:00:00,0,-1.477,9100796.438
2011-23-01 18:00:00,0,-0.482,9084957.875
2011-23-01 19:00:00,0,0.711,9069890.125
2011-23-01 20:00:00,0,1.494,9057838.938
2011-23-01 21:00:00,0,1.985,9048145.5
2011-23-01 22:00:00,0,1.519,9039062
2011-23-01 23:00:00,0,0.566,9028174.625
2011-24-01 00:00:00,0,-0.347,9014481.313
2011-24-01 01:00:00,0,-1.313,8998746.313
2011-24-01 02:00:00,0,-2.497,8982102.625
2011-24-01 03:00:00,0,-2.73,8965209.25
2011-24-01 04:00:00,0,-2.099,8948251.625
2011-24-01 05:00:00,0,-1.313,8931210.188
2011-24-01 06:00:00,0,-0.329,8914202.563
2011-24-01 07:00:00,0,0.566,8898018.125
2011-24-01 08:00:00,0,1.425,8884446
2011-24-01 09:00:00,0,2.006,8873454.188
2011-24-01 10:00:00,0,1.883,8863664.5
2011-24-01 11:00:00,0,1.072,8852874.688
2011-24-01 12:00:00,0,-0.005,8839396.688
2011-24-01 13:00:00,0,-0.944,8823242.688
2011-24-01 14:00:00,0,-2.147,8805796.438
2011-24-01 15:00:00,0,-2.806,8787946.25
2011-24-01 16:00:00,0,-2.417,8769982.438
2011-24-01 17:00:00,0,-1.938,8751958.688
2011-24-01 18:00:00,0,-1.132,8733901.438
2011-24-01 19:00:00,0,-0.132,8715952.25
2011-24-01 20:00:00,0,0.782,8699177.5
2011-24-01 21:00:00,0,1.584,8685278.875
2011-24-01 22:00:00,0,1.788,8673454.438
2011-24-01 23:00:00,0,1.255,8661609.813
2011-25-01 00:00:00,0,0.455,8647939.375
2011-25-01 01:00:00,0,-0.457,8631834.125
2011-25-01 02:00:00,0.201,-1.547,8613960.688
2011-25-01 03:00:00,0,-2.211,8595358.25
2011-25-01 04:00:00,0,-2.146,8576593.75
2011-25-01 05:00:00,0,-1.665,8557776.75
2011-25-01 06:00:00,0.201,-0.957,8538904.813
2011-25-01 07:00:00,0,-0.16,8520174.688
2011-25-01 08:00:00,0,0.684,8502489.25
2011-25-01 09:00:00,0,1.516,8487563.438
2011-25-01 10:00:00,0.402,1.81,8474900.563
2011-25-01 11:00:00,0.402,1.416,8462623.25
2011-25-01 12:00:00,0.201,0.85,8449021.625
2011-25-01 13:00:00,0.402,-0.057,8433383.375
2011-25-01 14:00:00,0,-0.992,8415641.063
2011-25-01 15:00:00,0.201,-1.967,8396872.188
2011-25-01 16:00:00,0,-2.375,8377812.063
2011-25-01 17:00:00,0,-2.004,8358686.438
2011-25-01 18:00:00,0,-1.491,8339538.063
2011-25-01 19:00:00,0,-0.742,8320381
2011-25-01 20:00:00,0.201,0.043,8301540.75
2011-25-01 21:00:00,0,0.79,8284138.188
2011-25-01 22:00:00,0,1.413,8269273.875
2011-25-01 23:00:00,0,1.601,8256242.625
2011-26-01 00:00:00,0.201,0.984,8243179.75
2011-26-01 01:00:00,0,0.258,8228283.938
2011-26-01 02:00:00,0.603,-0.564,8211351.938
2011-26-01 03:00:00,0,-1.363,8193070.656
2011-26-01 04:00:00,0,-1.909,8174279.969
2011-26-01 05:00:00,0,-1.812,8155390.938
2011-26-01 06:00:00,0,-1.466,8136508.719
2011-26-01 07:00:00,0,-0.836,8117743.375
2011-26-01 08:00:00,0,-0.223,8099285.531
2011-26-01 09:00:00,0,0.595,8081804
2011-26-01 10:00:00,0,1.034,8066594.719
2011-26-01 11:00:00,0.201,1.349,8053004
2011-26-01 12:00:00,0,1.12,8040041.156
2011-26-01 13:00:00,0,0.472,8026116.344
2011-26-01 14:00:00,0,-0.22,8010313.031
2011-26-01 15:00:00,0,-1.03,7992962.875
2011-26-01 16:00:00,0,-1.697,7974825.844
2011-26-01 17:00:00,0,-1.886,7956394.656
2011-26-01 18:00:00,0,-1.648,7937873.875
2011-26-01 19:00:00,0,-1.294,7919313.719
2011-26-01 20:00:00,0,-0.621,7900817.969
2011-26-01 21:00:00,0,-0.087,7882650.969
2011-26-01 22:00:00,0,0.633,7865480.906
2011-26-01 23:00:00,0,1.136,7850532.688
2011-27-01 00:00:00,0,1.247,7837030.531
2011-27-01 01:00:00,0,0.764,7823279.375
2011-27-01 02:00:00,0,0.126,7807899.844
2011-27-01 03:00:00,0,-0.472,7790750.438
2011-27-01 04:00:00,0,-1.139,7772564.656
2011-27-01 05:00:00,0,-1.552,7753915.063
2011-27-01 06:00:00,0,-1.504,7735178.813
2011-27-01 07:00:00,0,-1.294,7716335.125
2011-27-01 08:00:00,0,-0.757,7697477.375
2011-27-01 09:00:00,0,-0.256,7678889.688
2011-27-01 10:00:00,0,0.393,7660999.594
2011-27-01 11:00:00,0,0.854,7644804.281
2011-27-01 12:00:00,0,1.133,7630218.313
2011-27-01 13:00:00,0,0.858,7616026.594
2011-27-01 14:00:00,0,0.43,7600776.219
2011-27-01 15:00:00,0,-0.041,7583968.531
2011-27-01 16:00:00,0,-0.659,7565991.188
2011-27-01 17:00:00,0,-1.245,7547209
2011-27-01 18:00:00,0,-1.452,7527880.125
2011-27-01 19:00:00,0,-1.331,7508381.406
2011-27-01 20:00:00,0,-0.943,7488892.438
2011-27-01 21:00:00,0,-0.534,7469463.531
2011-27-01 22:00:00,0,-0.191,7450270.375
2011-27-01 23:00:00,0,0.576,7431826.406
2011-28-01 00:00:00,0,1.004,7415490.656
2011-28-01 01:00:00,0,1.121,7400536.938
2011-28-01 02:00:00,0,0.777,7385611.656
2011-28-01 03:00:00,0,0.304,7369536.188
2011-28-01 04:00:00,0,-0.124,7351962.344
2011-28-01 05:00:00,0,-0.742,7333269
2011-28-01 06:00:00,0,-1.156,7313851.031
2011-28-01 07:00:00,0,-1.272,7294163.375
2011-28-01 08:00:00,0,-1.113,7274407.125
2011-28-01 09:00:00,0,-0.702,7254681.781
2011-28-01 10:00:00,0,-0.426,7235069.406
2011-28-01 11:00:00,0,0.102,7215808.625
2011-28-01 12:00:00,0,0.635,7197662.063
2011-28-01 13:00:00,0,0.949,7181242.688
2011-28-01 14:00:00,0,0.816,7165486.875
2011-28-01 15:00:00,0,0.535,7149334.938
2011-28-01 16:00:00,0,0.15,7132173.938
2011-28-01 17:00:00,0,-0.373,7113633.281
2011-28-01 18:00:00,0,-0.944,7094082.906
2011-28-01 19:00:00,0,-1.201,7074015.219
2011-28-01 20:00:00,0,-1.151,7053743.188
2011-28-01 21:00:00,0,-1.016,7033398
2011-28-01 22:00:00,0,-0.732,7013056.844
2011-28-01 23:00:00,0,-0.287,6992889.125
2011-29-01 00:00:00,0,0.416,6973365.219
2011-29-01 01:00:00,0,0.878,6955670.25
2011-29-01 02:00:00,0,0.953,6939463.094
2011-29-01 03:00:00,0,0.766,6923375.844
2011-29-01 04:00:00,0,0.522,6906657.219
2011-29-01 05:00:00,0,0.069,6888897.25
2011-29-01 06:00:00,0,-0.552,6869823.469
2011-29-01 07:00:00,0,-1.113,6849814.469
2011-29-01 08:00:00,0,-1.345,6829393.031
2011-29-01 09:00:00,0,-1.251,6808830.094
2011-29-01 10:00:00,0,-0.983,6788271.484
2011-29-01 11:00:00,0,-0.794,6767826.641
2011-29-01 12:00:00,0,-0.223,6747547.125
2011-29-01 13:00:00,0,0.37,6727970.594
2011-29-01 14:00:00,0,0.761,6709999.672
2011-29-01 15:00:00,0,0.83,6693277.688
2011-29-01 16:00:00,0,0.664,6676619.719
2011-29-01 17:00:00,0,0.318,6659266.313
2011-29-01 18:00:00,0,-0.101,6640648.031
2011-29-01 19:00:00,0,-0.709,6620861.875
2011-29-01 20:00:00,0,-1.184,6600389.688
2011-29-01 21:00:00,0,-1.188,6579689.891
2011-29-01 22:00:00,0,-1.136,6558940.547
2011-29-01 23:00:00,0,-0.825,6538221.359
2011-30-01 00:00:00,0,-0.327,6517666.328
2011-30-01 01:00:00,0,0.277,6497700.766
2011-30-01 02:00:00,0,0.8,6479306.875
2011-30-01 03:00:00,0,1.208,6462952.828
2011-30-01 04:00:00,0,1.04,6447517.844
2011-30-01 05:00:00,0,0.652,6431377.141
2011-30-01 06:00:00,0,0.269,6413819.109
2011-30-01 07:00:00,0,-0.378,6394833.75
2011-30-01 08:00:00,0,-0.988,6374721.859
2011-30-01 09:00:00,0,-1.408,6353922.078
2011-30-01 10:00:00,0,-1.485,6332823.938
2011-30-01 11:00:00,0,-1.186,6311688.172
2011-30-01 12:00:00,0,-0.731,6290623.594
2011-30-01 13:00:00,0,-0.325,6269787.469
2011-30-01 14:00:00,0,0.294,6249554.922
2011-30-01 15:00:00,0,0.861,6230992.922
2011-30-01 16:00:00,0,1.1,6214418.563
2011-30-01 17:00:00,0,1,6198446.547
2011-30-01 18:00:00,0,0.48,6181776.766
2011-30-01 19:00:00,0,-0.09,6163369.266
2011-30-01 20:00:00,0,-0.619,6143488.328
2011-30-01 21:00:00,0,-1.173,6122825.422
2011-30-01 22:00:00,0,-1.445,6101784.766
2011-30-01 23:00:00,0,-1.351,6080581.063
2011-31-01 00:00:00,0,-0.818,6059382.844
2011-31-01 01:00:00,0,-0.352,6038413.438
2011-31-01 02:00:00,0,0.379,6018087.422
2011-31-01 03:00:00,0,1.043,5999834.641
2011-31-01 04:00:00,0,1.388,5983960.438
2011-31-01 05:00:00,0,1.284,5968946.047
2011-31-01 06:00:00,0,0.92,5953345.734
2011-31-01 07:00:00,0,0.291,5936238.719
2011-31-01 08:00:00,0,-0.416,5917114.281
2011-31-01 09:00:00,0,-1.159,5896594.391
2011-31-01 10:00:00,0,-1.657,5875482.211
2011-31-01 11:00:00,0,-1.651,5854214.484
2011-31-01 12:00:00,0,-1.23,5832927.117
2011-31-01 13:00:00,0,-0.791,5811725.359
2011-31-01 14:00:00,0,-0.226,5790787.734
2011-31-01 15:00:00,0,0.576,5770715.992
2011-31-01 16:00:00,0,1.209,5753216.328
2011-31-01 17:00:00,0,1.365,5737788.914
2011-31-01 18:00:00,0.201,1.171,5722689.367
2011-31-01 19:00:00,0.201,0.594,5706552.555
2011-31-01 20:00:00,0,-0.037,5688448.883
2011-31-01 21:00:00,0,-0.591,5668642.57
2011-31-01 22:00:00,0,-1.273,5647954.398
2011-31-01 23:00:00,0.201,-1.626,5626802.047
02/01/2011 00:00,0.603,-1.13,5605565.242
02/01/2011 01:00,1.809,-0.675,5584539.039
02/01/2011 02:00,0,-0.141,5563968.516
02/01/2011 03:00,0,0.657,5544667.086
02/01/2011 04:00,0,1.365,5528443.938
02/01/2011 05:00,0,1.663,5514773.711
02/01/2011 06:00,0,1.573,5501958.828
02/01/2011 07:00,0.201,0.888,5488261
02/01/2011 08:00,0,0.148,5472436.5
02/01/2011 09:00,0,-0.599,5454646.203
02/01/2011 10:00,0,-1.407,5436043.148
02/01/2011 11:00,0,-1.916,5417399.352
02/01/2011 12:00,0,-1.781,5398845.313
02/01/2011 13:00,0,-1.345,5380326.055
02/01/2011 14:00,0,-0.731,5361835.867
02/01/2011 15:00,0,0.01,5343569.551
02/01/2011 16:00,0.402,0.897,5326732.387
02/01/2011 17:00,0,1.349,5312995.516
02/01/2011 18:00,0,1.475,5300851.809
02/01/2011 19:00,0,1.15,5288748.73
02/01/2011 20:00,0,0.376,5275004.512
02/01/2011 21:00,0,-0.322,5258725.988
02/01/2011 22:00,0,-1.033,5240865.086
02/01/2011 23:00,0,-1.758,5222330.137
02/02/2011 00:00,0,-1.637,5203593.504
02/02/2011 01:00,0,-1.123,5184867.059
02/02/2011 02:00,0.201,-0.489,5166224.41
02/02/2011 03:00,0,0.301,5148083.559
02/02/2011 04:00,0.201,1.189,5132217.41
02/02/2011 05:00,0,1.789,5119795.57
02/02/2011 06:00,0.201,2.125,5109533.66
02/02/2011 07:00,1.206,1.774,5099796.516
02/02/2011 08:00,0.603,0.954,5088263.215
02/02/2011 09:00,1.206,0.149,5073917.344
02/02/2011 10:00,1.407,-0.733,5057087.906
02/02/2011 11:00,1.407,-1.518,5039227.738
02/02/2011 12:00,0.603,-1.871,5021314.688
02/02/2011 13:00,0,-1.672,5003799.027
02/02/2011 14:00,0,-1.048,4987121.016
02/02/2011 15:00,0.201,-0.231,4972738.074
02/02/2011 16:00,0.402,0.811,4962717.871
02/02/2011 17:00,0,1.492,4959751.52
02/02/2011 18:00,0,1.72,4960629.434
02/02/2011 19:00,0,1.728,4962224.813
02/02/2011 20:00,0,1.348,4962875.66
02/02/2011 21:00,0,0.229,4960912.863
02/02/2011 22:00,0.201,-0.758,4955312.848
02/02/2011 23:00,0,-1.523,4947424.316
02/03/2011 00:00,0.402,-1.991,4938560.98
02/03/2011 01:00,0,-1.675,4929156.59
02/03/2011 02:00,1.407,-1.092,4919507.492
02/03/2011 03:00,1.206,-0.426,4909670.316
02/03/2011 04:00,0.402,0.415,4900247.703
02/03/2011 05:00,0,1.361,4893485.184
02/03/2011 06:00,0,1.8,4890215.922
02/03/2011 07:00,0,1.821,4888239.609
02/03/2011 08:00,0,1.334,4885501.512
02/03/2011 09:00,0,0.401,4880264.453
02/03/2011 10:00,0,-0.455,4871937.219
02/03/2011 11:00,0,-1.374,4861709.406
02/03/2011 12:00,0,-1.991,4850891.141
02/03/2011 13:00,0,-1.925,4839793.563
02/03/2011 14:00,0.402,-1.093,4828539.492
02/03/2011 15:00,1.206,-0.291,4817249.68
02/03/2011 16:00,0.201,0.515,4806735.086
02/03/2011 17:00,2.01,1.585,4799308.773
02/03/2011 18:00,0.402,2.105,4795754.531
02/03/2011 19:00,2.412,2.192,4794114.367
02/03/2011 20:00,0.804,1.756,4792652.398
02/03/2011 21:00,0,1.024,4790334.211
02/03/2011 22:00,0.201,-0.164,4787266.563
02/03/2011 23:00,0,-1.117,4785303.125
02/04/2011 00:00,0.402,-1.803,4786773.398
02/04/2011 01:00,0.201,-2.01,4790148.063
02/04/2011 02:00,1.206,-1.591,4793915.023
02/04/2011 03:00,1.005,-0.776,4797771.516
02/04/2011 04:00,1.809,0.125,4801765.094
02/04/2011 05:00,1.407,1.537,4808466.75
02/04/2011 06:00,0.603,2.4,4822329
02/04/2011 07:00,0.201,2.277,4843083.578
02/04/2011 08:00,0,2.307,4869828.086
02/04/2011 09:00,0,1.584,4899931.063
02/04/2011 10:00,0,0.411,4928222.141
02/04/2011 11:00,0,-0.517,4951562.609
02/04/2011 12:00,0,-1.415,4971035.5
02/04/2011 13:00,0,-1.912,4987667.703
02/04/2011 14:00,0,-1.532,5001892.391
02/04/2011 15:00,0,-0.832,5013873.328
02/04/2011 16:00,0,-0.102,5024316.656
02/04/2011 17:00,0,0.777,5034663.469
02/04/2011 18:00,0,1.531,5047161.109
02/04/2011 19:00,0.201,2.045,5061400.547
02/04/2011 20:00,0,2.225,5076299.281
02/04/2011 21:00,0.402,1.505,5089889.828
02/04/2011 22:00,0.201,0.499,5099608.5
02/04/2011 23:00,0.402,-0.227,5105882.844
02/05/2011 00:00,2.211,-1.433,5109728.734
02/05/2011 01:00,2.412,-2.057,5112249.906
02/05/2011 02:00,1.005,-1.688,5114857.469
02/05/2011 03:00,1.407,-1.138,5118199.703
02/05/2011 04:00,1.407,-0.5,5124723.031
02/05/2011 05:00,2.412,0.5,5139531.141
02/05/2011 06:00,1.608,1.466,5167537.969
02/05/2011 07:00,1.809,1.946,5208767.688
02/05/2011 08:00,1.809,2.183,5259663.156
02/05/2011 09:00,0.603,1.568,5317555.094
02/05/2011 10:00,0.402,0.6,5378701.781
02/05/2011 11:00,0.402,-0.423,5439201.75
02/05/2011 12:00,0.201,-1.463,5497298.563
02/05/2011 13:00,0.201,-2.162,5552990.156
02/05/2011 14:00,1.206,-2.247,5605495.063
02/05/2011 15:00,1.005,-1.698,5654755.656
02/05/2011 16:00,1.407,-0.861,5701836.219
02/05/2011 17:00,1.407,-0.038,5748147.469
02/05/2011 18:00,1.809,0.91,5797013.719
02/05/2011 19:00,1.005,1.547,5852797.313
02/05/2011 20:00,0.603,1.884,5915437.031
02/05/2011 21:00,0,1.52,5981951.25
02/05/2011 22:00,0.603,0.812,6048339.875
02/05/2011 23:00,0,-0.257,6110931.563
02/06/2011 00:00,0,-1.07,6168392.906
02/06/2011 01:00,0.603,-1.797,6222127.625
02/06/2011 02:00,1.005,-2.038,6272179.938
02/06/2011 03:00,1.005,-1.589,6319201.375
02/06/2011 04:00,1.005,-0.707,6364595.563
02/06/2011 05:00,1.407,0.13,6409366.469
02/06/2011 06:00,1.407,0.864,6456017.25
02/06/2011 07:00,1.206,1.734,6507237.813
02/06/2011 08:00,3.417,2.028,6564009
02/06/2011 09:00,4.221,1.844,6627895.688
02/06/2011 10:00,5.628,1.091,6704858.563
02/06/2011 11:00,7.437,0.166,6799181.969
02/06/2011 12:00,3.417,-0.884,6907199.375
02/06/2011 13:00,0.201,-1.887,7026407.844
02/06/2011 14:00,0,-2.266,7153496.438
02/06/2011 15:00,0,-1.885,7285737.125
02/06/2011 16:00,0,-1.124,7421660.563
02/06/2011 17:00,0,-0.38,7560669.281
02/06/2011 18:00,0,0.355,7702199.938
02/06/2011 19:00,0,1.269,7846733.688
02/06/2011 20:00,0.603,1.676,7993475.094
02/06/2011 21:00,1.809,1.759,8139200.406
02/06/2011 22:00,1.608,1.182,8280674.438
02/06/2011 23:00,3.819,0.133,8412667.781
02/07/2011 00:00,2.814,-0.546,8528143.063
02/07/2011 01:00,4.221,-1.18,8631202.781
02/07/2011 02:00,2.211,-1.692,8740795.563
02/07/2011 03:00,0.804,-1.39,8857507.375
02/07/2011 04:00,0.603,-0.788,8979354.844
02/07/2011 05:00,0,-0.003,9104881.938
02/07/2011 06:00,0.201,0.776,9233628.813
02/07/2011 07:00,0,1.59,9365366.781
02/07/2011 08:00,1.005,1.901,9497283.25
02/07/2011 09:00,0.201,1.983,9625381.594
02/07/2011 10:00,0,1.395,9744888.688
02/07/2011 11:00,0,0.548,9851135.125
02/07/2011 12:00,0,-0.218,9949866.688
02/07/2011 13:00,0,-1.437,10043081.88
02/07/2011 14:00,0,-1.967,10132721.5
02/07/2011 15:00,0,-1.828,10219746.69
02/07/2011 16:00,0,-1.367,10304228.63
02/07/2011 17:00,0,-0.738,10386463.75
02/07/2011 18:00,0.603,-0.104,10466691.75
02/07/2011 19:00,0,0.606,10545790.19
02/07/2011 20:00,0,1.315,10625088.19
02/07/2011 21:00,0,1.687,10703990.81
02/07/2011 22:00,0,1.199,10780501.5
02/07/2011 23:00,0,0.466,10852221.38
02/08/2011 00:00,0,-0.298,10917912.5
02/08/2011 01:00,0,-1.023,10974915.69
02/08/2011 02:00,0,-1.706,11018840.63
02/08/2011 03:00,0,-1.828,11058282.88
02/08/2011 04:00,0,-1.439,11096335.5
02/08/2011 05:00,0,-0.808,11133118.31
02/08/2011 06:00,0,0.12,11169185.19
02/08/2011 07:00,0,0.715,11206030.81
02/08/2011 08:00,0,1.343,11244215.56
02/08/2011 09:00,0,1.717,11283224.19
02/08/2011 10:00,0,1.557,11322272.63
02/08/2011 11:00,0,0.907,11360090.56
02/08/2011 12:00,0.201,0.179,11395502.19
02/08/2011 13:00,0,-0.71,11428421.31
02/08/2011 14:00,0,-1.442,11459825.19
02/08/2011 15:00,0,-1.651,11490309.5
02/08/2011 16:00,0,-1.356,11520286.5
02/08/2011 17:00,0,-0.984,11549879
02/08/2011 18:00,0,-0.144,11579087.38
02/08/2011 19:00,0,0.468,11609036.44
02/08/2011 20:00,0,1.118,11640750.88
02/08/2011 21:00,0.201,1.568,11674236.69
02/08/2011 22:00,0.201,1.609,11708470.63
02/08/2011 23:00,0,0.952,11741852.69
02/09/2011 00:00,0,0.416,11773522.25
02/09/2011 01:00,0,-0.242,11803314.81
02/09/2011 02:00,0,-1.085,11831556.25
02/09/2011 03:00,0,-1.456,11858905.06
02/09/2011 04:00,0,-1.294,11885902.75
02/09/2011 05:00,0,-0.896,11912781.56
02/09/2011 06:00,0,-0.162,11939549.75
02/09/2011 07:00,0.201,0.299,11967076
02/09/2011 08:00,0,0.907,11995858.75
02/09/2011 09:00,0,1.299,12026147.69
02/09/2011 10:00,0,1.571,12057457.13
02/09/2011 11:00,0,1.243,12089021.94
02/09/2011 12:00,0,0.43,12119311.56
02/09/2011 13:00,0,-0.242,12147424
02/09/2011 14:00,0.402,-0.789,12173765.38
02/09/2011 15:00,0.201,-1.385,12199160.88
02/09/2011 16:00,0.603,-1.438,12224152.19
02/09/2011 17:00,1.608,-1.037,12249111.81
02/09/2011 18:00,0.603,-0.476,12274257.5
02/09/2011 19:00,2.412,-0.051,12300092.63
02/09/2011 20:00,0.402,0.575,12327399.06
02/09/2011 21:00,0.402,1.112,12357688.19
02/09/2011 22:00,0.603,1.225,12391620.38
02/09/2011 23:00,0.804,1.088,12428856.75
02/10/2011 00:00,0,0.711,12467985.63
02/10/2011 01:00,0,-0.076,12507720.19
02/10/2011 02:00,0,-0.65,12547208.81
02/10/2011 03:00,0,-1.087,12585967
02/10/2011 04:00,0,-1.381,12623894.38
02/10/2011 05:00,0,-1.155,12660906.88
02/10/2011 06:00,0,-0.667,12696899.31
02/10/2011 07:00,0,-0.219,12732292.44
02/10/2011 08:00,0,0.348,12767609.31
02/10/2011 09:00,0,0.914,12803480.06
02/10/2011 10:00,0,1.159,12839956.56
02/10/2011 11:00,0,1.019,12876013
02/10/2011 12:00,0.201,0.703,12910652.31
02/10/2011 13:00,0,0.242,12943531.38
02/10/2011 14:00,0,-0.487,12974407.56
02/10/2011 15:00,0,-1.038,13003475.56
02/10/2011 16:00,0,-1.198,13031477.44
02/10/2011 17:00,0,-1.052,13058671.25
02/10/2011 18:00,0,-0.764,13085460.13
02/10/2011 19:00,0,-0.252,13112264.19
02/10/2011 20:00,0,0.129,13139376.31
02/10/2011 21:00,0,0.666,13167091
02/10/2011 22:00,0,1.076,13195818.56
02/10/2011 23:00,0,1.064,13225079.63
02/11/2011 00:00,0,0.957,13254008
02/11/2011 01:00,0,0.523,13282154.75
02/11/2011 02:00,0,-0.016,13308886.75
02/11/2011 03:00,0,-0.483,13333836.38
02/11/2011 04:00,0,-0.771,13357763.31
02/11/2011 05:00,0,-0.988,13381123.75
02/11/2011 06:00,0,-0.648,13404183.38
02/11/2011 07:00,0,-0.302,13427121.69
02/11/2011 08:00,0.402,-0.043,13449977
02/11/2011 09:00,1.206,0.427,13473194.25
02/11/2011 10:00,0.402,0.837,13497530.94
02/11/2011 11:00,0.201,1.029,13522948.38
02/11/2011 12:00,0.402,1.027,13548817.94
02/11/2011 13:00,0,0.711,13574535.25
02/11/2011 14:00,0,0.083,13599344.94
02/11/2011 15:00,0,-0.268,13622870.06
02/11/2011 16:00,0,-0.728,13645754.38
02/11/2011 17:00,0,-0.953,13668281.56
02/11/2011 18:00,0,-0.724,13690637.25
02/11/2011 19:00,0,-0.499,13712815.31
02/11/2011 20:00,0,-0.318,13734965.38
02/11/2011 21:00,0,0.202,13757419.44
02/11/2011 22:00,0,0.591,13780732.06
02/11/2011 23:00,0,0.614,13804675.56
02/12/2011 00:00,0,0.925,13828895.94
02/12/2011 01:00,0,0.673,13852892
02/12/2011 02:00,0,0.299,13875883
02/12/2011 03:00,0,-0.076,13897763.13
02/12/2011 04:00,0,-0.521,13918478.5
02/12/2011 05:00,0,-0.766,13938379
02/12/2011 06:00,0,-0.766,13957716.13
02/12/2011 07:00,0,-0.799,13976506.75
02/12/2011 08:00,0,-0.578,13995072.38
02/12/2011 09:00,0,-0.122,14013638.25
02/12/2011 10:00,0,0.214,14032619.38
02/12/2011 11:00,0.201,0.629,14052483.63
02/12/2011 12:00,0,0.855,14073146.63
02/12/2011 13:00,0,0.757,14093976.38
02/12/2011 14:00,0,0.616,14114202.5
02/12/2011 15:00,0,0.34,14133574.75
02/12/2011 16:00,0,-0.126,14151804
02/12/2011 17:00,0,-0.29,14169021.63
02/12/2011 18:00,0,-0.519,14185697.13
02/12/2011 19:00,0,-0.535,14201985.63
02/12/2011 20:00,1.005,-0.347,14218127.5
02/12/2011 21:00,1.407,0.044,14234307.88
02/12/2011 22:00,0,0.239,14250785.13
02/12/2011 23:00,0.804,0.546,14267853.63
2011-13-02 00:00:00,0,0.814,14285761.75
2011-13-02 01:00:00,0,0.991,14304740.38
2011-13-02 02:00:00,0,0.89,14324312.13
2011-13-02 03:00:00,0,0.585,14343699.13
2011-13-02 04:00:00,0,0.164,14362457.63
2011-13-02 05:00:00,0,-0.109,14380368.88
2011-13-02 06:00:00,0,-0.408,14397506.25
2011-13-02 07:00:00,0,-0.62,14414022.13
2011-13-02 08:00:00,0.201,-0.764,14430127.5
2011-13-02 09:00:00,0,-0.672,14445989.13
2011-13-02 10:00:00,0,-0.225,14461848.5
2011-13-02 11:00:00,0,0.053,14478072.88
2011-13-02 12:00:00,0,0.481,14494820.63
2011-13-02 13:00:00,0,0.77,14512197.5
2011-13-02 14:00:00,0,0.784,14529959.38
2011-13-02 15:00:00,0,0.696,14547586.5
2011-13-02 16:00:00,0,0.562,14564681.5
2011-13-02 17:00:00,0,0.095,14580765.25
2011-13-02 18:00:00,2.01,-0.327,14595365
2011-13-02 19:00:00,0,-0.565,14609175.88
2011-13-02 20:00:00,0,-0.724,14622529.75
2011-13-02 21:00:00,0,-0.7,14635437.13
2011-13-02 22:00:00,0,-0.232,14648212.5
2011-13-02 23:00:00,0,-0.012,14661327.5
2011-14-02 00:00:00,0,0.349,14674973.25
2011-14-02 01:00:00,0,0.784,14689591.25
2011-14-02 02:00:00,0,1.035,14705245.63
2011-14-02 03:00:00,0.201,0.93,14721099.25
2011-14-02 04:00:00,0.201,0.89,14736515.13
2011-14-02 05:00:00,1.407,0.395,14751122.38
2011-14-02 06:00:00,0.603,0.199,14764513.38
2011-14-02 07:00:00,0,-0.453,14777068.75
2011-14-02 08:00:00,0.201,-0.907,14788946.38
2011-14-02 09:00:00,0,-0.892,14800548.88
2011-14-02 10:00:00,0,-0.848,14812172.38
2011-14-02 11:00:00,0,-0.677,14823757.75
2011-14-02 12:00:00,0,-0.044,14835576.25
2011-14-02 13:00:00,0.402,0.3,14848337
2011-14-02 14:00:00,0,0.76,14862409
2011-14-02 15:00:00,0,1.137,14877849.63
2011-14-02 16:00:00,0,0.965,14893745.38
2011-14-02 17:00:00,0,0.561,14908667.88
2011-14-02 18:00:00,0,0.145,14921948.75
2011-14-02 19:00:00,0,-0.304,14933767.63
2011-14-02 20:00:00,0,-0.685,14944537.13
2011-14-02 21:00:00,0,-0.973,14954698.88
2011-14-02 22:00:00,0,-0.936,14964502.13
2011-14-02 23:00:00,0,-0.664,14974042.5
2011-15-02 00:00:00,0,-0.107,14983630.5
2011-15-02 01:00:00,0,0.478,14994133.13
2011-15-02 02:00:00,0,0.972,15006067.63
2011-15-02 03:00:00,0,1.373,15019296.88
2011-15-02 04:00:00,0.201,1.455,15033279.88
2011-15-02 05:00:00,0,1.168,15046869.38
2011-15-02 06:00:00,0.201,0.899,15059087.13
2011-15-02 07:00:00,0.201,0.085,15069434.5
2011-15-02 08:00:00,0,-0.518,15077697.38
2011-15-02 09:00:00,0.201,-0.984,15084838.88
2011-15-02 10:00:00,0.201,-1.052,15091445.75
2011-15-02 11:00:00,0.603,-1.013,15097816.5
2011-15-02 12:00:00,0.402,-0.358,15104173.5
2011-15-02 13:00:00,0,-0.02,15110904.13
2011-15-02 14:00:00,0,0.741,15118683.38
2011-15-02 15:00:00,0,1.376,15128560.63
2011-15-02 16:00:00,0.201,1.78,15140195.75
2011-15-02 17:00:00,0,1.491,15152169.13
2011-15-02 18:00:00,0.201,1.038,15162846.63
2011-15-02 19:00:00,0,0.545,15171855.88
2011-15-02 20:00:00,1.608,-0.214,15178932.13
2011-15-02 21:00:00,2.814,-0.902,15184241.13
2011-15-02 22:00:00,2.814,-1.278,15188958.13
2011-15-02 23:00:00,0.201,-1.193,15193834.25
2011-16-02 00:00:00,0,-0.651,15199883.13
2011-16-02 01:00:00,1.005,-0.001,15208377.88
2011-16-02 02:00:00,0,0.577,15219502.38
2011-16-02 03:00:00,0,1.174,15233096.25
2011-16-02 04:00:00,0,1.765,15248591
2011-16-02 05:00:00,0,1.642,15264546.38
2011-16-02 06:00:00,0.201,1.357,15279299.5
2011-16-02 07:00:00,0,0.712,15292163.38
2011-16-02 08:00:00,0,-0.272,15302433.88
2011-16-02 09:00:00,0,-1.03,15310316.88
2011-16-02 10:00:00,0,-1.592,15316803.75
2011-16-02 11:00:00,0,-1.765,15322725.88
2011-16-02 12:00:00,0,-1.424,15328018
2011-16-02 13:00:00,0,-0.693,15332987
2011-16-02 14:00:00,0,-0.018,15338429.13
2011-16-02 15:00:00,0,0.904,15345544.75
2011-16-02 16:00:00,0,1.709,15355161.5
2011-16-02 17:00:00,0,1.917,15366321.5
2011-16-02 18:00:00,0,1.659,15377114.88
2011-16-02 19:00:00,0,1.11,15386193.38
2011-16-02 20:00:00,0,0.282,15392828.88
2011-16-02 21:00:00,0,-0.517,15396706.88
2011-16-02 22:00:00,0,-1.311,15398613.88
2011-16-02 23:00:00,0,-1.645,15399573.75
2011-17-02 00:00:00,0,-1.311,15399968.75
2011-17-02 01:00:00,0,-0.656,15400050
2011-17-02 02:00:00,0,0.166,15400373
2011-17-02 03:00:00,0,0.928,15402348.13
2011-17-02 04:00:00,0,1.755,15406488.63
2011-17-02 05:00:00,0,2.179,15412147
2011-17-02 06:00:00,0,2.157,15418142.5
2011-17-02 07:00:00,0,1.476,15422683.25
2011-17-02 08:00:00,0,0.506,15424244.88
2011-17-02 09:00:00,0,-0.517,15422660.13
2011-17-02 10:00:00,0,-1.515,15418854.5
2011-17-02 11:00:00,0,-2.111,15413896
2011-17-02 12:00:00,0,-2.126,15408412.13
2011-17-02 13:00:00,0,-1.574,15402454
2011-17-02 14:00:00,0,-0.745,15395983.5
2011-17-02 15:00:00,0,0.27,15389554.25
2011-17-02 16:00:00,0,1.295,15385180.75
2011-17-02 17:00:00,0,1.961,15383284.88
2011-17-02 18:00:00,0,2.224,15382572.13
2011-17-02 19:00:00,0,1.837,15381255.88
2011-17-02 20:00:00,0,0.835,15377143.25
2011-17-02 21:00:00,0,-0.113,15369544
2011-17-02 22:00:00,0,-1.166,15359252.75
2011-17-02 23:00:00,0,-2.011,15347515.25
2011-18-02 00:00:00,0,-2.077,15334706.75
2011-18-02 01:00:00,0,-1.559,15321024.75
2011-18-02 02:00:00,0,-0.72,15306752.38
2011-18-02 03:00:00,0,0.316,15292587.38
2011-18-02 04:00:00,0,1.321,15280643.63
2011-18-02 05:00:00,0,2.185,15271380.13
2011-18-02 06:00:00,0,2.61,15263930.25
2011-18-02 07:00:00,0.201,2.257,15256384.75
2011-18-02 08:00:00,0,1.34,15246430.5
2011-18-02 09:00:00,0,0.306,15233129.75
2011-18-02 10:00:00,0,-0.921,15216717
2011-18-02 11:00:00,0,-2.003,15198507.5
2011-18-02 12:00:00,0,-2.424,15179619.75
2011-18-02 13:00:00,0,-2.211,15160561.88
2011-18-02 14:00:00,0.402,-1.486,15141395.63
2011-18-02 15:00:00,0.201,-0.323,15122013.25
2011-18-02 16:00:00,0.804,0.76,15103770.63
2011-18-02 17:00:00,1.608,1.84,15088997.75
2011-18-02 18:00:00,1.608,2.545,15077634.63
2011-18-02 19:00:00,2.613,2.622,15068059.88
2011-18-02 20:00:00,0.201,1.852,15057923.63
2011-18-02 21:00:00,0,0.773,15045480.88
2011-18-02 22:00:00,0.201,-0.448,15030543.63
2011-18-02 23:00:00,0,-1.655,15015083.13
2011-19-02 00:00:00,0,-2.26,15000789.38
2011-19-02 01:00:00,0,-2.253,14987192.75
2011-19-02 02:00:00,0,-1.528,14974022.13
2011-19-02 03:00:00,0,-0.413,14961685.5
2011-19-02 04:00:00,0,0.642,14951462
2011-19-02 05:00:00,0,1.812,14944863.25
2011-19-02 06:00:00,0,2.546,14941304.88
2011-19-02 07:00:00,0.201,2.726,14939064
2011-19-02 08:00:00,0,2.187,14936034.63
2011-19-02 09:00:00,0,1.044,14930090.25
2011-19-02 10:00:00,0,-0.202,14920319
2011-19-02 11:00:00,0,-1.495,14907691.88
2011-19-02 12:00:00,0,-2.6,14894167.75
2011-19-02 13:00:00,0,-2.844,14880164.25
2011-19-02 14:00:00,0,-2.382,14865773.25
2011-19-02 15:00:00,0,-1.377,14851142.88
2011-19-02 16:00:00,0,-0.117,14836521.88
2011-19-02 17:00:00,0,1.04,14823865
2011-19-02 18:00:00,0,2.054,14814670.13
2011-19-02 19:00:00,0,2.718,14808180.63
2011-19-02 20:00:00,0,2.461,14802400.88
2011-19-02 21:00:00,0,1.481,14794595.88
2011-19-02 22:00:00,0,0.238,14782989.75
2011-19-02 23:00:00,0,-0.989,14768112.75
2011-20-02 00:00:00,0,-2.151,14751710.5
2011-20-02 01:00:00,0,-2.696,14734806.38
2011-20-02 02:00:00,0,-2.272,14717637.63
2011-20-02 03:00:00,0,-1.332,14700254.63
2011-20-02 04:00:00,0,-0.165,14682863.25
2011-20-02 05:00:00,0,1.05,14667172.38
2011-20-02 06:00:00,0,2.126,14655178.63
2011-20-02 07:00:00,0,2.735,14646172.38
2011-20-02 08:00:00,0,2.935,14638576.63
2011-20-02 09:00:00,0,1.986,14629853.25
2011-20-02 10:00:00,0,0.709,14617441.63
2011-20-02 11:00:00,0,-0.489,14601368.75
2011-20-02 12:00:00,0,-1.837,14583195.5
2011-20-02 13:00:00,0,-2.822,14564399.63
2011-20-02 14:00:00,0,-2.727,14545297.13
2011-20-02 15:00:00,0,-2.068,14526073.38
2011-20-02 16:00:00,0.804,-0.961,14506779.88
2011-20-02 17:00:00,3.417,0.255,14487987.88
2011-20-02 18:00:00,1.005,1.371,14472032.38
2011-20-02 19:00:00,1.206,2.321,14460087.63
2011-20-02 20:00:00,0.201,2.746,14451347.13
2011-20-02 21:00:00,0,2.252,14443966.25
2011-20-02 22:00:00,0,1.116,14436902.38
2011-20-02 23:00:00,0,-0.136,14428767.25
2011-21-02 00:00:00,0.201,-1.38,14418802
2011-21-02 01:00:00,0,-2.435,14408076.63
2011-21-02 02:00:00,0,-2.687,14397751.13
2011-21-02 03:00:00,0.603,-2.004,14388316.25
2011-21-02 04:00:00,0,-1.09,14379239.5
2011-21-02 05:00:00,0,0.178,14370294.13
2011-21-02 06:00:00,0.201,1.26,14363289.38
2011-21-02 07:00:00,0,2.161,14359174
2011-21-02 08:00:00,0,2.753,14357311.88
2011-21-02 09:00:00,0,2.522,14355969.38
2011-21-02 10:00:00,0,1.529,14352617.5
2011-21-02 11:00:00,0,0.26,14345517.88
2011-21-02 12:00:00,0,-0.946,14334945.13
2011-21-02 13:00:00,0,-2.273,14322572.5
2011-21-02 14:00:00,0,-2.919,14309543
2011-21-02 15:00:00,0,-2.499,14296147.13
2011-21-02 16:00:00,0,-1.807,14282298.38
2011-21-02 17:00:00,0,-0.622,14268183
2011-21-02 18:00:00,0,0.406,14254813.25
2011-21-02 19:00:00,0,1.54,14244109.13
2011-21-02 20:00:00,0,2.324,14236611.5
2011-21-02 21:00:00,0,2.47,14230657.25
2011-21-02 22:00:00,0,1.789,14223734.75
2011-21-02 23:00:00,0.201,0.579,14213792.75
2011-22-02 00:00:00,0.402,-0.516,14200338.75
2011-22-02 01:00:00,0.201,-1.677,14184891.63
2011-22-02 02:00:00,0.201,-2.565,14168844.38
2011-22-02 03:00:00,0.201,-2.531,14152595.88
2011-22-02 04:00:00,0,-1.793,14136165.13
2011-22-02 05:00:00,0,-0.798,14119622.13
2011-22-02 06:00:00,0,0.29,14103565.75
2011-22-02 07:00:00,0,1.246,14089896.88
2011-22-02 08:00:00,0,2.064,14079157.25
2011-22-02 09:00:00,0.603,2.491,14070629.75
2011-22-02 10:00:00,0.603,2.016,14062410.13
2011-22-02 11:00:00,0,1.013,14052090.63
2011-22-02 12:00:00,0.201,0.005,14038981.75
2011-22-02 13:00:00,0,-1.172,14023687.63
2011-22-02 14:00:00,0,-2.351,14007510.38
2011-22-02 15:00:00,0,-2.513,13991286.63
2011-22-02 16:00:00,0,-2.015,13975157.25
2011-22-02 17:00:00,0,-1.374,13958987.75
2011-22-02 18:00:00,0.201,-0.313,13942972.25
2011-22-02 19:00:00,0.201,0.592,13928196.75
2011-22-02 20:00:00,0.804,1.512,13916013
2011-22-02 21:00:00,0,2.139,13906755.5
2011-22-02 22:00:00,0.201,2.062,13899342.38
2011-22-02 23:00:00,0,1.254,13891426
2011-23-02 00:00:00,0.402,0.23,13881367
2011-23-02 01:00:00,0.201,-0.663,13869451.75
2011-23-02 02:00:00,0,-1.794,13856929.63
2011-23-02 03:00:00,0,-2.311,13844788
2011-23-02 04:00:00,0.603,-2.009,13833491.25
2011-23-02 05:00:00,0,-1.323,13822816.88
2011-23-02 06:00:00,0,-0.479,13812532.63
2011-23-02 07:00:00,0,0.362,13803290.63
2011-23-02 08:00:00,0,1.273,13796510.5
2011-23-02 09:00:00,0,1.914,13792669.5
2011-23-02 10:00:00,0,2.161,13790634.13
2011-23-02 11:00:00,0,1.668,13788402.75
2011-23-02 12:00:00,0.402,0.759,13784007.13
2011-23-02 13:00:00,0,-0.1,13776998.75
2011-23-02 14:00:00,0,-1.128,13768076.63
2011-23-02 15:00:00,0,-1.995,13758261.13
2011-23-02 16:00:00,0,-1.972,13747895.25
2011-23-02 17:00:00,0,-1.472,13737242.75
2011-23-02 18:00:00,0,-0.911,13726317.38
2011-23-02 19:00:00,0,-0.096,13715068.88
2011-23-02 20:00:00,0,0.587,13705024.13
2011-23-02 21:00:00,0,1.445,13697169.5
2011-23-02 22:00:00,0,1.935,13691369.88
2011-23-02 23:00:00,0,1.615,13686153.75
2011-24-02 00:00:00,0,0.913,13679497.63
2011-24-02 01:00:00,0,0.213,13670555
2011-24-02 02:00:00,0,-0.637,13659538.5
2011-24-02 03:00:00,0,-1.508,13647148.25
2011-24-02 04:00:00,0,-1.818,13633998.88
2011-24-02 05:00:00,0,-1.487,13620527
2011-24-02 06:00:00,0,-0.982,13606875
2011-24-02 07:00:00,0,-0.252,13593197
2011-24-02 08:00:00,0,0.293,13580157.38
2011-24-02 09:00:00,0,1.003,13568443.13
2011-24-02 10:00:00,0,1.5,13558536.88
2011-24-02 11:00:00,0,1.584,13549739.5
2011-24-02 12:00:00,0,1.197,13540679.5
2011-24-02 13:00:00,0,0.449,13530083
2011-24-02 14:00:00,0,-0.259,13517307.13
2011-24-02 15:00:00,0,-0.979,13503036.25
2011-24-02 16:00:00,0,-1.438,13487944.75
2011-24-02 17:00:00,0,-1.417,13472347.75
2011-24-02 18:00:00,0,-1.09,13456493.25
2011-24-02 19:00:00,0,-0.564,13440527.75
2011-24-02 20:00:00,0,0.016,13424880.75
2011-24-02 21:00:00,0,0.657,13410188
2011-24-02 22:00:00,0,1.221,13397082.38
2011-24-02 23:00:00,0,1.541,13385501.13
2011-25-02 00:00:00,0,1.476,13374524.13
2011-25-02 01:00:00,0,0.815,13362601.25
2011-25-02 02:00:00,0,0.177,13348836
2011-25-02 03:00:00,0,-0.303,13333450.88
2011-25-02 04:00:00,0,-0.984,13317052
2011-25-02 05:00:00,0.402,-1.193,13300081.25
2011-25-02 06:00:00,3.216,-1.056,13282844.75
2011-25-02 07:00:00,0.201,-0.849,13265809.5
2011-25-02 08:00:00,0,-0.326,13249443.63
2011-25-02 09:00:00,0,0.225,13234337.5
2011-25-02 10:00:00,0,0.695,13221378.19
2011-25-02 11:00:00,0,1.071,13211110.69
2011-25-02 12:00:00,0,1.224,13202754.44
2011-25-02 13:00:00,0,0.936,13194663.31
2011-25-02 14:00:00,0,0.371,13185488.69
2011-25-02 15:00:00,0,-0.12,13174850.56
2011-25-02 16:00:00,0,-0.611,13162907.81
2011-25-02 17:00:00,0,-1.016,13150024.13
2011-25-02 18:00:00,0,-1.048,13136642.06
2011-25-02 19:00:00,0,-0.81,13123017.06
2011-25-02 20:00:00,0,-0.471,13108992.44
2011-25-02 21:00:00,0,-0.17,13094922.31
2011-25-02 22:00:00,0,0.412,13081392.88
2011-25-02 23:00:00,0,0.913,13069051.06
2011-26-02 00:00:00,2.211,1.264,13057918.75
2011-26-02 01:00:00,1.206,0.947,13047138.31
2011-26-02 02:00:00,0,0.693,13035670.69
2011-26-02 03:00:00,0,0.343,13023510.06
2011-26-02 04:00:00,0.201,-0.312,13010324.06
2011-26-02 05:00:00,0,-0.809,12996048.25
2011-26-02 06:00:00,0,-1.103,12981188.13
2011-26-02 07:00:00,0,-1.155,12966030.63
2011-26-02 08:00:00,0.201,-0.895,12950743.75
2011-26-02 09:00:00,0,-0.535,12935411
2011-26-02 10:00:00,0,-0.331,12920076.63
2011-26-02 11:00:00,0,0.177,12905108.38
2011-26-02 12:00:00,0,0.667,12891279.31
2011-26-02 13:00:00,0.201,0.823,12878507.94
2011-26-02 14:00:00,0.804,0.684,12865921.81
2011-26-02 15:00:00,0,0.361,12853069.94
2011-26-02 16:00:00,0.201,-0.088,12839399.5
2011-26-02 17:00:00,0,-0.406,12824593.56
2011-26-02 18:00:00,0,-0.753,12809112.63
2011-26-02 19:00:00,0,-1.064,12793087.38
2011-26-02 20:00:00,0,-1.033,12776566.25
2011-26-02 21:00:00,0,-0.707,12759899.56
2011-26-02 22:00:00,0,-0.535,12743305.88
2011-26-02 23:00:00,0,-0.046,12726898.06
2011-27-02 00:00:00,0,0.452,12711155
2011-27-02 01:00:00,0,0.797,12696573.88
2011-27-02 02:00:00,0,0.866,12682780.88
2011-27-02 03:00:00,0,0.688,12669042.06
2011-27-02 04:00:00,0.201,0.233,12654589.25
2011-27-02 05:00:00,0,-0.106,12638955.56
2011-27-02 06:00:00,0.603,-0.668,12622394.56
2011-27-02 07:00:00,0.201,-1.2,12605191.69
2011-27-02 08:00:00,0,-1.261,12587742.44
2011-27-02 09:00:00,0,-1.144,12570221.63
2011-27-02 10:00:00,0,-1.094,12552736.06
2011-27-02 11:00:00,0,-0.719,12535312.13
2011-27-02 12:00:00,0,-0.25,12518131.94
2011-27-02 13:00:00,0,0.164,12501445.19
2011-27-02 14:00:00,0,0.592,12485666.5
2011-27-02 15:00:00,0,0.651,12470907.88
2011-27-02 16:00:00,0.201,0.354,12456224.31
2011-27-02 17:00:00,0,0.056,12440624.88
2011-27-02 18:00:00,0,-0.329,12424022.31
2011-27-02 19:00:00,0,-0.778,12406693.56
2011-27-02 20:00:00,0,-1.092,12388934.19
2011-27-02 21:00:00,0,-1.233,12370920.25
2011-27-02 22:00:00,0,-1.151,12352674.38
2011-27-02 23:00:00,0,-0.753,12334367.5
2011-28-02 00:00:00,0,-0.304,12316034.56
2011-28-02 01:00:00,0,0.195,12297930.69
2011-28-02 02:00:00,0,0.593,12280844.75
2011-28-02 03:00:00,0,0.791,12264774.44
2011-28-02 04:00:00,0,0.711,12249065
2011-28-02 05:00:00,0,0.407,12232955.38
2011-28-02 06:00:00,0,-0.14,12215711.75
2011-28-02 07:00:00,0,-0.721,12197303.38
2011-28-02 08:00:00,0,-1.247,12178230.38
2011-28-02 09:00:00,0,-1.491,12158816.31
2011-28-02 10:00:00,0,-1.499,12139246.06
2011-28-02 11:00:00,0,-1.302,12119510.31
2011-28-02 12:00:00,0,-0.893,12099756.25
2011-28-02 13:00:00,0,-0.311,12080187.19
2011-28-02 14:00:00,0,0.227,12061220.63
2011-28-02 15:00:00,0,0.674,12043471.69
2011-28-02 16:00:00,0,0.749,12026722.56
2011-28-02 17:00:00,0,0.55,12010019.56
2011-28-02 18:00:00,0,0.227,11992618
2011-28-02 19:00:00,0,-0.273,11974190.5
2011-28-02 20:00:00,0,-0.861,11954821.5
2011-28-02 21:00:00,0,-1.336,11934869.75
2011-28-02 22:00:00,0,-1.504,11914624.31
2011-28-02 23:00:00,0,-1.23,11894294.06
03/01/2011 00:00,0,-0.782,11873843.06
03/01/2011 01:00,0,-0.302,11853426.88
03/01/2011 02:00,0,0.239,11833521.63
03/01/2011 03:00,0,0.884,11814912.31
03/01/2011 04:00,0,1.104,11797794.88
03/01/2011 05:00,0,0.908,11781059.69
03/01/2011 06:00,0,0.518,11763677.75
03/01/2011 07:00,0,-0.16,11745011.63
03/01/2011 08:00,0,-0.759,11724970.31
03/01/2011 09:00,0,-1.421,11704195.06
03/01/2011 10:00,0,-1.854,11683103.94
03/01/2011 11:00,0,-1.697,11661960
03/01/2011 12:00,0,-1.346,11640769.13
03/01/2011 13:00,0,-0.95,11619448.69
03/01/2011 14:00,0,-0.159,11598242.63
03/01/2011 15:00,0,0.398,11577851.44
03/01/2011 16:00,0,0.845,11558807.13
03/01/2011 17:00,0,1.047,11540783.69
03/01/2011 18:00,0,0.758,11522930.25
03/01/2011 19:00,0,0.181,11504124.13
03/01/2011 20:00,0,-0.397,11483877.38
03/01/2011 21:00,0,-1.108,11462589.94
03/01/2011 22:00,0,-1.642,11440753.5
03/01/2011 23:00,0,-1.786,11418708.13
03/02/2011 00:00,0,-1.396,11396529.13
03/02/2011 01:00,0,-0.671,11374301.5
03/02/2011 02:00,0,-0.158,11352375.44
03/02/2011 03:00,0,0.568,11331354.44
03/02/2011 04:00,0,1.169,11312263.19
03/02/2011 05:00,0,1.381,11294666.31
03/02/2011 06:00,0,1.094,11277297.13
03/02/2011 07:00,0,0.479,11258895.63
03/02/2011 08:00,0,-0.288,11238797.56
03/02/2011 09:00,0,-1.015,11217105
03/02/2011 10:00,0,-1.734,11194506.94
03/02/2011 11:00,0.201,-2.058,11171642.5
03/02/2011 12:00,0,-1.85,11148730.44
03/02/2011 13:00,0,-1.302,11125798.13
03/02/2011 14:00,0,-0.663,11102844.31
03/02/2011 15:00,0,0.122,11080250
03/02/2011 16:00,0,0.807,11059075.19
03/02/2011 17:00,0,1.198,11039739
03/02/2011 18:00,0,1.238,11021363.88
03/02/2011 19:00,0,0.743,11002696.38
03/02/2011 20:00,0,-0.099,10982453.19
03/02/2011 21:00,0,-0.732,10960455.81
03/02/2011 22:00,0,-1.466,10937564.5
03/02/2011 23:00,0,-2.036,10914224.38
03/03/2011 00:00,0,-1.891,10890641.38
03/03/2011 01:00,0,-1.309,10866980.5
03/03/2011 02:00,0,-0.646,10843355.63
03/03/2011 03:00,0,0.116,10820127.19
03/03/2011 04:00,0,0.91,10798425.88
03/03/2011 05:00,0,1.316,10778831.19
03/03/2011 06:00,0,1.463,10760292.63
03/03/2011 07:00,0,0.988,10741600.06
03/03/2011 08:00,0,0.131,10721336.5
03/03/2011 09:00,0,-0.697,10699024.31
03/03/2011 10:00,0,-1.531,10675537.31
03/03/2011 11:00,0,-2.242,10651609.06
03/03/2011 12:00,0,-2.332,10627598.75
03/03/2011 13:00,0,-1.812,10603578.13
03/03/2011 14:00,0,-1.101,10579556.81
03/03/2011 15:00,0,-0.405,10555588.19
03/03/2011 16:00,0,0.524,10532203.25
03/03/2011 17:00,0,1.054,10510846
03/03/2011 18:00,0,1.379,10491086.81
03/03/2011 19:00,0,1.233,10471944.38
03/03/2011 20:00,0,0.437,10451887.81
03/03/2011 21:00,0,-0.536,10429726.38
03/03/2011 22:00,0,-1.248,10406010.94
03/03/2011 23:00,0,-2.242,10381710.25
03/04/2011 00:00,0,-2.5,10357263.94
03/04/2011 01:00,0,-1.82,10332800
03/04/2011 02:00,0,-1.108,10308333.88
03/04/2011 03:00,0,-0.264,10283998.88
03/04/2011 04:00,0,0.637,10260617.63
03/04/2011 05:00,0,1.334,10239632.38
03/04/2011 06:00,0,1.688,10220541.75
03/04/2011 07:00,0,1.485,10202066.69
03/04/2011 08:00,0,0.751,10182584.81
03/04/2011 09:00,0,-0.139,10160997.25
03/04/2011 10:00,0,-1,10137472.69
03/04/2011 11:00,0.201,-1.998,10113029.25
03/04/2011 12:00,0,-2.451,10088326.88
03/04/2011 13:00,0,-2,10063603.94
03/04/2011 14:00,0,-1.55,10038881.25
03/04/2011 15:00,0,-0.694,10014188.19
03/04/2011 16:00,0,0.143,9989901.188
03/04/2011 17:00,0,0.937,9967250.875
03/04/2011 18:00,0,1.433,9946872.188
03/04/2011 19:00,0,1.54,9927738.813
03/04/2011 20:00,0,0.984,9908251.875
03/04/2011 21:00,0,0.059,9886908.25
03/04/2011 22:00,0,-0.845,9863406
03/04/2011 23:00,0,-1.652,9838773.063
03/05/2011 00:00,0,-2.304,9813786.375
03/05/2011 01:00,0,-2.128,9788739.875
03/05/2011 02:00,0,-1.484,9763679.25
03/05/2011 03:00,0,-0.578,9738659.25
03/05/2011 04:00,0,0.228,9714140.563
03/05/2011 05:00,0,1.119,9691500.375
03/05/2011 06:00,0,1.656,9671409.25
03/05/2011 07:00,0,1.859,9652856.375
03/05/2011 08:00,0,1.342,9634316.25
03/05/2011 09:00,0,0.354,9613961.563
03/05/2011 10:00,0,-0.671,9591059
03/05/2011 11:00,0,-1.571,9566574
03/05/2011 12:00,0,-2.358,9541557.438
03/05/2011 13:00,0,-2.39,9516399.063
03/05/2011 14:00,0,-1.91,9491154.188
03/05/2011 15:00,0,-1.059,9465807.75
03/05/2011 16:00,0,-0.187,9440668.438
03/05/2011 17:00,0,0.769,9416589.188
03/05/2011 18:00,0,1.32,9394953.063
03/05/2011 19:00,0,1.635,9375016.438
03/05/2011 20:00,0,1.403,9355623.875
03/05/2011 21:00,0,0.59,9335108.25
03/05/2011 22:00,0,-0.443,9312296.375
03/05/2011 23:00,0,-1.33,9287649.688
03/06/2011 00:00,0,-2.17,9262303.875
03/06/2011 01:00,0,-2.376,9236821.75
03/06/2011 02:00,0,-1.887,9211347.25
03/06/2011 03:00,0,-1.136,9185887.5
03/06/2011 04:00,0,-0.229,9160575.063
03/06/2011 05:00,0,0.725,9136322.188
03/06/2011 06:00,0,1.47,9114747.25
03/06/2011 07:00,0,1.8,9095293.688
03/06/2011 08:00,0,1.633,9076547.313
03/06/2011 09:00,0,0.85,9056801.375
03/06/2011 10:00,0,-0.158,9034727.875
03/06/2011 11:00,0,-1.116,9010477.5
03/06/2011 12:00,0,-2.084,8985254.188
03/06/2011 13:00,0,-2.502,8959799.688
03/06/2011 14:00,0,-2.159,8934302.875
03/06/2011 15:00,0,-1.399,8908823.625
03/06/2011 16:00,0,-0.534,8883396.063
03/06/2011 17:00,0,0.309,8858524.063
03/06/2011 18:00,0,1.175,8835714.75
03/06/2011 19:00,0,1.546,8815338.313
03/06/2011 20:00,0,1.641,8796075.5
03/06/2011 21:00,0,1.061,8776520.5
03/06/2011 22:00,0,0.025,8754995.5
03/06/2011 23:00,0,-0.889,8731102.063
03/07/2011 00:00,0,-1.751,8706032.25
03/07/2011 01:00,0,-2.365,8680614.688
03/07/2011 02:00,0,-2.207,8655159.688
03/07/2011 03:00,0,-1.456,8629712.438
03/07/2011 04:00,0,-0.596,8604313.25
03/07/2011 05:00,0,0.236,8579394.063
03/07/2011 06:00,0,1.173,8556456.063
03/07/2011 07:00,0,1.631,8536223.125
03/07/2011 08:00,0,1.796,8517402.375
03/07/2011 09:00,0,1.362,8498599
03/07/2011 10:00,0.201,0.278,8477922
03/07/2011 11:00,0,-0.675,8454517.375
03/07/2011 12:00,0,-1.531,8429563.125
03/07/2011 13:00,0,-2.286,8404010.25
03/07/2011 14:00,0,-2.333,8378395.875
03/07/2011 15:00,0,-1.744,8352754.25
03/07/2011 16:00,0,-0.899,8327067.063
03/07/2011 17:00,0,-0.087,8301616.313
03/07/2011 18:00,0,0.836,8277456.125
03/07/2011 19:00,0,1.403,8256004.5
03/07/2011 20:00,0,1.668,8236407.125
03/07/2011 21:00,0,1.338,8217134.313
03/07/2011 22:00,0,0.532,8196455.344
03/07/2011 23:00,0,-0.423,8173547.656
03/08/2011 00:00,0,-1.236,8148837.656
03/08/2011 01:00,0,-2.063,8123365.625
03/08/2011 02:00,0,-2.286,8097754.156
03/08/2011 03:00,0,-1.651,8072141.344
03/08/2011 04:00,0,-0.956,8046557.031
03/08/2011 05:00,0,-0.135,8021204.938
03/08/2011 06:00,0,0.779,7997052.781
03/08/2011 07:00,0,1.446,7975659.188
03/08/2011 08:00,0,1.848,7956415.688
03/08/2011 09:00,0,1.725,7938075.156
03/08/2011 10:00,0,0.97,7918790.938
03/08/2011 11:00,0,-0.041,7897108.781
03/08/2011 12:00,0,-0.867,7873085.344
03/08/2011 13:00,0,-1.752,7847973.688
03/08/2011 14:00,0,-2.123,7822543.031
03/08/2011 15:00,0.201,-1.747,7797108.25
03/08/2011 16:00,0,-1.048,7771705.656
03/08/2011 17:00,0,-0.197,7746519.281
03/08/2011 18:00,0,0.459,7722269.844
03/08/2011 19:00,0,1.214,7700178.531
03/08/2011 20:00,0,1.676,7680471.063
03/08/2011 21:00,0,1.633,7661930.875
03/08/2011 22:00,0.201,1.075,7642846.75
03/08/2011 23:00,0,0.258,7621885.656
03/09/2011 00:00,0,-0.637,7598649.5
03/09/2011 01:00,0,-1.455,7574063.594
03/09/2011 02:00,0,-1.888,7549006.719
03/09/2011 03:00,0.201,-1.807,7523852.781
03/09/2011 04:00,0,-1.174,7498714.031
03/09/2011 05:00,0,-0.385,7473786.875
03/09/2011 06:00,0,0.237,7449565.469
03/09/2011 07:00,0,1.069,7427222.156
03/09/2011 08:00,0.201,1.522,7407474.781
03/09/2011 09:00,0,1.611,7389035.625
03/09/2011 10:00,0,1.127,7370408.906
03/09/2011 11:00,0,0.347,7350116
03/09/2011 12:00,0,-0.465,7327591.688
03/09/2011 13:00,0.201,-1.291,7303593.938
03/09/2011 14:00,0,-1.906,7279068.469
03/09/2011 15:00,0,-1.887,7254492.969
03/09/2011 16:00,0,-1.158,7229914.688
03/09/2011 17:00,0.201,-0.512,7205439.875
03/09/2011 18:00,0,0.18,7181479.219
03/09/2011 19:00,0,0.971,7159235.313
03/09/2011 20:00,0,1.497,7139648.188
03/09/2011 21:00,0,1.651,7121612.5
03/09/2011 22:00,0,1.45,7103877.313
03/09/2011 23:00,0,0.792,7085133.75
03/10/2011 00:00,0,-0.083,7064158.563
03/10/2011 01:00,0,-0.751,7041016.5
03/10/2011 02:00,0.201,-1.42,7016883.313
03/10/2011 03:00,0,-1.665,6992401.531
03/10/2011 04:00,0,-1.169,6967902.063
03/10/2011 05:00,0,-0.629,6943499.844
03/10/2011 06:00,0,-0.036,6919502.625
03/10/2011 07:00,0,0.68,6896673.75
03/10/2011 08:00,0,1.26,6876272.031
03/10/2011 09:00,0,1.49,6857722.594
03/10/2011 10:00,0,1.559,6839991.813
03/10/2011 11:00,0,0.846,6821750.438
03/10/2011 12:00,0,0.038,6801389.813
03/10/2011 13:00,0,-0.564,6779032.625
03/10/2011 14:00,0.201,-1.345,6755820.719
03/10/2011 15:00,0,-1.688,6732475.156
03/10/2011 16:00,0,-1.281,6709310.094
03/10/2011 17:00,0,-0.919,6686421.375
03/10/2011 18:00,0,-0.265,6663777.75
03/10/2011 19:00,0,0.342,6641923.469
03/10/2011 20:00,0,0.913,6621934.078
03/10/2011 21:00,0,1.333,6604013.156
03/10/2011 22:00,0,1.398,6587117.219
03/10/2011 23:00,0,0.814,6569786.594
03/11/2011 00:00,0,0.231,6550747.188
03/11/2011 01:00,0,-0.378,6529800.063
03/11/2011 02:00,0,-1.09,6507573.875
03/11/2011 03:00,0,-1.436,6484782.984
03/11/2011 04:00,0,-1.404,6461839.734
03/11/2011 05:00,0,-1.049,6438858.531
03/11/2011 06:00,0,-0.444,6416090.969
03/11/2011 07:00,0,0.14,6393941.703
03/11/2011 08:00,0,0.692,6373143.609
03/11/2011 09:00,0,1.113,6354417.031
03/11/2011 10:00,0,1.3,6337107.609
03/11/2011 11:00,0,1.004,6320037.625
03/11/2011 12:00,0,0.467,6301867.109
03/11/2011 13:00,0,-0.062,6281993.797
03/11/2011 14:00,0,-0.778,6260756.625
03/11/2011 15:00,0,-1.185,6238850
03/11/2011 16:00,0.201,-1.242,6216913.281
03/11/2011 17:00,0,-0.914,6195490
03/11/2011 18:00,0,-0.519,6175340.344
03/11/2011 19:00,0,0.05,6158429.078
03/11/2011 20:00,0,0.563,6147050.875
03/11/2011 21:00,0,1.017,6142017.297
03/11/2011 22:00,0,1.188,6142606.328
03/11/2011 23:00,0,1.114,6146700.484
03/12/2011 00:00,0,0.686,6154839.781
03/12/2011 01:00,0,0.095,6168445.609
03/12/2011 02:00,0,-0.391,6187780.719
03/12/2011 03:00,0,-0.938,6213557.344
03/12/2011 04:00,0,-1.17,6245660.875
03/12/2011 05:00,0,-1.019,6282479.781
03/12/2011 06:00,0,-0.736,6321299.781
03/12/2011 07:00,0,-0.263,6360157.438
03/12/2011 08:00,0,0.235,6397656.656
03/12/2011 09:00,0,0.638,6432907.406
03/12/2011 10:00,0,0.913,6465604.469
03/12/2011 11:00,0,1.122,6494995.031
03/12/2011 12:00,0,0.787,6520597.219
03/12/2011 13:00,0,0.316,6541671.531
03/12/2011 14:00,0,-0.193,6558581.813
03/12/2011 15:00,0,-0.646,6572487
03/12/2011 16:00,0,-0.948,6584922.219
03/12/2011 17:00,0,-0.928,6597031.281
03/12/2011 18:00,0.201,-0.663,6610096.406
03/12/2011 19:00,0,-0.346,6624536.938
03/12/2011 20:00,0,0.072,6640503.188
03/12/2011 21:00,0,0.523,6658301.281
03/12/2011 22:00,0,0.855,6677919.688
03/12/2011 23:00,0,1.01,6698128.156
2011-13-03 00:00:00,0,0.877,6717513.563
2011-13-03 01:00:00,0,0.535,6735208.063
2011-13-03 02:00:00,0,0.168,6750675.438
2011-13-03 03:00:00,0,-0.371,6763703.188
2011-13-03 04:00:00,0,-0.739,6774581.094
2011-13-03 05:00:00,0,-0.944,6783897.313
2011-13-03 06:00:00,0,-0.863,6792015
2011-13-03 07:00:00,0,-0.672,6799431.125
2011-13-03 08:00:00,0,-0.399,6806368
2011-13-03 09:00:00,0,0.038,6812902.5
2011-13-03 10:00:00,0.201,0.42,6819535.906
2011-13-03 11:00:00,0.402,0.706,6826863.813
2011-13-03 12:00:00,0.603,0.803,6834823.75
2011-13-03 13:00:00,0.804,0.608,6842405.719
2011-13-03 14:00:00,5.628,0.221,6848769.594
2011-13-03 15:00:00,4.422,-0.153,6853499.781
2011-13-03 16:00:00,4.221,-0.506,6857553.156
2011-13-03 17:00:00,3.819,-0.843,6861659.25
2011-13-03 18:00:00,3.417,-0.871,6866028
2011-13-03 19:00:00,3.216,-0.717,6870744.5
2011-13-03 20:00:00,2.814,-0.546,6875772.188
2011-13-03 21:00:00,2.412,-0.238,6881020.5
2011-13-03 22:00:00,2.211,0.182,6886803.844
2011-13-03 23:00:00,2.211,0.454,6893578.125
2011-14-03 00:00:00,1.809,0.583,6900990.938
2011-14-03 01:00:00,1.407,0.597,6908842.719
2011-14-03 02:00:00,1.206,0.36,6916324.719
2011-14-03 03:00:00,1.005,-0.012,6922493.313
2011-14-03 04:00:00,0.804,-0.413,6927245.031
2011-14-03 05:00:00,0.201,-0.783,6931034.594
2011-14-03 06:00:00,0,-1.004,6934241.906
2011-14-03 07:00:00,0,-1.079,6936902.438
2011-14-03 08:00:00,0.201,-0.998,6939180.188
2011-14-03 09:00:00,0,-0.725,6941162.031
2011-14-03 10:00:00,0,-0.365,6942879.438
2011-14-03 11:00:00,0,0.041,6944570.625
2011-14-03 12:00:00,0,0.428,6946792.375
2011-14-03 13:00:00,0.201,0.558,6949865.438
2011-14-03 14:00:00,0,0.54,6953241.469
2011-14-03 15:00:00,0,0.359,6956223.719
2011-14-03 16:00:00,0,0.004,6958235.844
2011-14-03 17:00:00,0,-0.384,6959147.625
2011-14-03 18:00:00,0,-0.743,6959192.594
2011-14-03 19:00:00,0,-0.9,6958675.031
2011-14-03 20:00:00,0,-0.897,6957854.875
2011-14-03 21:00:00,0,-0.628,6956863.313
2011-14-03 22:00:00,0,-0.448,6955732.5
2011-14-03 23:00:00,0,-0.146,6954428.031
2011-15-03 00:00:00,0,0.339,6953420.688
2011-15-03 01:00:00,0,0.701,6953504.094
2011-15-03 02:00:00,0,0.759,6954626.313
2011-15-03 03:00:00,0,0.615,6955685.313
2011-15-03 04:00:00,0,0.265,6955757.156
2011-15-03 05:00:00,0,-0.104,6954195.156
2011-15-03 06:00:00,0,-0.519,6951312.875
2011-15-03 07:00:00,0,-0.956,6947591.094
2011-15-03 08:00:00,0,-1.228,6943371.656
2011-15-03 09:00:00,0,-1.181,6938867.594
2011-15-03 10:00:00,0,-0.965,6934138.719
2011-15-03 11:00:00,0.402,-0.583,6929325.75
2011-15-03 12:00:00,0.201,-0.034,6924694.813
2011-15-03 13:00:00,0,0.451,6920782.844
2011-15-03 14:00:00,0,0.768,6918150.625
2011-15-03 15:00:00,0,0.841,6916372.625
2011-15-03 16:00:00,0,0.657,6914426.219
2011-15-03 17:00:00,0,0.279,6911477.031
2011-15-03 18:00:00,0,-0.186,6907023.188
2011-15-03 19:00:00,0,-0.729,6901350.813
2011-15-03 20:00:00,0,-1.055,6894909.938
2011-15-03 21:00:00,0,-1.135,6888018.969
2011-15-03 22:00:00,0,-0.997,6880897.156
2011-15-03 23:00:00,0,-0.683,6873566.094
2011-16-03 00:00:00,0,-0.213,6866339.438
2011-16-03 01:00:00,0,0.433,6859632.094
2011-16-03 02:00:00,0,0.922,6854568.531
2011-16-03 03:00:00,0,1.021,6850991.781
2011-16-03 04:00:00,0,0.926,6847572.469
2011-16-03 05:00:00,0,0.623,6843426.188
2011-16-03 06:00:00,0,0.08,6837805.438
2011-16-03 07:00:00,0,-0.612,6830398.469
2011-16-03 08:00:00,0,-1.201,6821858.813
2011-16-03 09:00:00,0,-1.555,6812798.344
2011-16-03 10:00:00,0,-1.562,6803511.156
2011-16-03 11:00:00,0.201,-1.207,6793902.188
2011-16-03 12:00:00,0.201,-0.735,6784074.625
2011-16-03 13:00:00,0,-0.05,6774416
2011-16-03 14:00:00,0,0.691,6765882.625
2011-16-03 15:00:00,0,1.181,6759846.781
2011-16-03 16:00:00,0,1.256,6755206.219
2011-16-03 17:00:00,0,1.031,6750477.406
2011-16-03 18:00:00,0,0.518,6744542.063
2011-16-03 19:00:00,0,-0.092,6736646.375
2011-16-03 20:00:00,0,-0.862,6727033.281
2011-16-03 21:00:00,0,-1.378,6716448.5
2011-16-03 22:00:00,0,-1.501,6705477.125
2011-16-03 23:00:00,0.201,-1.205,6694361.719
2011-17-03 00:00:00,0,-0.756,6683245.469
2011-21-03 14:00:00,0,-2.694,5440641.969
2011-21-03 15:00:00,0,-1.978,5425611.594
2011-21-03 16:00:00,0,-0.562,5410623.391
2011-21-03 17:00:00,0,0.58,5396284.516
2011-21-03 18:00:00,0,1.638,5385452.438
2011-21-03 19:00:00,0,2.457,5378766.609
2011-21-03 20:00:00,0,2.501,5374488.609
2011-21-03 21:00:00,0,1.561,5369183.891
2011-21-03 22:00:00,0,0.357,5360055.156
2011-21-03 23:00:00,0,-0.845,5347001.266
2011-22-03 00:00:00,0,-2.232,5331811.906
2011-22-03 01:00:00,0,-3.084,5316086.609
2011-22-03 02:00:00,0,-2.845,5300316.75
2011-22-03 03:00:00,0,-2.1,5284572.047
2011-22-03 04:00:00,0,-1.012,5268815.078
2011-22-03 05:00:00,0,0.235,5253252.406
2011-22-03 06:00:00,0,1.249,5240082.016
2011-22-03 07:00:00,0,2.099,5231140.266
2011-22-03 08:00:00,0,2.513,5225192.609
2011-22-03 09:00:00,0,1.892,5219658.844
2011-22-03 10:00:00,0,0.752,5211175.391
2011-22-03 11:00:00,0,-0.429,5198685.969
2011-22-03 12:00:00,0,-1.7,5183503.609
2011-22-03 13:00:00,0,-2.884,5167492.797
2011-22-03 14:00:00,0,-3.043,5151389.375
2011-22-03 15:00:00,0,-2.413,5135310.188
2011-22-03 16:00:00,0,-1.559,5119273.359
2011-22-03 17:00:00,0,-0.346,5103310.641
2011-22-03 18:00:00,0,0.728,5088287.313
2011-22-03 19:00:00,0,1.654,5076993.469
2011-22-03 20:00:00,0,2.242,5069090.109
2011-22-03 21:00:00,0,2.127,5062710.844
2011-22-03 22:00:00,0,1.106,5054742.703
2011-22-03 23:00:00,0,-0.088,5042922.469
2011-23-03 00:00:00,0,-1.25,5027908.82
2011-23-03 01:00:00,0,-2.46,5011657.406
2011-23-03 02:00:00,0,-2.948,4995193.797
2011-23-03 03:00:00,0,-2.542,4978745.07
2011-23-03 04:00:00,0,-1.82,4962325.891
2011-23-03 05:00:00,0,-0.751,4945934.234
2011-23-03 06:00:00,0,0.308,4929893.734
2011-23-03 07:00:00,0,1.315,4916401.648
2011-23-03 08:00:00,0,1.949,4906884.273
2011-23-03 09:00:00,0,2.083,4899419.297
2011-23-03 10:00:00,0,1.432,4891513.68
2011-23-03 11:00:00,0,0.367,4880649
2011-23-03 12:00:00,0,-0.636,4866521.313
2011-23-03 13:00:00,0,-1.832,4850620.977
2011-23-03 14:00:00,0,-2.657,4834168.492
2011-23-03 15:00:00,0,-2.562,4817658.398
2011-23-03 16:00:00,0,-1.887,4801176.594
2011-23-03 17:00:00,0,-1.066,4784681.32
2011-23-03 18:00:00,0,-0.137,4768218.125
2011-23-03 19:00:00,0,0.818,4752921.18
2011-23-03 20:00:00,0,1.642,4741389.086
2011-23-03 21:00:00,0,2.017,4732836.047
2011-23-03 22:00:00,0,1.627,4724900.625
2011-23-03 23:00:00,0,0.654,4714782.328
2011-24-03 00:00:00,0,-0.325,4701294.805
2011-24-03 01:00:00,0,-1.292,4685519.117
2011-24-03 02:00:00,0,-2.345,4668896.859
2011-24-03 03:00:00,0,-2.656,4652109.406
2011-24-03 04:00:00,0,-2.053,4635331.836
2011-24-03 05:00:00,0,-1.407,4618604.492
2011-24-03 06:00:00,0,-0.548,4601959.313
2011-24-03 07:00:00,0,0.262,4585785.344
2011-24-03 08:00:00,0.201,1.145,4571673.906
2011-24-03 09:00:00,0,1.619,4560982.742
2011-24-03 10:00:00,0,1.651,4551725.324
2011-24-03 11:00:00,0,0.987,4541786.855
2011-24-03 12:00:00,0,0.042,4529184.184
2011-24-03 13:00:00,0,-0.783,4513884.125
2011-24-03 14:00:00,0,-1.642,4497350.977
2011-24-03 15:00:00,0,-2.171,4480401.723
2011-24-03 16:00:00,0,-1.965,4463270.914
2011-24-03 17:00:00,0,-1.367,4446092.324
2011-24-03 18:00:00,0,-0.67,4428993.703
2011-24-03 19:00:00,0,0.052,4412269.348
2011-24-03 20:00:00,0,0.891,4397052.609
2011-24-03 21:00:00,0,1.365,4385180.07
2011-24-03 22:00:00,0,1.665,4375239.824
2011-24-03 23:00:00,0,1.224,4365618.543
2011-25-03 00:00:00,0,0.335,4353906.117
2011-25-03 01:00:00,0,-0.369,4339301.875
2011-25-03 02:00:00,0,-1.191,4322997.063
2011-25-03 03:00:00,0,-2.066,4305943.127
2011-25-03 04:00:00,0,-2.081,4288738.232
2011-25-03 05:00:00,0,-1.602,4271557.756
2011-25-03 06:00:00,0,-1.099,4254432.869
2011-25-03 07:00:00,0,-0.44,4237451.625
2011-25-03 08:00:00,0,0.241,4221017.615
2011-25-03 09:00:00,0,0.888,4206334.244
2011-25-03 10:00:00,0,1.305,4194558.689
2011-25-03 11:00:00,0,1.245,4184041.043
2011-25-03 12:00:00,0,0.677,4172725.272
2011-25-03 13:00:00,0,-0.062,4159099.147
2011-25-03 14:00:00,0,-0.565,4143436.55
2011-25-03 15:00:00,0,-1.321,4126852.737
2011-25-03 16:00:00,0,-1.642,4109859.212
2011-25-03 17:00:00,0,-1.334,4092797.467
2011-25-03 18:00:00,0,-0.981,4075809.017
2011-25-03 19:00:00,0,-0.457,4058991.979
2011-25-03 20:00:00,0,0.128,4042654.713
2011-25-03 21:00:00,0,0.808,4027724.616
2011-25-03 22:00:00,0,1.196,4015662.405
2011-25-03 23:00:00,0,1.319,4005112.266
2011-26-03 00:00:00,0,0.94,3994488.589
2011-26-03 01:00:00,0,0.263,3982138.751
2011-26-03 02:00:00,0,-0.281,3967527.78
2011-26-03 03:00:00,0,-0.978,3951636.46
2011-26-03 04:00:00,0,-1.614,3935122.03
2011-26-03 05:00:00,0,-1.551,3918473.95
2011-26-03 06:00:00,0,-1.226,3901757.784
2011-26-03 07:00:00,0,-0.898,3885028.488
2011-26-03 08:00:00,0,-0.495,3868360.392
2011-26-03 09:00:00,0.201,0.111,3852041.667
2011-26-03 10:00:00,0,0.617,3836897.952
2011-26-03 11:00:00,0,1.006,3823960.157
2011-26-03 12:00:00,0,0.926,3812450.069
2011-26-03 13:00:00,0,0.437,3800258.917
2011-26-03 14:00:00,0,0.091,3786271.013
2011-26-03 15:00:00,0,-0.352,3771098.27
2011-26-03 16:00:00,0,-0.882,3755076.522
2011-26-03 17:00:00,0,-1.163,3738553.035
2011-26-03 18:00:00,0,-0.997,3721877.363
2011-26-03 19:00:00,0,-0.805,3705211.208
2011-26-03 20:00:00,0,-0.37,3688635.027
2011-26-03 21:00:00,0,0.03,3672475.113
2011-26-03 22:00:00,0,0.474,3657195.416
2011-26-03 23:00:00,0,0.875,3643605.179
2011-27-03 00:00:00,0,1.072,3631958.863
2011-27-03 01:00:00,0,0.77,3620634.975
2011-27-03 02:00:00,0,0.313,3607969.631
2011-27-03 03:00:00,0,-0.123,3593567.284
2011-27-03 04:00:00,0,-0.682,3577994.578
2011-27-03 05:00:00,0,-1.103,3561692.55
2011-27-03 06:00:00,0,-1.212,3545113.462
2011-27-03 07:00:00,0,-1.152,3528506.409
2011-27-03 08:00:00,0,-0.936,3511945.809
2011-27-03 09:00:00,0,-0.606,3495493.969
2011-27-03 10:00:00,0,-0.176,3479286.924
2011-27-03 11:00:00,0,0.343,3463743.028
2011-27-03 12:00:00,0,0.644,3449601.558
2011-27-03 13:00:00,0,0.657,3436762.27
2011-27-03 14:00:00,0,0.524,3424027.44
2011-27-03 15:00:00,0,0.229,3410557.602
2011-27-03 16:00:00,0,-0.156,3396068.439
2011-27-03 17:00:00,0,-0.543,3380683.427
2011-27-03 18:00:00,0,-0.841,3364760.23
2011-27-03 19:00:00,0,-0.917,3348626.551
2011-27-03 20:00:00,0,-0.782,3332452.986
2011-27-03 21:00:00,0,-0.517,3316362.743
2011-27-03 22:00:00,0,-0.255,3300495.77
2011-27-03 23:00:00,0,0.21,3285066.479
2011-28-03 00:00:00,0,0.707,3270861.615
2011-28-03 01:00:00,0,0.851,3258704.088
2011-28-03 02:00:00,0,0.745,3247243.011
2011-28-03 03:00:00,0,0.483,3235151.685
2011-28-03 04:00:00,0,0.078,3221743.253
2011-28-03 05:00:00,0.201,-0.337,3207086.599
2011-28-03 06:00:00,0,-0.755,3191585.24
2011-28-03 07:00:00,0,-1.142,3175682.774
2011-28-03 08:00:00,0,-1.187,3159623.577
2011-28-03 09:00:00,0,-0.972,3143554.706
2011-28-03 10:00:00,0,-0.715,3127571.397
2011-28-03 11:00:00,0,-0.36,3111726.781
2011-28-03 12:00:00,0,0.121,3096205.117
2011-28-03 13:00:00,0,0.529,3081635.463
2011-28-03 14:00:00,0,0.772,3068616.401
2011-28-03 15:00:00,0,0.729,3056781.463
2011-28-03 16:00:00,0,0.392,3044506.617
2011-28-03 17:00:00,0,0.097,3030842.532
2011-28-03 18:00:00,0,-0.229,3016169.753
2011-28-03 19:00:00,0,-0.686,3000783.106
2011-28-03 20:00:00,0,-0.884,2984973.341
2011-28-03 21:00:00,0,-0.859,2969022.612
2011-28-03 22:00:00,0,-0.62,2953090.358
2011-28-03 23:00:00,0,-0.298,2937330.875
2011-29-03 00:00:00,0,0.231,2922002.316
2011-29-03 01:00:00,0,0.657,2907904.215
2011-29-03 02:00:00,0,0.969,2895858.288
2011-29-03 03:00:00,0,0.989,2885227.598
2011-29-03 04:00:00,0,0.751,2874422.864
2011-29-03 05:00:00,0,0.369,2862365.758
2011-29-03 06:00:00,0,-0.195,2848577.639
2011-29-03 07:00:00,0,-0.699,2833441.458
2011-29-03 08:00:00,0,-1.052,2817719.935
2011-29-03 09:00:00,0,-1.228,2801794.913
2011-29-03 10:00:00,0,-1.193,2785807.518
2011-29-03 11:00:00,0,-0.77,2769831.5
2011-29-03 12:00:00,0,-0.358,2754068.498
2011-29-03 13:00:00,0,0.136,2738745.325
2011-29-03 14:00:00,0,0.683,2724480.417
2011-29-03 15:00:00,0,0.99,2712543.496
2011-29-03 16:00:00,0,0.85,2701884.215
2011-29-03 17:00:00,0,0.651,2690601.53
2011-29-03 18:00:00,0,0.247,2678030.235
2011-29-03 19:00:00,0,-0.226,2663902.597
2011-29-03 20:00:00,0,-0.892,2648711.406
2011-29-03 21:00:00,0,-1.01,2632970.8
2011-29-03 22:00:00,0,-1.042,2617111.594
2011-29-03 23:00:00,0,-0.739,2601283.521
2011-30-03 00:00:00,0,-0.334,2585619.643
2011-30-03 01:00:00,0,0.266,2570423.406
2011-30-03 02:00:00,0,0.831,2556719.193
2011-30-03 03:00:00,0,1.254,2545979.708
2011-30-03 04:00:00,1.608,1.273,2536898.277
2011-30-03 05:00:00,0.201,0.905,2527397.518
2011-30-03 06:00:00,0,0.535,2516395.022
2011-30-03 07:00:00,0.201,-0.048,2503576.315
2011-30-03 08:00:00,0,-0.642,2489190.636
2011-30-03 09:00:00,0,-1.225,2474096.875
2011-30-03 10:00:00,0,-1.46,2458748.653
2011-30-03 11:00:00,0,-1.161,2443369.641
2011-30-03 12:00:00,0,-0.647,2428072.216
2011-30-03 13:00:00,0,-0.298,2413038.599
2011-30-03 14:00:00,0,0.319,2398529.688
2011-30-03 15:00:00,0,0.885,2385623.373
2011-30-03 16:00:00,0,1.198,2375622.646
2011-30-03 17:00:00,0,1.144,2366792.641
2011-30-03 18:00:00,0,0.667,2357162.07
2011-30-03 19:00:00,0,0.098,2345321.612
2011-30-03 20:00:00,0,-0.394,2331507.546
2011-30-03 21:00:00,0.201,-0.962,2316787.56
2011-30-03 22:00:00,0.201,-1.286,2301657.607
2011-30-03 23:00:00,0.201,-1.235,2286419.181
2011-31-03 00:00:00,0.201,-0.641,2271232.29
2011-31-03 01:00:00,0,-0.027,2256376.406
2011-31-03 02:00:00,1.407,0.704,2242602.127
2011-31-03 03:00:00,0.201,1.356,2232134.433
2011-31-03 04:00:00,0,1.756,2225117.943
2011-31-03 05:00:00,0,1.867,2219766.281
2011-31-03 06:00:00,0,1.957,2215034.313
2011-31-03 07:00:00,0.201,0.741,2208617.643
2011-31-03 08:00:00,0,-0.643,2197269.013
2011-31-03 09:00:00,0,-1.024,2183083.784
2011-31-03 10:00:00,0,-1.503,2168357.286
2011-31-03 11:00:00,0,-1.527,2153565.261
2011-31-03 12:00:00,0,-1.256,2138862.099
2011-31-03 13:00:00,0,-0.923,2124319.148
2011-31-03 14:00:00,0,-0.135,2110058.708
2011-31-03 15:00:00,0,0.921,2097044.083
2011-31-03 16:00:00,0,1.327,2088300.227
2011-31-03 17:00:00,0,1.444,2081674.175
2011-31-03 18:00:00,0,1.166,2074984.98
2011-31-03 19:00:00,0,0.715,2066731.817
2011-31-03 20:00:00,0,0.063,2056163.237
2011-31-03 21:00:00,0,-0.723,2043309.783
2011-31-03 22:00:00,0,-1.398,2029368.976
2011-31-03 23:00:00,0.603,-1.518,2015068.889
04/01/2011 00:00,1.005,-1.195,2000737.014
04/01/2011 01:00,0,-0.662,1986529.523
04/01/2011 02:00,0.402,0.18,1972745.209
04/01/2011 03:00,0.201,0.926,1960660.109
04/01/2011 04:00,0.201,1.485,1952630.253
04/01/2011 05:00,0.402,1.796,1947454.615
04/01/2011 06:00,0.201,1.735,1943274.941
04/01/2011 07:00,0,1.027,1937617.159
04/01/2011 08:00,0,0.183,1928566.537
04/01/2011 09:00,0,-0.555,1916446.069
04/01/2011 10:00,0,-1.342,1903115.834
04/01/2011 11:00,0,-1.617,1889440.055
04/01/2011 12:00,0,-1.308,1875772.506
04/01/2011 13:00,0,-0.9,1862240.007
04/01/2011 14:00,0,-0.069,1848994.288
04/01/2011 15:00,0,0.659,1836893.965
04/01/2011 16:00,0,1.353,1828085.546
04/01/2011 17:00,0,1.799,1823169.594
04/01/2011 18:00,0,1.826,1819968.546
04/01/2011 19:00,0,1.367,1816002.194
04/01/2011 20:00,0,0.598,1809207.425
04/01/2011 21:00,0,-0.247,1799020.575
04/01/2011 22:00,0,-1.098,1786743.002
04/01/2011 23:00,0,-1.585,1773724.491
04/02/2011 00:00,2.814,-1.536,1760551.721
04/02/2011 01:00,2.814,-0.978,1747459.714
04/02/2011 02:00,2.01,-0.248,1734753.839
04/02/2011 03:00,0.402,0.477,1723151.527
04/02/2011 04:00,0,1.259,1714622.873
04/02/2011 05:00,0,1.896,1711170.998
04/02/2011 06:00,0,1.993,1710596.601
04/02/2011 07:00,0,1.42,1709649.498
04/02/2011 08:00,0,0.679,1707408.329
04/02/2011 09:00,0,-0.224,1703994.782
04/02/2011 10:00,0,-1.178,1699255.996
04/02/2011 11:00,0,-1.709,1693945.071
04/02/2011 12:00,0,-1.861,1688400.521
04/02/2011 13:00,1.005,-1.327,1682730.638
04/02/2011 14:00,0.201,-0.66,1676990.084
04/02/2011 15:00,0.201,0.137,1671477.178
04/02/2011 16:00,0.402,0.971,1667457.002
04/02/2011 17:00,0,1.613,1667920.322
04/02/2011 18:00,0,1.89,1671770.876
04/02/2011 19:00,0,1.58,1676936.471
04/02/2011 20:00,0,0.835,1682984.716
04/02/2011 21:00,0,-0.026,1691085.661
04/02/2011 22:00,0,-0.956,1699236.292
04/02/2011 23:00,0,-1.715,1706817.732
04/03/2011 00:00,0,-1.931,1713749.422
04/03/2011 01:00,0,-1.575,1720022.027
04/03/2011 02:00,0.201,-0.867,1725726.672
04/03/2011 03:00,0,0.045,1731036.898
04/03/2011 04:00,0,0.866,1737071.719
04/03/2011 05:00,0.201,1.633,1746804.563
04/03/2011 06:00,0,1.903,1759741.285
04/03/2011 07:00,0,1.733,1772779.137
04/03/2011 08:00,0.402,1.015,1783155.176
04/03/2011 09:00,0,0.134,1789272.613
04/03/2011 10:00,0,-0.818,1791662.57
04/03/2011 11:00,0,-1.721,1792278.703
04/03/2011 12:00,0,-2.198,1792086.824
04/03/2011 13:00,0,-1.891,1791538.949
04/03/2011 14:00,0,-1.083,1790749.148
04/03/2011 15:00,0,-0.351,1789769.016
04/03/2011 16:00,0,0.472,1789151.176
04/03/2011 17:00,0,1.311,1790977.328
04/03/2011 18:00,0,1.735,1796953.66
04/03/2011 19:00,0,1.762,1804282.121
04/03/2011 20:00,0,1.273,1810313.91
04/03/2011 21:00,0,0.355,1812721.43
04/03/2011 22:00,0,-0.593,1810892.859
04/03/2011 23:00,0,-1.413,1806996.949
04/04/2011 00:00,0,-2.097,1802313.289
04/04/2011 01:00,0,-1.947,1797255.594
04/04/2011 02:00,0,-1.225,1791965.527
04/04/2011 03:00,0,-0.404,1786519.039
04/04/2011 04:00,0,0.402,1781428.637
04/04/2011 05:00,0.402,1.3,1778763.59
04/04/2011 06:00,0,1.951,1781144.426
04/04/2011 07:00,0.201,2.159,1786360.234
04/04/2011 08:00,0.603,1.721,1791204.094
04/04/2011 09:00,0.804,0.881,1792470.035
04/04/2011 10:00,0.804,-0.059,1789488.57
04/04/2011 11:00,0,-1.187,1783501.578
04/04/2011 12:00,0,-1.959,1776464.262
04/04/2011 13:00,0,-1.939,1769363.563
04/04/2011 14:00,0,-1.449,1762771.395
04/04/2011 15:00,0.201,-0.643,1756814.834
04/04/2011 16:00,0,0.149,1751823.279
04/04/2011 17:00,0,1.013,1749379.803
04/04/2011 18:00,0,1.785,1752545.807
04/04/2011 19:00,0,2.046,1759174.842
04/04/2011 20:00,0.804,1.729,1765668.867
04/04/2011 21:00,1.206,1.008,1769299.945
04/04/2011 22:00,2.211,0.066,1768999.715
04/04/2011 23:00,3.417,-0.745,1765574.697
04/05/2011 00:00,1.005,-1.54,1761294.643
04/05/2011 01:00,1.206,-1.803,1757301.066
04/05/2011 02:00,0.201,-1.413,1754812.533
04/05/2011 03:00,0.201,-0.769,1758725.445
04/05/2011 04:00,0,0.16,1773025.086
04/05/2011 05:00,0.402,0.934,1794576.719
04/05/2011 06:00,0.402,1.596,1820770.762
04/05/2011 07:00,0.603,2.052,1848926.176
04/05/2011 08:00,0,1.837,1876459.865
04/05/2011 09:00,0,1.099,1899836.875
04/05/2011 10:00,0.201,0.177,1917904.94
04/05/2011 11:00,0.402,-0.767,1931851.176
04/05/2011 12:00,0,-1.513,1943743.209
04/05/2011 13:00,0,-1.889,1954527.999
04/05/2011 14:00,0,-1.611,1964823.25
04/05/2011 15:00,0,-0.852,1974949.828
04/05/2011 16:00,0,-0.011,1984798.926
04/05/2011 17:00,0,0.715,1995188.52
04/05/2011 18:00,0,1.534,2008434.762
04/05/2011 19:00,0,1.908,2025040.076
04/05/2011 20:00,0.201,1.88,2042118.73
04/05/2011 21:00,2.613,1.377,2057231.689
04/05/2011 22:00,2.613,0.409,2068508.477
04/05/2011 23:00,2.211,-0.597,2075411.568
04/06/2011 00:00,0.603,-1.391,2080960.377
04/06/2011 01:00,0.201,-1.992,2090084.666
04/06/2011 02:00,0,-1.831,2112065.359
04/06/2011 03:00,0,-1.275,2143560.506
04/06/2011 04:00,0,-0.502,2175253.925
04/06/2011 05:00,0,0.36,2205195.353
04/06/2011 06:00,0,1.196,2234411.305
04/06/2011 07:00,0,1.681,2265064.934
04/06/2011 08:00,0,1.881,2295698.876
04/06/2011 09:00,0,1.436,2324383.246
04/06/2011 10:00,0,0.463,2348562.248
04/06/2011 11:00,0,-0.369,2367656.363
04/06/2011 12:00,0,-1.18,2383969.05
04/06/2011 13:00,0,-1.971,2398905.443
04/06/2011 14:00,0,-1.846,2413159.313
04/06/2011 15:00,0,-1.311,2426778.074
04/06/2011 16:00,0,-0.668,2439606.811
04/06/2011 17:00,0,0.337,2452277.661
04/06/2011 18:00,0,1.017,2466770.121
04/06/2011 19:00,0,1.502,2484532.179
04/06/2011 20:00,0,1.86,2504129.115
04/06/2011 21:00,0.402,1.583,2523944
04/06/2011 22:00,0,0.647,2540847.983
04/06/2011 23:00,0,-0.15,2553542.414
04/07/2011 00:00,0,-1.016,2563535.108
04/07/2011 01:00,0,-1.795,2572360.937
04/07/2011 02:00,0,-2.013,2580537.12
04/07/2011 03:00,0.201,-1.607,2588383.285
04/07/2011 04:00,0.201,-1.101,2596123.668
04/07/2011 05:00,0,-0.18,2603785.056
04/07/2011 06:00,0.201,0.616,2612097.768
04/07/2011 07:00,0.402,1.134,2623101.755
04/07/2011 08:00,0,1.546,2636910.393
04/07/2011 09:00,0,1.496,2651821.677
04/07/2011 10:00,0,0.787,2665251.25
04/07/2011 11:00,0,-0.041,2675325.21
04/07/2011 12:00,0,-0.82,2682462.934
04/07/2011 13:00,0,-1.72,2688320.294
04/07/2011 14:00,0,-1.95,2693711.442
04/07/2011 15:00,0,-1.657,2698983.106
04/07/2011 16:00,0,-1.07,2704199.362
04/07/2011 17:00,0,-0.335,2709412.381
04/07/2011 18:00,0,0.339,2714880.535
04/07/2011 19:00,0,1.07,2722208.619
04/07/2011 20:00,0,1.393,2732952.152
04/07/2011 21:00,0,1.475,2744686.675
04/07/2011 22:00,0,0.888,2755449.321
04/07/2011 23:00,0,0.123,2763210.614
04/08/2011 00:00,0,-0.624,2767953.933
04/08/2011 01:00,0,-1.377,2771228.329
04/08/2011 02:00,0,-1.96,2773887.618
04/08/2011 03:00,0,-1.916,2776341.428
04/08/2011 04:00,0,-1.315,2778594.25
04/08/2011 05:00,0,-0.681,2780661.429
04/08/2011 06:00,0,-0.04,2782848.977
04/08/2011 07:00,0,0.69,2785818.152
04/08/2011 08:00,0,1.117,2791409.394
04/08/2011 09:00,0,1.399,2799172.237
04/08/2011 10:00,0,1.137,2807198.499
04/08/2011 11:00,0,0.322,2813220.96
04/08/2011 12:00,0,-0.449,2815986.212
04/08/2011 13:00,0,-1.081,2817011.949
04/08/2011 14:00,0,-1.665,2817395.936
04/08/2011 15:00,0,-1.753,2817453.905
04/08/2011 16:00,0,-1.279,2817339.196
04/08/2011 17:00,0,-0.687,2817163.226
04/08/2011 18:00,0,-0.006,2817145.889
04/08/2011 19:00,0,0.643,2817975.931
04/08/2011 20:00,0,1.162,2821347.293
04/08/2011 21:00,0,1.441,2827192.967
04/08/2011 22:00,0,1.275,2833587.022
04/08/2011 23:00,0,0.638,2838489.096
04/09/2011 00:00,0,-0.086,2840350.63
04/09/2011 01:00,0,-0.705,2839741.826
04/09/2011 02:00,0,-1.48,2838131.625
04/09/2011 03:00,0,-1.711,2836079.061
04/09/2011 04:00,0,-1.527,2833783.126
04/09/2011 05:00,0,-1,2831370.763
04/09/2011 06:00,0,-0.384,2828993.491
04/09/2011 07:00,0,0.168,2827002.759
04/09/2011 08:00,0,0.776,2826249.25
04/09/2011 09:00,0,1.202,2828267.335
04/09/2011 10:00,0,1.287,2831966.725
04/09/2011 11:00,0,0.822,2835180.234
04/09/2011 12:00,0,0.161,2836011.838
04/09/2011 13:00,0,-0.484,2834194.981
04/09/2011 14:00,0,-1.056,2831129.928
04/09/2011 15:00,0,-1.336,2827560.533
04/09/2011 16:00,0,-1.332,2823761.237
04/09/2011 17:00,0,-0.857,2819862.627
04/09/2011 18:00,0,-0.374,2815970.913
04/09/2011 19:00,0,0.166,2812400.1
04/09/2011 20:00,0,0.692,2809902.383
04/09/2011 21:00,0,1.173,2809837.849
04/09/2011 22:00,0,1.26,2811682.219
04/09/2011 23:00,0,0.954,2813252.026
04/10/2011 00:00,0,0.342,2813005.623
04/10/2011 01:00,0,-0.166,2810211.13
04/10/2011 02:00,0,-0.781,2805936.345
04/10/2011 03:00,0,-1.333,2800917.141
04/10/2011 04:00,0,-1.523,2795509.402
04/10/2011 05:00,0,-1.248,2789945.751
04/10/2011 06:00,0,-0.794,2784332.362
04/10/2011 07:00,0,-0.382,2778805.292
04/10/2011 08:00,0,0.082,2773645.07
04/10/2011 09:00,0,0.569,2769381.506
04/10/2011 10:00,0,0.901,2766970.925
04/10/2011 11:00,0,0.965,2766179.52
04/10/2011 12:00,0,0.514,2765049.164
04/10/2011 13:00,0,-0.093,2761718.171
04/10/2011 14:00,0,-0.538,2756552.4
04/10/2011 15:00,0,-1.013,2750547.359
04/10/2011 16:00,0,-1.284,2744142.093
04/10/2011 17:00,0,-1.102,2737605.475
04/10/2011 18:00,0,-0.744,2731035.87
04/10/2011 19:00,0,-0.394,2724545.046
04/10/2011 20:00,0,0.116,2718336.037
04/10/2011 21:00,0,0.6,2713045.353
04/10/2011 22:00,0,0.949,2709696.087
04/10/2011 23:00,0,1.013,2707999.541
04/11/2011 00:00,0,0.669,2706078.638
04/11/2011 01:00,0,0.318,2702409.203
04/11/2011 02:00,0,-0.084,2697032.059
04/11/2011 03:00,0,-0.771,2690476.395
04/11/2011 04:00,0.402,-1.075,2683178.578
04/11/2011 05:00,0,-1.257,2675601.108
04/11/2011 06:00,0,-1.123,2667921.107
04/11/2011 07:00,0,-0.82,2660241.107
04/11/2011 08:00,0.402,-0.491,2652626.19
04/11/2011 09:00,0.201,-0.037,2645186.963
04/11/2011 10:00,0,0.478,2638453.379
04/11/2011 11:00,0,0.703,2633258.083
04/11/2011 12:00,0,0.731,2629212.739
04/11/2011 13:00,0,0.43,2625011.308
04/11/2011 14:00,0,-0.03,2619450.72
04/11/2011 15:00,1.005,-0.435,2612670.598
04/11/2011 16:00,0.402,-0.845,2605196.543
04/11/2011 17:00,0,-1.069,2597290.043
04/11/2011 18:00,0,-1.085,2589270.024
04/11/2011 19:00,0,-0.901,2581329.735
04/11/2011 20:00,0,-0.558,2573498.604
04/11/2011 21:00,0,-0.194,2565809.145
04/11/2011 22:00,0,0.181,2558438.645
04/11/2011 23:00,0,0.608,2551860.961
04/12/2011 00:00,0.201,0.646,2546627.843
04/12/2011 01:00,0.402,0.555,2541584.283
04/12/2011 02:00,0.402,0.223,2535847
04/12/2011 03:00,0,-0.204,2528849.02
04/12/2011 04:00,0.201,-0.749,2520862.8
04/12/2011 05:00,0,-1.163,2512226.316
04/12/2011 06:00,0.402,-1.292,2503308.25
04/12/2011 07:00,0,-1.306,2494328.529
04/12/2011 08:00,0,-1.115,2485358.397
04/12/2011 09:00,0,-0.786,2476409.907
04/12/2011 10:00,0,-0.255,2467565.365
04/12/2011 11:00,0,0.222,2459193.774
04/12/2011 12:00,0,0.535,2451823.781
04/12/2011 13:00,0,0.653,2445609.914
04/12/2011 14:00,0,0.581,2439844.087
04/12/2011 15:00,0,0.199,2433486.146
04/12/2011 16:00,0,-0.207,2425809.56
04/12/2011 17:00,0,-0.595,2417224.703
04/12/2011 18:00,0,-0.924,2408121.122
04/12/2011 19:00,0,-1.007,2398735.878
04/12/2011 20:00,0,-0.845,2389253.392
04/12/2011 21:00,0,-0.584,2379796.892
04/12/2011 22:00,0.201,-0.185,2370516.354
04/12/2011 23:00,0.603,0.312,2361748.402
2011-13-04 00:00:00,3.216,0.71,2354234.486
2011-13-04 01:00:00,4.02,0.997,2348816.787
2011-13-04 02:00:00,1.809,0.943,2344872.429
2011-13-04 03:00:00,0,0.674,2340866.456
2011-13-04 04:00:00,0,0.326,2335834.821
2011-13-04 05:00:00,0.402,-0.243,2329483.457
2011-13-04 06:00:00,0,-0.746,2322031.677
2011-13-04 07:00:00,0,-1.155,2313988.266
2011-13-04 08:00:00,0.402,-1.224,2305704.812
2011-13-04 09:00:00,0,-1.101,2297251.86
2011-13-04 10:00:00,0,-0.701,2288790.267
2011-13-04 11:00:00,0,-0.166,2280729.648
2011-13-04 12:00:00,0,0.386,2273564.191
2011-13-04 13:00:00,0.201,0.836,2268142.044
2011-13-04 14:00:00,0,1.116,2265208.935
2011-13-04 15:00:00,0,1.034,2263360.373
2011-13-04 16:00:00,0,0.646,2260848.332
2011-13-04 17:00:00,0,0.143,2256379.329
2011-13-04 18:00:00,0,-0.399,2250081.751
2011-13-04 19:00:00,0,-0.894,2242839.532
2011-13-04 20:00:00,0,-1.14,2235215.187
2011-13-04 21:00:00,0,-1.089,2227564.117
2011-13-04 22:00:00,0.201,-0.814,2219955.815
2011-13-04 23:00:00,0,-0.423,2212541.204
2011-14-04 00:00:00,0.201,0.247,2205616.867
2011-14-04 01:00:00,0,0.813,2200207.378
2011-14-04 02:00:00,0,1.068,2197543.059
2011-14-04 03:00:00,0,1.124,2196062.387
2011-14-04 04:00:00,0.201,0.81,2194242.439
2011-14-04 05:00:00,0.201,0.327,2190680.852
2011-14-04 06:00:00,0,-0.337,2184917.962
2011-14-04 07:00:00,0,-1.102,2177862.089
2011-14-04 08:00:00,0,-1.66,2170235.623
2011-14-04 09:00:00,0,-1.721,2162459.396
2011-14-04 10:00:00,0,-1.458,2154700.368
2011-14-04 11:00:00,0,-1.039,2147014.316
2011-14-04 12:00:00,0,-0.406,2139484.828
2011-14-04 13:00:00,0,0.414,2132526.574
2011-14-04 14:00:00,0,1.045,2127820.089
2011-14-04 15:00:00,0,1.393,2126628.919
2011-14-04 16:00:00,0,1.283,2126626.181
2011-14-04 17:00:00,0,0.748,2125491.202
2011-14-04 18:00:00,0,0.132,2121793.998
2011-14-04 19:00:00,0,-0.556,2115781.038
2011-14-04 20:00:00,0,-1.289,2108628.906
2011-14-04 21:00:00,0,-1.632,2101010.612
2011-14-04 22:00:00,0,-1.538,2093286.966
2011-14-04 23:00:00,0,-1.118,2085510.891
2011-15-04 00:00:00,0,-0.519,2077760.958
2011-15-04 01:00:00,0,0.277,2070410.682
2011-15-04 02:00:00,0,0.948,2064861.031
2011-15-04 03:00:00,0,1.373,2062819.536
2011-15-04 04:00:00,0,1.431,2062475.167
2011-15-04 05:00:00,0,1.041,2061627.566
2011-15-04 06:00:00,0,0.357,2058494.479
2011-15-04 07:00:00,0,-0.47,2052232.926
2011-15-04 08:00:00,0,-1.366,2044340.173
2011-15-04 09:00:00,0,-1.966,2035886.861
2011-15-04 10:00:00,0,-2.104,2027278.018
2011-15-04 11:00:00,0,-1.771,2018600.196
2011-15-04 12:00:00,0,-1.086,2009881.814
2011-15-04 13:00:00,0,-0.241,2001252.502
2011-15-04 14:00:00,0,0.686,1993406.801
2011-15-04 15:00:00,0.402,1.441,1989202.597
2011-15-04 16:00:00,0,1.702,1988749.547
2011-15-04 17:00:00,0.603,1.566,1988950.865
2011-15-04 18:00:00,0,0.929,1987555.959
2011-15-04 19:00:00,0,0.012,1982935.574
2011-15-04 20:00:00,0,-0.891,1975267.535
2011-15-04 21:00:00,0,-1.709,1966432.939
2011-15-04 22:00:00,0,-2.136,1957233.409
2011-15-04 23:00:00,0,-1.855,1947972.912
2011-16-04 00:00:00,0,-1.213,1938688.986
2011-16-04 01:00:00,0,-0.496,1929472.554
2011-16-04 02:00:00,0.603,0.433,1920788.686
2011-16-04 03:00:00,0,1.328,1914926.854
2011-16-04 04:00:00,0.201,1.738,1913717.786
2011-16-04 05:00:00,0.402,1.763,1914298.18
2011-16-04 06:00:00,0,1.183,1914300.617
2011-16-04 07:00:00,0.201,0.199,1911330.775
2011-16-04 08:00:00,0,-0.795,1904978.77
2011-16-04 09:00:00,0,-1.812,1897278.365
2011-16-04 10:00:00,0,-2.551,1889224.123
2011-16-04 11:00:00,0,-2.521,1881145.418
2011-16-04 12:00:00,0,-1.986,1873107.81
2011-16-04 13:00:00,0,-1.102,1865122.254
2011-16-04 14:00:00,0,-0.076,1857281.838
2011-16-04 15:00:00,0,0.959,1850720.772
2011-16-04 16:00:00,0,1.779,1849261.845
2011-16-04 17:00:00,0,2.096,1851756.093
2011-16-04 18:00:00,0,1.665,1854565.451
2011-16-04 19:00:00,0,0.78,1854134.738
2011-16-04 20:00:00,0,-0.201,1849567.382
2011-16-04 21:00:00,0,-1.318,1842229.182
2011-16-04 22:00:00,0,-2.325,1833966.465
2011-16-04 23:00:00,0,-2.49,1825481.084
2011-17-04 00:00:00,0,-2.072,1816950.334
2011-17-04 01:00:00,0,-1.342,1808436.687
2011-17-04 02:00:00,0,-0.289,1800006.881
2011-17-04 03:00:00,0,0.749,1792428.841
2011-17-04 04:00:00,0,1.65,1789243.453
2011-17-04 05:00:00,0,2.087,1790741.867
2011-17-04 06:00:00,0,1.962,1793546.683
2011-17-04 07:00:00,0,1.085,1793996.181
2011-17-04 08:00:00,0,0.002,1789888.837
2011-17-04 09:00:00,0,-1.102,1782214.87
2011-17-04 10:00:00,0,-2.26,1773333.915
2011-17-04 11:00:00,0,-2.853,1764205.021
2011-17-04 12:00:00,0,-2.69,1755092.135
2011-17-04 13:00:00,0,-1.906,1746023.499
2011-17-04 14:00:00,0,-0.778,1736988.99
2011-17-04 15:00:00,0,0.294,1728252.998
2011-17-04 16:00:00,0,1.362,1722107.829
2011-17-04 17:00:00,0,2.126,1722024.804
2011-17-04 18:00:00,0,2.349,1725435.16
2011-17-04 19:00:00,0,1.734,1728289.739
2011-17-04 20:00:00,0,0.622,1726582.041
2011-17-04 21:00:00,0,-0.521,1720043.693
2011-17-04 22:00:00,0,-1.818,1711039.464
2011-17-04 23:00:00,0,-2.71,1701388.019
2011-18-04 00:00:00,0,-2.634,1691672.602
2011-18-04 01:00:00,0,-2.031,1681999.42
2011-18-04 02:00:00,0,-1.142,1672344.652
2011-18-04 03:00:00,0,0.058,1662786.913
2011-18-04 04:00:00,0,1.15,1654961.3
2011-18-04 05:00:00,0,2.013,1653175.195
2011-18-04 06:00:00,0,2.465,1655946.298
2011-18-04 07:00:00,0,2.07,1659661.799
2011-18-04 08:00:00,0,1.031,1659350.569
2011-18-04 09:00:00,0,-0.107,1653811.773
2011-18-04 10:00:00,0,-1.333,1644803.397
2011-18-04 11:00:00,0,-2.561,1634694.831
2011-18-04 12:00:00,0,-2.962,1624416.609
2011-18-04 13:00:00,0,-2.422,1614167.068
2011-18-04 14:00:00,0,-1.646,1603971.257
2011-18-04 15:00:00,0,-0.357,1593849.436
2011-18-04 16:00:00,0,0.79,1584515.372
2011-18-04 17:00:00,0,1.826,1580215.58
2011-18-04 18:00:00,0,2.547,1582114.679
2011-18-04 19:00:00,0,2.485,1587070.579
2011-18-04 20:00:00,0,1.541,1589173.185
2011-18-04 21:00:00,0,0.408,1585381.804
2011-18-04 22:00:00,0,-0.814,1576989.511
2011-18-04 23:00:00,0,-2.126,1566631.327
2011-19-04 00:00:00,0,-2.81,1555842.719
2011-19-04 01:00:00,0,-2.65,1545057.151
2011-19-04 02:00:00,0,-1.85,1534331.048
2011-19-04 03:00:00,0,-0.783,1523679.966
2011-19-04 04:00:00,0,0.371,1513380.237
2011-19-04 05:00:00,0,1.428,1506062.336
2011-19-04 06:00:00,0,2.249,1505266.917
2011-19-04 07:00:00,0,2.579,1508826.525
2011-19-04 08:00:00,0,1.889,1512039.898
2011-19-04 09:00:00,0,0.784,1509806.913
2011-19-04 10:00:00,0,-0.301,1502486.624
2011-19-04 11:00:00,0,-1.663,1492343.436
2011-19-04 12:00:00,0,-2.787,1481363.342
2011-19-04 13:00:00,0,-2.804,1470302.673
2011-19-04 14:00:00,0,-2.157,1459258.367
2011-19-04 15:00:00,0,-1.26,1448237.302
2011-19-04 16:00:00,0,-0.109,1437333.993
2011-19-04 17:00:00,0,1.067,1427785.384
2011-19-04 18:00:00,0,2.075,1424630.733
2011-19-04 19:00:00,0,2.516,1427063.294
2011-19-04 20:00:00,0,2.257,1430851.813
2011-19-04 21:00:00,0,1.189,1430635.651
2011-19-04 22:00:00,0,0.019,1424573.557
2011-19-04 23:00:00,0,-1.167,1414666.414
2011-20-04 00:00:00,0,-2.374,1403505.075
2011-20-04 01:00:00,0,-2.955,1392132.381
2011-20-04 02:00:00,0,-2.445,1380804.23
2011-20-04 03:00:00,0,-1.679,1369543.353
2011-20-04 04:00:00,0,-0.576,1358363.56
2011-20-04 05:00:00,0,0.487,1347695.761
2011-20-04 06:00:00,0,1.527,1340567.027
2011-20-04 07:00:00,0,2.208,1339818.66
2011-20-04 08:00:00,0,2.354,1342460.168
2011-20-04 09:00:00,0,1.544,1343563.906
2011-20-04 10:00:00,0,0.465,1339161.639
2011-20-04 11:00:00,0,-0.608,1330211.277
2011-20-04 12:00:00,0,-1.884,1319239.885
2011-20-04 13:00:00,0,-2.648,1307707.349
2011-20-04 14:00:00,0,-2.458,1296143.026
2011-20-04 15:00:00,0,-1.824,1284645.202
2011-20-04 16:00:00,1.005,-0.883,1273226.88
2011-20-04 17:00:00,0.402,0.242,1262082.361
2011-20-04 18:00:00,0,1.297,1253391.432
2011-20-04 19:00:00,0,2.064,1251162.487
2011-20-04 20:00:00,0,2.383,1253267.798
2011-20-04 21:00:00,0,1.925,1255633.776
2011-20-04 22:00:00,0,0.805,1253223.461
2011-20-04 23:00:00,0,-0.167,1245505.722
2011-21-04 00:00:00,0,-1.386,1234959.741
2011-21-04 01:00:00,0,-2.555,1223456.702
2011-21-04 02:00:00,0,-2.711,1211809.222
2011-21-04 03:00:00,0,-2.115,1200214.557
2011-21-04 04:00:00,0,-1.366,1188694.542
2011-21-04 05:00:00,0.201,-0.328,1177293.072
2011-21-04 06:00:00,0,0.59,1166662.093
2011-21-04 07:00:00,0,1.47,1159705.086
2011-21-04 08:00:00,0,2.138,1158530.411
2011-21-04 09:00:00,0,2.058,1160202.304
2011-21-04 10:00:00,0,1.108,1159082.799
2011-21-04 11:00:00,0,0.241,1152793.773
2011-21-04 12:00:00,0,-0.747,1143067.984
2011-21-04 13:00:00,0,-1.817,1131881.949
2011-21-04 14:00:00,0,-2.304,1120271.807
2011-21-04 15:00:00,0,-1.935,1108645.625
2011-21-04 16:00:00,0,-1.327,1097098.731
2011-21-04 17:00:00,0,-0.39,1085703.257
2011-21-04 18:00:00,0,0.494,1074991.087
2011-21-04 19:00:00,0,1.383,1067530.346
2011-21-04 20:00:00,0,2.006,1065799.105
2011-21-04 21:00:00,0,2.224,1067534.309
2011-21-04 22:00:00,0,1.582,1068513.58
2011-21-04 23:00:00,0,0.634,1064532.367
2011-22-04 00:00:00,0,-0.327,1056056.139
2011-22-04 01:00:00,0,-1.36,1045297.98
2011-22-04 02:00:00,0,-2.23,1033776.831
2011-22-04 03:00:00,0,-2.188,1022166.72
2011-22-04 04:00:00,0,-1.585,1010622.902
2011-22-04 05:00:00,0,-0.933,999172.8614
2011-22-04 06:00:00,0,-0.169,987951.6588
2011-22-04 07:00:00,0,0.824,977848.4469
2011-22-04 08:00:00,0,1.481,972222.5207
2011-22-04 09:00:00,0,1.948,971038.8138
2011-22-04 10:00:00,0,1.71,971361.4688
2011-22-04 11:00:00,0,1.055,968952.0911
2011-22-04 12:00:00,0,0.194,962513.5362
2011-22-04 13:00:00,0,-0.687,952871.1884
2011-22-04 14:00:00,0,-1.535,941863.5995
2011-22-04 15:00:00,0,-1.663,930459.9397
2011-22-04 16:00:00,0,-1.34,919046.127
2011-22-04 17:00:00,0,-0.818,907743.8845
2011-22-04 18:00:00,0,-0.065,896718.5842
2011-22-04 19:00:00,0,0.665,886819.4517
2011-22-04 20:00:00,0,1.43,880554.2853
2011-22-04 21:00:00,0,1.895,879212.5208
2011-22-04 22:00:00,0,1.776,879737.4119
2011-22-04 23:00:00,0,1.156,878058.5199
2011-23-04 00:00:00,0,0.402,872391.1787
2011-23-04 01:00:00,0,-0.436,863416.5205
2011-23-04 02:00:00,0,-1.45,852841.8885
2011-23-04 03:00:00,0,-1.951,841669.2641
2011-23-04 04:00:00,0,-1.877,830402.5288
2011-23-04 05:00:00,0,-1.408,819206.1422
2011-23-04 06:00:00,0,-0.751,808147.4764
2011-23-04 07:00:00,0,-0.279,797379.7263
2011-23-04 08:00:00,0,0.44,787327.9447
2011-23-04 09:00:00,0,1.178,779876.98
2011-23-04 10:00:00,0,1.453,776669.7985
2011-23-04 11:00:00,0,1.062,774044.9883
2011-23-04 12:00:00,0,0.532,768739.0823
2011-23-04 13:00:00,0,-0.11,760677.3111
2011-23-04 14:00:00,0,-0.768,750960.1995
2011-23-04 15:00:00,0,-1.314,740433.8825
2011-23-04 16:00:00,0,-1.449,729663.6933
2011-23-04 17:00:00,0,-1.152,718927.6458
2011-23-04 18:00:00,0,-0.703,708328.7653
2011-23-04 19:00:00,0,-0.105,698053.1705
2011-23-04 20:00:00,0,0.465,688750.1038
2011-23-04 21:00:00,0,1.144,681981.2711
2011-23-04 22:00:00,0,1.456,679287.3498
2011-23-04 23:00:00,0,1.401,678109.7285
2011-24-04 00:00:00,0,0.895,675602.1217
2011-24-04 01:00:00,0,0.265,669780.3784
2011-24-04 02:00:00,0,-0.423,661635.1373
2011-24-04 03:00:00,0,-1.156,652254.9096
2011-24-04 04:00:00,0,-1.587,642372.5031
2011-24-04 05:00:00,0,-1.456,632469.0342
2011-24-04 06:00:00,0,-1.181,622680.9219
2011-24-04 07:00:00,0,-0.708,613055.8996
2011-24-04 08:00:00,0,-0.294,603753.577
2011-24-04 09:00:00,0,0.307,595153.4838
2011-24-04 10:00:00,0,0.771,588374.9415
2011-24-04 11:00:00,0.201,1.061,584135.6298
2011-24-04 12:00:00,0,0.804,580945.8492
2011-24-04 13:00:00,0,0.275,575843.29
2011-24-04 14:00:00,0,-0.159,568828.6258
2011-24-04 15:00:00,0,-0.549,560761.8936
2011-24-04 16:00:00,0,-1.098,552126.408
2011-24-04 17:00:00,0,-1.148,543214.0776
2011-24-04 18:00:00,0,-0.971,534324.5509
2011-24-04 19:00:00,0,-0.651,525608.3463
2011-24-04 20:00:00,0,-0.254,517214.0317
2011-24-04 21:00:00,0,0.248,509552.9663
2011-24-04 22:00:00,0,0.734,503597.2474
2011-24-04 23:00:00,0,1.006,500205.6391
2011-25-04 00:00:00,0,0.937,498128.7254
2011-25-04 01:00:00,0,0.515,494978.4088
2011-25-04 02:00:00,0,0.098,489782.7076
2011-25-04 03:00:00,0,-0.491,483219.4111
2011-25-04 04:00:00,0,-1.096,475705.6602
2011-25-04 05:00:00,0,-1.464,467756.797
2011-25-04 06:00:00,0.201,-1.417,459741.6619
2011-25-04 07:00:00,0,-1.169,451834.0289
2011-25-04 08:00:00,0,-0.934,444123.4521
2011-25-04 09:00:00,0,-0.465,436681.8069
2011-25-04 10:00:00,0,0.036,429791.2002
2011-25-04 11:00:00,0,0.44,424176.0249
2011-25-04 12:00:00,0,0.709,420411.3248
2011-25-04 13:00:00,0,0.552,417638.2505
2011-25-04 14:00:00,0,0.219,413915.1797
2011-25-04 15:00:00,0,-0.039,409018.6838
2011-25-04 16:00:00,0,-0.458,403313.3438
2011-25-04 17:00:00,0,-0.888,396944.7465
2011-25-04 18:00:00,0,-1.059,390280.0896
2011-25-04 19:00:00,0,-0.969,383626.49
2011-25-04 20:00:00,0,-0.732,377175.6509
2011-25-04 21:00:00,0,-0.409,371074.2014
2011-25-04 22:00:00,0,-0.024,365558.4138
2011-25-04 23:00:00,0,0.412,361162.7888
2011-26-04 00:00:00,0,0.787,358949.5742
2011-26-04 01:00:00,0,0.791,358655.6891
2011-26-04 02:00:00,0,0.502,357773.6529
2011-26-04 03:00:00,0,0.1,355171.9285
2011-26-04 04:00:00,0,-0.387,351226.5956
2011-26-04 05:00:00,0,-0.898,346391.3182
2011-26-04 06:00:00,0,-1.184,341146.489
2011-26-04 07:00:00,0,-1.293,335874.3116
2011-26-04 08:00:00,0,-1.261,330773.255
2011-26-04 09:00:00,0,-0.891,325921.4743
2011-26-04 10:00:00,0,-0.486,321422.2783
2011-26-04 11:00:00,0,-0.078,317491.1764
2011-26-04 12:00:00,0,0.382,314578.5908
2011-26-04 13:00:00,0,0.693,313902.5934
2011-26-04 14:00:00,0,0.713,314973.3689
2011-26-04 15:00:00,0,0.506,315538.4676
2011-26-04 16:00:00,0,0.184,314546.1636
2011-26-04 17:00:00,0,-0.279,312305.5632
2011-26-04 18:00:00,0,-0.665,309159.8838
2011-26-04 19:00:00,0,-0.867,305615.5839
2011-26-04 20:00:00,0,-0.876,302037.0149
2011-26-04 21:00:00,0,-0.753,298643.1884
2011-26-04 22:00:00,0,-0.481,295554.9702
2011-26-04 23:00:00,0,-0.019,292913.6141
2011-27-04 00:00:00,0,0.395,291137.9625
2011-27-04 01:00:00,0,0.787,291725.4869
2011-27-04 02:00:00,0,0.938,294578.0841
2011-27-04 03:00:00,0.201,0.627,297932.2648
2011-27-04 04:00:00,0,0.244,298219.5678
2011-27-04 05:00:00,0,-0.107,296785.6401
2011-27-04 06:00:00,0,-0.632,294464.0077
2011-27-04 07:00:00,0,-1.163,291607.9329
2011-27-04 08:00:00,0,-1.332,288645.758
2011-27-04 09:00:00,0,-1.28,285854.1578
2011-27-04 10:00:00,0,-0.893,283344.9698
2011-27-04 11:00:00,0,-0.557,281177.0818
2011-27-04 12:00:00,0,-0.087,279410.462
2011-27-04 13:00:00,0,0.426,278286.9437
2011-27-04 14:00:00,0,0.805,279097.0541
2011-27-04 15:00:00,0,0.883,282059.381
2011-27-04 16:00:00,0,0.614,285600.5426
2011-27-04 17:00:00,0,0.204,286845.7195
2011-27-04 18:00:00,0,-0.216,285971.7687
2011-27-04 19:00:00,0,-0.563,284257.8043
2011-27-04 20:00:00,0,-1.039,282194.9496
2011-27-04 21:00:00,0,-1.163,280067.3517
2011-27-04 22:00:00,0,-0.847,278062.6444
2011-27-04 23:00:00,0,-0.479,276301.2421
2011-28-04 00:00:00,0,-0.059,274890.4619
2011-28-04 01:00:00,0,0.506,274074.3074
2011-28-04 02:00:00,0,0.858,275278.7156
2011-28-04 03:00:00,0,0.992,278745.2054
2011-28-04 04:00:00,0,0.839,283208.1483
2011-28-04 05:00:00,0,0.455,286477.8641
2011-28-04 06:00:00,0,-0.113,286668.4695
2011-28-04 07:00:00,0,-0.658,285854.8017
2011-28-04 08:00:00,0,-1.207,284820.4794
2011-28-04 09:00:00,0,-1.338,283961.7417
2011-28-04 10:00:00,0,-1.208,283412.9695
2011-28-04 11:00:00,0,-0.928,283181.9406
2011-28-04 12:00:00,0,-0.513,283229.1307
2011-28-04 13:00:00,0,0.205,283542.5253
2011-28-04 14:00:00,0,0.678,284845.8038
2011-28-04 15:00:00,0,1.031,288696.3415
2011-28-04 16:00:00,0,1.066,294789.6639
2011-28-04 17:00:00,0,0.691,300920.7404
2011-28-04 18:00:00,0,0.333,303698.0231
2011-28-04 19:00:00,0,-0.222,303786.2553
2011-28-04 20:00:00,0,-0.789,302582.4745
2011-28-04 21:00:00,0,-1.249,300767.9441
2011-28-04 22:00:00,0,-1.187,298780.5261
2011-28-04 23:00:00,0,-0.93,296862.2852
2011-29-04 00:00:00,0,-0.444,295110.0131
2011-29-04 01:00:00,0,0.161,293665.2783
2011-29-04 02:00:00,0,0.684,293364.4589
2011-29-04 03:00:00,0,1.124,296156.2354
2011-29-04 04:00:00,0,1.229,301907.346
2011-29-04 05:00:00,0,0.938,308203.1295
2011-29-04 06:00:00,0,0.455,311018.0981
2011-29-04 07:00:00,0,-0.169,309960.2812
2011-29-04 08:00:00,0,-0.938,307317.9182
2011-29-04 09:00:00,0,-1.337,303930.06
2011-29-04 10:00:00,0,-1.481,300443.9886
2011-29-04 11:00:00,0,-1.303,297157.1811
2011-29-04 12:00:00,0,-0.803,294179.8695
2011-29-04 13:00:00,0,-0.257,291596.2323
2011-29-04 14:00:00,0,0.384,289656.9218
2011-29-04 15:00:00,0,0.981,290068.6178
2011-29-04 16:00:00,0,1.314,294609.6675
2011-29-04 17:00:00,0,1.193,301632.5753
2011-29-04 18:00:00,0,0.783,307042.0124
2011-29-04 19:00:00,0,0.161,307153.8268
2011-29-04 20:00:00,0,-0.496,304693.6471
2011-29-04 21:00:00,0,-1.041,301121.06
2011-29-04 22:00:00,0,-1.504,297230.5922
2011-29-04 23:00:00,0,-1.338,293474.8934
2011-30-04 00:00:00,0,-0.874,290042.1677
2011-30-04 01:00:00,0,-0.251,287035.7098
2011-30-04 02:00:00,0,0.321,284729.3282
2011-30-04 03:00:00,0,0.96,284565.986
2011-30-04 04:00:00,0,1.3,288770.2159
2011-30-04 05:00:00,0,1.34,295965.7915
2011-30-04 06:00:00,0,0.948,302676.7068
2011-30-04 07:00:00,0,0.175,303578.3968
2011-30-04 08:00:00,0,-0.53,300964.3144
2011-30-04 09:00:00,0,-1.169,297148.0866
2011-30-04 10:00:00,0,-1.688,293025.0867
2011-30-04 11:00:00,0,-1.658,289073.2278
2011-30-04 12:00:00,0,-1.259,285482.2259
2011-30-04 13:00:00,0,-0.601,282298.1351
2011-30-04 14:00:00,0,0.046,279635.1887
2011-30-04 15:00:00,0,0.771,278116.4721
2011-30-04 16:00:00,0,1.253,280988.4678
2011-30-04 17:00:00,0,1.5,288497.8539
2011-30-04 18:00:00,0,1.247,297478.3068
2011-30-04 19:00:00,0,0.593,301848.0012
2011-30-04 20:00:00,0,-0.148,300222.8283
2011-30-04 21:00:00,0,-0.858,296651.765
2011-30-04 22:00:00,0,-1.499,292364.7325
2011-30-04 23:00:00,0,-1.647,288043.4678
05/01/2011 00:00,0,-1.387,284036.9258
05/01/2011 01:00,0,-0.77,280458.8538
05/01/2011 02:00,0,-0.023,277409.4693
05/01/2011 03:00,0,0.68,275419.1667
05/01/2011 04:00,0,1.213,277472.018
05/01/2011 05:00,0,1.583,284668.3708
05/01/2011 06:00,0,1.315,294163.2987
05/01/2011 07:00,0,0.782,299022.729
05/01/2011 08:00,0,-0.031,297344.0242
05/01/2011 09:00,0,-0.887,293167.029
05/01/2011 10:00,0,-1.511,288017.3117
05/01/2011 11:00,0,-1.803,282777.4754
05/01/2011 12:00,0,-1.666,277880.5758
05/01/2011 13:00,0,-1.014,273451.9914
05/01/2011 14:00,0,-0.226,269559.47
05/01/2011 15:00,0,0.481,266534.3993
05/01/2011 16:00,0,1.17,266640.3019
05/01/2011 17:00,0,1.622,273082.8828
05/01/2011 18:00,0,1.635,283721.8533
05/01/2011 19:00,0,1.145,292852.7386
05/01/2011 20:00,0,0.309,293464.9461
05/01/2011 21:00,0,-0.44,289708.2179
05/01/2011 22:00,0,-1.278,284509.6255
05/01/2011 23:00,0,-1.784,278944.3994
05/02/2011 00:00,0,-1.689,273587.8415
05/02/2011 01:00,0,-1.184,268697.4679
05/02/2011 02:00,0,-0.499,264367.9732
05/02/2011 03:00,0,0.309,260790.1082
05/02/2011 04:00,0,1.082,259670.9806
05/02/2011 05:00,0,1.497,265053.8569
05/02/2011 06:00,0,1.697,274896.9202
05/02/2011 07:00,0,1.248,285001.4019
05/02/2011 08:00,0,0.427,286723.5331
05/02/2011 09:00,0,-0.354,283240.15
05/02/2011 10:00,0,-1.218,278115.7161
05/02/2011 11:00,0,-1.889,272525.8654
05/02/2011 12:00,0,-1.851,267114.0627
05/02/2011 13:00,0,-1.35,262193.0666
05/02/2011 14:00,0,-0.627,257855.2917
05/02/2011 15:00,0,0.199,254230.7863
05/02/2011 16:00,0,0.935,252338.3205
05/02/2011 17:00,0,1.573,256783.7149
05/02/2011 18:00,0,1.807,267121.215
05/02/2011 19:00,0,1.568,279250.0002
05/02/2011 20:00,0,0.807,285299.6686
05/02/2011 21:00,0,-0.038,282876.1085
05/02/2011 22:00,0,-0.933,277929.9669
05/02/2011 23:00,0,-1.748,272061.3386
05/03/2011 00:00,0.201,-1.992,266194.5561
05/03/2011 01:00,0,-1.645,260737.0895
05/03/2011 02:00,0,-1.02,255863.0896
05/03/2011 03:00,0.402,-0.204,251649.7545
05/03/2011 04:00,0.201,0.644,248496.0366
05/03/2011 05:00,0,1.268,249651.3791
05/03/2011 06:00,0,1.725,257272.233
05/03/2011 07:00,0,1.646,268773.5895
05/03/2011 08:00,0,0.904,276923.9337
05/03/2011 09:00,0,0.057,275376.0709
05/03/2011 10:00,0,-0.792,270864.0815
05/03/2011 11:00,0,-1.623,265320.6814
05/03/2011 12:00,0,-1.92,259703.0589
05/03/2011 13:00,0,-1.754,254480.5334
05/03/2011 14:00,0,-1.007,249829.5202
05/03/2011 15:00,0,-0.141,245826.5932
05/03/2011 16:00,0,0.518,242854.3137
05/03/2011 17:00,0,1.387,243723.7531
05/03/2011 18:00,0,1.872,252228.2457
05/03/2011 19:00,0,1.843,265218.8112
05/03/2011 20:00,0,1.328,276698.7512
05/03/2011 21:00,0,0.421,278093.996
05/03/2011 22:00,0,-0.541,274001.0686
05/03/2011 23:00,0,-1.34,268155.8687
05/04/2011 00:00,0,-2.054,261950.8659
05/04/2011 01:00,0,-1.944,256025.9599
05/04/2011 02:00,0,-1.379,250639.4727
05/04/2011 03:00,0,-0.593,245901.7978
05/04/2011 04:00,0,0.199,241970.1963
05/04/2011 05:00,0,1.018,240006.7345
05/04/2011 06:00,0,1.627,245162.1427
05/04/2011 07:00,0,1.806,255866.2496
05/04/2011 08:00,0.201,1.401,267348.1866
05/04/2011 09:00,0.603,0.583,270438.9011
05/04/2011 10:00,0.402,-0.286,267073.8626
05/04/2011 11:00,0,-1.213,261761.1536
05/04/2011 12:00,0,-1.835,255910.7218
05/04/2011 13:00,0.201,-1.968,250284.4113
05/04/2011 14:00,0,-1.369,245219.0696
05/04/2011 15:00,0.804,-0.597,240801.4609
05/04/2011 16:00,0.603,0.155,237169.7241
05/04/2011 17:00,0,0.915,235137.7616
05/04/2011 18:00,0,1.692,239751.1381
05/04/2011 19:00,0,1.905,250981.1024
05/04/2011 20:00,0,1.674,264327.3053
05/04/2011 21:00,0,0.922,272060.7844
05/04/2011 22:00,0,-0.022,269991.1265
05/04/2011 23:00,0,-0.836,264996.2728
05/05/2011 00:00,1.005,-1.685,259023.7664
05/05/2011 01:00,0.402,-2.052,253041.3126
05/05/2011 02:00,0.201,-1.655,247499.7688
05/05/2011 03:00,0.603,-0.981,242611.5561
05/05/2011 04:00,1.005,-0.207,238476.3998
05/05/2011 05:00,0.804,0.571,235448.1523
05/05/2011 06:00,0,1.345,236596.9398
05/05/2011 07:00,0,1.782,245060.5916
05/05/2011 08:00,0,1.741,257575.0289
05/05/2011 09:00,0,1.12,267697.3575
05/05/2011 10:00,0,0.22,267670.8092
05/05/2011 11:00,0,-0.62,263639.4778
05/05/2011 12:00,0.201,-1.431,258260.3195
05/05/2011 13:00,0,-1.874,252650.7821
05/05/2011 14:00,0,-1.658,247351.4643
05/05/2011 15:00,0,-1.001,242605.6158
05/05/2011 16:00,0,-0.177,238532.1905
05/05/2011 17:00,0,0.599,235534.1451
05/05/2011 18:00,0,1.397,236950.7022
05/05/2011 19:00,0,1.83,245737.0207
05/05/2011 20:00,0,1.927,258848.7021
05/05/2011 21:00,0.201,1.372,271203.6217
05/05/2011 22:00,2.613,0.555,273158.4099
05/05/2011 23:00,0.402,-0.234,269483.8442
05/06/2011 00:00,0.201,-1.2,264011.8149
05/06/2011 01:00,0,-1.89,258037.5887
05/06/2011 02:00,0,-1.844,252328.3946
05/06/2011 03:00,0,-1.332,247181.2391
05/06/2011 04:00,0,-0.677,242695.7403
05/06/2011 05:00,0,0.106,238975.4457
05/06/2011 06:00,0.201,0.912,236848.2746
05/06/2011 07:00,0,1.556,241444.6018
05/06/2011 08:00,0,1.794,251966.5817
05/06/2011 09:00,0,1.516,264155.7715
05/06/2011 10:00,0,0.808,269612.626
05/06/2011 11:00,0,-0.092,267338.2286
05/06/2011 12:00,0,-0.874,262531.7105
05/06/2011 13:00,0.201,-1.5,256860.4474
05/06/2011 14:00,0,-1.674,251217.6848
05/06/2011 15:00,0,-1.169,246019.614
05/06/2011 16:00,0.804,-0.529,241461.7273
05/06/2011 17:00,0.201,0.265,237758.9876
05/06/2011 18:00,0,0.977,236089.1
05/06/2011 19:00,0,1.674,241413.2578
05/06/2011 20:00,0,1.953,252971.7448
05/06/2011 21:00,0,1.717,266883.4028
05/06/2011 22:00,0,1.049,275279.1309
05/06/2011 23:00,0,0.163,273825.3632
05/07/2011 00:00,0.804,-0.604,269099.0202
05/07/2011 01:00,0.603,-1.482,263149.6563
05/07/2011 02:00,0,-1.843,257033.9869
05/07/2011 03:00,0,-1.672,251283.583
05/07/2011 04:00,0,-1.126,246103.8211
05/07/2011 05:00,0,-0.387,241594.1566
05/07/2011 06:00,0.201,0.401,238005.9641
05/07/2011 07:00,0,1.099,237225.5924
05/07/2011 08:00,0,1.487,243037.3819
05/07/2011 09:00,0,1.735,253123.898
05/07/2011 10:00,0.201,1.256,263656.7193
05/07/2011 11:00,0,0.459,265268.598
05/07/2011 12:00,0,-0.292,261883.9498
05/07/2011 13:00,0,-1.091,256875.6309
05/07/2011 14:00,0,-1.486,251419.7302
05/07/2011 15:00,1.005,-1.385,246160.6659
05/07/2011 16:00,0.201,-0.911,241405.7224
05/07/2011 17:00,0,-0.253,237318.88
05/07/2011 18:00,0,0.466,234223.6864
05/07/2011 19:00,0,1.158,234222.8866
05/07/2011 20:00,0,1.682,241046.5312
05/07/2011 21:00,0,1.875,252876.3217
05/07/2011 22:00,5.226,1.538,265730.3144
05/07/2011 23:00,0.201,0.824,270875.383
05/08/2011 00:00,0,0.076,268710.0566
05/08/2011 01:00,0,-0.687,264352.6751
05/08/2011 02:00,0.402,-1.358,259245.8992
05/08/2011 03:00,0.201,-1.547,254249.5
05/08/2011 04:00,0,-1.218,249780.6732
05/08/2011 05:00,0,-0.716,245997.8458
05/08/2011 06:00,0,-0.005,243022.9757
05/08/2011 07:00,0,0.616,241389.7599
05/08/2011 08:00,0,1.213,243759.2352
05/08/2011 09:00,0,1.633,252364.5706
05/08/2011 10:00,0,1.694,265029.2915
05/08/2011 11:00,0,1.117,276066.2562
05/08/2011 12:00,0,0.352,277841.1713
05/08/2011 13:00,0,-0.284,275803.5575
05/08/2011 14:00,0,-0.838,272380.4842
05/08/2011 15:00,0.201,-1.114,268569.9799
05/08/2011 16:00,0.201,-0.905,264867.7145
05/08/2011 17:00,0,-0.479,261563.6135
05/08/2011 18:00,0,0.202,258929.7633
05/08/2011 19:00,0.201,0.769,257862.7253
05/08/2011 20:00,0.201,1.339,261947.9381
05/08/2011 21:00,0,1.745,271808.0982
05/08/2011 22:00,1.005,1.839,285565.1491
05/08/2011 23:00,0.402,1.43,298331.0828
05/09/2011 00:00,0.804,0.621,301843.2763
05/09/2011 01:00,0.402,0.009,299742.7635
05/09/2011 02:00,1.005,-0.67,295756.4028
05/09/2011 03:00,0.603,-1.341,291009.9088
05/09/2011 04:00,1.206,-1.339,286277.3443
05/09/2011 05:00,0.201,-1.03,281987.9325
05/09/2011 06:00,0,-0.518,278377.9397
05/09/2011 07:00,0,-0.018,275670.8008
05/09/2011 08:00,0,0.605,274469.2913
05/09/2011 09:00,0,1.244,277981.1316
05/09/2011 10:00,0,1.513,287594.6614
05/09/2011 11:00,0,1.372,299340.5999
05/09/2011 12:00,0.201,0.8,306441.7691
05/09/2011 13:00,0,0.217,308117.9285
05/09/2011 14:00,0,-0.259,307856.0964
05/09/2011 15:00,0,-0.834,306695.4217
05/09/2011 16:00,0,-1.079,305190.3191
05/09/2011 17:00,0,-0.92,303706.3171
05/09/2011 18:00,0,-0.494,302447.7124
05/09/2011 19:00,0,0.066,301662.2568
05/09/2011 20:00,0,0.611,302103.8782
05/09/2011 21:00,0,1.033,306391.1563
05/09/2011 22:00,0,1.403,314232.898
05/09/2011 23:00,0,1.437,325027.5405
05/10/2011 00:00,0.603,1.063,333935.0834
05/10/2011 01:00,0.804,0.546,337308.702
05/10/2011 02:00,0.603,-0.036,337296.1695
05/10/2011 03:00,0,-0.704,335531.8008
05/10/2011 04:00,0,-1.132,332845.9901
05/10/2011 05:00,0.201,-1.223,329878.1917
05/10/2011 06:00,0,-0.981,327055.9075
05/10/2011 07:00,0,-0.569,324610.2004
05/10/2011 08:00,0.201,-0.128,322761.3078
05/10/2011 09:00,0,0.416,321998.1285
05/10/2011 10:00,0,0.985,324496.8782
05/10/2011 11:00,0,1.252,331327.9587
05/10/2011 12:00,0,1.129,339546.176
05/10/2011 13:00,0,0.639,344833.3625
05/10/2011 14:00,0,0.139,346204.5135
05/10/2011 15:00,0,-0.353,345778.2433
05/10/2011 16:00,0,-0.856,344352.4349
05/10/2011 17:00,0,-1.116,342475.5744
05/10/2011 18:00,0,-1.01,340532.1899
05/10/2011 19:00,0,-0.578,338722.5554
05/10/2011 20:00,0,-0.192,337231.4467
05/10/2011 21:00,0,0.3,336457.2909
05/10/2011 22:00,0,0.879,338164.2278
05/10/2011 23:00,0.804,1.203,343906.0743
05/11/2011 00:00,0.201,1.141,351405.7146
05/11/2011 01:00,0.804,0.861,356988.9521
05/11/2011 02:00,0,0.459,359203.8458
05/11/2011 03:00,0,-0.283,358775.8548
05/11/2011 04:00,0.603,-0.855,356565.3283
05/11/2011 05:00,0,-1.221,353597.1641
05/11/2011 06:00,0,-1.384,350455.1815
05/11/2011 07:00,0,-1.214,347374.3342
05/11/2011 08:00,0,-0.786,344409.4731
05/11/2011 09:00,0,-0.436,341658.5801
05/11/2011 10:00,0.603,0.279,339424.685
05/11/2011 11:00,0,0.868,339858.0343
05/11/2011 12:00,0,1.176,344424.1645
05/11/2011 13:00,0,1.081,350582.548
05/11/2011 14:00,0.804,0.786,354624.5854
05/11/2011 15:00,0,0.274,355305.1397
05/11/2011 16:00,0,-0.237,353619.7256
05/11/2011 17:00,0.201,-0.772,350694.4815
05/11/2011 18:00,0.201,-1.069,347164.8922
05/11/2011 19:00,0.201,-1.05,343509.5507
05/11/2011 20:00,0.201,-0.786,339987.1273
05/11/2011 21:00,0,-0.356,336745.1008
05/11/2011 22:00,0,0.155,334175.624
05/11/2011 23:00,0,0.687,333499.1981
05/12/2011 00:00,0.603,1.049,336699.5188
05/12/2011 01:00,0.402,1.196,342505.0448
05/12/2011 02:00,0,0.973,348385.8494
05/12/2011 03:00,0,0.487,351105.2711
05/12/2011 04:00,0,-0.157,350762.3076
05/12/2011 05:00,0.201,-0.768,348851.2081
05/12/2011 06:00,0,-1.233,346303.0281
05/12/2011 07:00,0,-1.47,343689.7437
05/12/2011 08:00,0,-1.477,341279.7048
05/12/2011 09:00,0,-1.068,339112.8896
05/12/2011 10:00,0,-0.616,337248.6458
05/12/2011 11:00,0,0.033,335895.7069
05/12/2011 12:00,0,0.773,336391.825
05/12/2011 13:00,0,1.108,341517.6026
05/12/2011 14:00,0.201,1.071,348711.7883
05/12/2011 15:00,0,0.863,354924.5549
05/12/2011 16:00,0,0.349,358209.6553
05/12/2011 17:00,0,-0.255,358818.3166
05/12/2011 18:00,0,-0.812,358058.277
05/12/2011 19:00,0,-1.315,356620.1663
05/12/2011 20:00,0,-1.379,354965.889
05/12/2011 21:00,0,-1.011,353303.8426
05/12/2011 22:00,0.201,-0.522,351737.4559
05/12/2011 23:00,0.804,-0.06,350552.7887
2011-13-05 00:00:00,0,0.579,350597.8924
2011-13-05 01:00:00,0,1.143,354686.5506
2011-13-05 02:00:00,0.402,1.275,362085.3627
2011-13-05 03:00:00,0,1.126,369923.9052
2011-13-05 04:00:00,0.201,0.6,374456.7515
2011-13-05 05:00:00,0.201,-0.12,374724.2726
2011-13-05 06:00:00,0.402,-0.778,372819.5526
2011-13-05 07:00:00,0,-1.369,369942.6181
2011-13-05 08:00:00,0.603,-1.742,366754.9896
2011-13-05 09:00:00,0,-1.654,363560.0427
2011-13-05 10:00:00,1.608,-1.181,360537.9583
2011-13-05 11:00:00,0,-0.647,357786.8492
2011-13-05 12:00:00,0,0.113,355596.0452
2011-13-05 13:00:00,0,0.913,355989.4332
2011-13-05 14:00:00,0,1.333,361890.1028
2011-13-05 15:00:00,0,1.463,371076.1255
2011-13-05 16:00:00,0,1.08,379634.5284
2011-13-05 17:00:00,0,0.433,383094.8553
2011-13-05 18:00:00,1.407,-0.234,382747.4078
2011-13-05 19:00:00,0.201,-0.989,380793.5869
2011-13-05 20:00:00,0,-1.587,378192.6584
2011-13-05 21:00:00,0,-1.705,375486.5754
2011-13-05 22:00:00,0,-1.324,372921.9265
2011-13-05 23:00:00,0,-0.815,370588.4863
2011-14-05 00:00:00,0,-0.189,368546.943
2011-14-05 01:00:00,0,0.591,367609.549
2011-14-05 02:00:00,0,1.216,371197.7172
2011-14-05 03:00:00,0,1.374,379044.641
2011-14-05 04:00:00,0.201,1.208,386991.25
2011-14-05 05:00:00,0,0.639,391574.9972
2011-14-05 06:00:00,0,-0.135,391648.5999
2011-14-05 07:00:00,0,-0.922,389340.8344
2011-14-05 08:00:00,0,-1.755,385938.5235
2011-14-05 09:00:00,0,-2.155,382208.6205
2011-14-05 10:00:00,0,-1.924,378488.5454
2011-14-05 11:00:00,0.603,-1.402,374861.3599
2011-14-05 12:00:00,0,-0.739,371389.8084
2011-14-05 13:00:00,0.201,0.068,368322.4625
2011-14-05 14:00:00,0,0.999,367764.9347
2011-14-05 15:00:00,0,1.538,373856.3866
2011-14-05 16:00:00,0,1.529,384145.2172
2011-14-05 17:00:00,0,1.042,391542.4217
2011-14-05 18:00:00,0,0.321,393122.6899
2011-14-05 19:00:00,0,-0.476,391208.347
2011-14-05 20:00:00,0,-1.386,387896.1718
2011-14-05 21:00:00,0,-2.006,384233.8338
2011-14-05 22:00:00,0,-2.112,380820.2512
2011-14-05 23:00:00,0,-1.639,377985.2678
2011-15-05 00:00:00,0,-0.941,375770.0659
2011-15-05 01:00:00,0,-0.181,374133.0845
2011-15-05 02:00:00,0,0.735,373967.0739
2011-15-05 03:00:00,0,1.39,379471.6583
2011-15-05 04:00:00,0,1.647,390503.8877
2011-15-05 05:00:00,0,1.42,402221.1406
2011-15-05 06:00:00,0,0.692,408765.8157
2011-15-05 07:00:00,0.402,-0.158,409483.5264
2011-15-05 08:00:00,0.201,-1.121,407575.0648
2011-15-05 09:00:00,0.201,-2.062,404535.2404
2011-15-05 10:00:00,0.201,-2.351,401168.4588
2011-15-05 11:00:00,0.201,-2.14,397780.4074
2011-15-05 12:00:00,0,-1.501,394506.3097
2011-15-05 13:00:00,0,-0.58,391387.0995
2011-15-05 14:00:00,0,0.319,388786.0004
2011-15-05 15:00:00,0,1.329,390202.8946
2011-15-05 16:00:00,0,1.822,399993.6697
2011-15-05 17:00:00,0.201,1.821,414540.4651
2011-15-05 18:00:00,0,1.201,424424.1438
2011-15-05 19:00:00,0,0.311,426577.3726
2011-15-05 20:00:00,0,-0.642,424425.0934
2011-15-05 21:00:00,0,-1.654,420486.2656
2011-15-05 22:00:00,0,-2.358,416019.2345
2011-15-05 23:00:00,0,-2.288,411581.9496
2011-16-05 00:00:00,0,-1.748,407331.685
2011-16-05 01:00:00,0,-0.876,403285.5487
2011-16-05 02:00:00,0,0.016,399610.5751
2011-16-05 03:00:00,0,0.996,398182.4959
2011-16-05 04:00:00,0,1.666,403704.79
2011-16-05 05:00:00,0,1.942,416501.0632
2011-16-05 06:00:00,0,1.584,429146.7725
2011-16-05 07:00:00,0,0.763,434270.31
2011-16-05 08:00:00,0,-0.248,433064.4501
2011-16-05 09:00:00,0,-1.261,429002.7349
2011-16-05 10:00:00,0,-2.197,423834.2249
2011-16-05 11:00:00,0,-2.457,418498.4135
2011-16-05 12:00:00,0,-2.058,413266.8401
2011-16-05 13:00:00,0,-1.311,408196.28
2011-16-05 14:00:00,0,-0.283,403311.2526
2011-16-05 15:00:00,0,0.785,399570.9204
2011-16-05 16:00:00,0,1.697,402624.2815
2011-16-05 17:00:00,0,2.179,415558.9181
2011-16-05 18:00:00,0,2.086,432374.2084
2011-16-05 19:00:00,0,1.235,442542.9118
2011-16-05 20:00:00,0.201,0.209,442522.8452
2011-16-05 21:00:00,0,-0.764,438178.4426
2011-16-05 22:00:00,0,-2.01,432064.1217
2011-16-05 23:00:00,0.201,-2.526,425401.5333
2011-17-05 00:00:00,0.402,-2.299,418780.8997
2011-17-05 01:00:00,0.201,-1.691,412363.5548
2011-17-05 02:00:00,0.402,-0.656,406178.0095
2011-17-05 03:00:00,0.201,0.234,400557.1011
2011-17-05 04:00:00,0,1.202,398085.2543
2011-17-05 05:00:00,0.201,1.957,403952.0553
2011-17-05 06:00:00,0.201,2.146,418219.497
2011-17-05 07:00:00,0.603,1.59,430439.0441
2011-17-05 08:00:00,0,0.602,432776.1869
2011-17-05 09:00:00,0,-0.418,429201.0943
2011-17-05 10:00:00,0,-1.516,423229.3034
2011-17-05 11:00:00,0,-2.42,416422.627
2011-17-05 12:00:00,0.201,-2.484,409568.7577
2011-17-05 13:00:00,0,-1.932,402898.8985
2011-17-05 14:00:00,0.201,-1.075,396466.5534
2011-17-05 15:00:00,0,0.04,390378.8535
2011-17-05 16:00:00,0,1.052,386547.244
2011-17-05 17:00:00,0,1.979,391459.525
2011-17-05 18:00:00,0.201,2.376,406612.4144
2011-17-05 19:00:00,0.201,2.086,423975.7526
2011-17-05 20:00:00,0.201,1.092,432008.9461
2011-17-05 21:00:00,0,0.098,430139.7333
2011-17-05 22:00:00,1.608,-1.044,424671.8459
2011-17-05 23:00:00,0.804,-2.254,417727.5517
2011-18-05 00:00:00,0.603,-2.575,410512.8703
2011-18-05 01:00:00,0,-2.184,403548.7491
2011-18-05 02:00:00,0,-1.495,396910.6513
2011-18-05 03:00:00,0,-0.45,390718.333
2011-18-05 04:00:00,0,0.531,385673.4062
2011-18-05 05:00:00,0.201,1.482,386070.843
2011-18-05 06:00:00,0,2.195,397040.3901
2011-18-05 07:00:00,0,2.223,415942.2165
2011-18-05 08:00:00,0,1.505,431022.389
2011-18-05 09:00:00,0,0.518,435945.1924
2011-18-05 10:00:00,0,-0.554,436159.2487
2011-18-05 11:00:00,0,-1.732,434418.4834
2011-18-05 12:00:00,0,-2.357,432076.9123
2011-18-05 13:00:00,0,-2.34,429725.4917
2011-18-05 14:00:00,0,-1.709,427476.5332
2011-18-05 15:00:00,0,-0.685,425376.8105
2011-18-05 16:00:00,0,0.315,423747.3649
2011-18-05 17:00:00,0,1.251,425565.2456
2011-18-05 18:00:00,0,2.061,435685.2241
2011-18-05 19:00:00,0,2.345,454970.8419
2011-18-05 20:00:00,0,1.831,473396.6435
2011-18-05 21:00:00,0,0.784,480791.9055
2011-18-05 22:00:00,0,-0.247,480710.3603
2011-18-05 23:00:00,0,-1.42,477561.6169
2011-19-05 00:00:00,0,-2.476,473148.4661
2011-19-05 01:00:00,0,-2.684,468369.0646
2011-19-05 02:00:00,0,-2.14,463557.3444
2011-19-05 03:00:00,0,-1.438,458753.2155
2011-19-05 04:00:00,0,-0.409,453957.7865
2011-19-05 05:00:00,0,0.585,449913.6368
2011-19-05 06:00:00,0,1.504,450759.9073
2011-19-05 07:00:00,0,2.033,459346.2518
2011-19-05 08:00:00,0,1.922,472781.2005
2011-19-05 09:00:00,0,1.144,480150.2357
2011-19-05 10:00:00,0.402,0.214,479926.9792
2011-19-05 11:00:00,0.201,-0.832,475862.6754
2011-19-05 12:00:00,0,-1.901,470064.2058
2011-19-05 13:00:00,0,-2.38,463710.4624
2011-19-05 14:00:00,0,-2.002,457342.9793
2011-19-05 15:00:00,0.402,-1.326,451074.1614
2011-19-05 16:00:00,0.402,-0.415,444986.7423
2011-19-05 17:00:00,0,0.539,439692.3816
2011-19-05 18:00:00,0,1.556,439415.111
2011-19-05 19:00:00,0.201,2.227,448865.9549
2011-19-05 20:00:00,0,2.292,465603.3389
2011-19-05 21:00:00,0,1.633,478172.8615
2011-19-05 22:00:00,0,0.632,480014.5958
2011-19-05 23:00:00,0,-0.366,476012.7448
2011-20-05 00:00:00,0,-1.429,469523.6723
2011-20-05 01:00:00,1.005,-2.312,462140.682
2011-20-05 02:00:00,0,-2.362,454652.0594
2011-20-05 03:00:00,0,-1.746,447321.7141
2011-20-05 04:00:00,1.809,-1.029,440185.7027
2011-20-05 05:00:00,0.201,-0.18,433305.7452
2011-20-05 06:00:00,0.201,0.82,427830.8141
2011-20-05 07:00:00,0,1.604,428538.9065
2011-20-05 08:00:00,0.201,1.934,435960.2735
2011-20-05 09:00:00,0,1.766,445658.2674
2011-20-05 10:00:00,0,0.987,450031.5374
2011-20-05 11:00:00,0,-0.05,447762.0231
2011-20-05 12:00:00,0,-0.969,442208.1073
2011-20-05 13:00:00,0,-1.802,435371.8637
2011-20-05 14:00:00,0,-2.097,428245.0076
2011-20-05 15:00:00,0,-1.687,421161.7944
2011-20-05 16:00:00,0,-1.049,414320.8897
2011-20-05 17:00:00,0,-0.14,407864.7062
2011-20-05 18:00:00,0,0.675,402807.417
2011-20-05 19:00:00,0,1.534,403073.2461
2011-20-05 20:00:00,0,2.015,411441.9686
2011-20-05 21:00:00,0,1.973,424803.4073
2011-20-05 22:00:00,0,1.233,432418.9188
2011-20-05 23:00:00,0,0.305,431616.2426
2011-21-05 00:00:00,0,-0.601,426722.4995
2011-21-05 01:00:00,0,-1.67,420037.4768
2011-21-05 02:00:00,0,-2.278,412745.1629
2011-21-05 03:00:00,0,-2.017,405479.9104
2011-21-05 04:00:00,0,-1.583,398420.5409
2011-21-05 05:00:00,0,-0.807,391591.7374
2011-21-05 06:00:00,0,0.126,385183.2624
2011-21-05 07:00:00,0,1.013,381138.647
2011-21-05 08:00:00,0.201,1.601,383669.4971
2011-21-05 09:00:00,0.201,1.888,392154.783
2011-21-05 10:00:00,0.402,1.627,401820.1696
2011-21-05 11:00:00,0.603,0.752,404654.1553
2011-21-05 12:00:00,1.005,0.04,401440.7138
2011-21-05 13:00:00,0.804,-0.815,395886.5646
2011-21-05 14:00:00,1.809,-1.555,389248.9815
2011-21-05 15:00:00,2.01,-1.598,382437.1842
2011-21-05 16:00:00,3.417,-1.006,375940.5852
2011-21-05 17:00:00,0.201,-0.544,370011.8581
2011-21-05 18:00:00,0.201,0.176,365143.1473
2011-21-05 19:00:00,0,1.012,363301.0527
2011-21-05 20:00:00,0,1.698,369212.6938
2011-21-05 21:00:00,0,2.05,385127.9892
2011-21-05 22:00:00,0.603,1.918,407884.738
2011-21-05 23:00:00,0.201,1.17,427187.3728
2011-22-05 00:00:00,1.005,0.465,439548.4431
2011-22-05 01:00:00,4.02,-0.266,448472.3463
2011-22-05 02:00:00,1.005,-1.32,455287.0174
2011-22-05 03:00:00,0.402,-1.803,461167.2909
2011-22-05 04:00:00,0,-1.584,467018.5925
2011-22-05 05:00:00,1.206,-1.172,472986.1077
2011-22-05 06:00:00,1.407,-0.318,479072.7642
2011-22-05 07:00:00,0.201,0.194,485863.113
2011-22-05 08:00:00,0,0.823,494589.3173
2011-22-05 09:00:00,0.402,1.317,506803.4978
2011-22-05 10:00:00,0,1.41,521709.0436
2011-22-05 11:00:00,0.201,0.92,535618.9888
2011-22-05 12:00:00,0,0.332,545109.5422
2011-22-05 13:00:00,0,-0.434,551213.1953
2011-22-05 14:00:00,0,-1.16,555199.429
2011-22-05 15:00:00,0,-1.505,557969.3475
2011-22-05 16:00:00,0,-1.497,560097.2043
2011-22-05 17:00:00,0,-1.099,561918.3994
2011-22-05 18:00:00,0,-0.519,563494.6933
2011-22-05 19:00:00,0,0.136,565185.6282
2011-22-05 20:00:00,0,0.794,568429.1476
2011-22-05 21:00:00,0.201,1.392,575094.9837
2011-22-05 22:00:00,0.201,1.625,585332.5552
2011-22-05 23:00:00,0.201,1.326,595725.9348
2011-23-05 00:00:00,0.603,0.798,602555.0602
2011-23-05 01:00:00,1.005,0.131,604982.2411
2011-23-05 02:00:00,1.005,-0.537,604756.0725
2011-23-05 03:00:00,1.206,-1.284,603245.2725
2011-23-05 04:00:00,2.211,-1.321,601409.0383
2011-23-05 05:00:00,3.216,-0.974,600005.48
2011-23-05 06:00:00,1.809,-0.486,599587.2721
2011-23-05 07:00:00,0,0.026,601094.5092
2011-23-05 08:00:00,0,0.505,608031.203
2011-23-05 09:00:00,0,1.184,631911.3452
2011-23-05 10:00:00,0,1.636,675278.0253
2011-23-05 11:00:00,0,1.583,724347.3145
2011-23-05 12:00:00,0,1.089,769639.7127
2011-23-05 13:00:00,0,0.394,807043.6997
2011-23-05 14:00:00,0,-0.219,836985.3655
2011-23-05 15:00:00,0,-0.844,862051.9822
2011-23-05 16:00:00,0,-1.213,883762.4822
2011-23-05 17:00:00,0,-1.086,903293.2114
2011-23-05 18:00:00,0.201,-0.804,921204.6895
2011-23-05 19:00:00,0.201,-0.398,937927.3997
2011-23-05 20:00:00,0,0.219,953902.8081
2011-23-05 21:00:00,0.804,0.746,970357.4036
2011-23-05 22:00:00,0.201,1.191,988311.7026
2011-23-05 23:00:00,1.005,1.328,1007828.259
2011-24-05 00:00:00,0,0.947,1026469.956
2011-24-05 01:00:00,0,0.459,1041508.629
2011-24-05 02:00:00,0,-0.036,1053202.113
2011-24-05 03:00:00,0.603,-0.81,1062652.218
2011-24-05 04:00:00,0.201,-1.373,1070420.891
2011-24-05 05:00:00,0,-1.528,1077203.493
2011-24-05 06:00:00,0,-1.265,1083318.192
2011-24-05 07:00:00,0,-0.967,1088896.815
2011-24-05 08:00:00,0.402,-0.55,1094095.878
2011-24-05 09:00:00,0,-0.017,1099138.727
2011-24-05 10:00:00,0,0.6,1104841.911
2011-24-05 11:00:00,0.201,0.865,1112359.742
2011-24-05 12:00:00,0,0.876,1120757.948
2011-24-05 13:00:00,0,0.529,1128236.522
2011-24-05 14:00:00,0,0.103,1133463.167
2011-24-05 15:00:00,0,-0.337,1136778.939
2011-24-05 16:00:00,0,-0.791,1138794.829
2011-24-05 17:00:00,0,-1.076,1140059.713
2011-24-05 18:00:00,0,-1.051,1140797.68
2011-24-05 19:00:00,0,-0.835,1141112.576
2011-24-05 20:00:00,0,-0.386,1141162.8
2011-24-05 21:00:00,0,0.04,1141381.234
2011-24-05 22:00:00,0,0.613,1142416.708
2011-24-05 23:00:00,0,0.908,1145290.736
2011-25-05 00:00:00,0,1.023,1149448.581
2011-25-05 01:00:00,0,0.86,1153760.506
2011-25-05 02:00:00,0,0.453,1156253.154
2011-25-05 03:00:00,0,-0.146,1156471.903
2011-25-05 04:00:00,0,-0.702,1154987.75
2011-25-05 05:00:00,0,-1.07,1152526.299
2011-25-05 06:00:00,0,-1.114,1149609.627
2011-25-05 07:00:00,0,-0.93,1146487.915
2011-25-05 08:00:00,0.402,-0.598,1143331.204
2011-25-05 09:00:00,0,-0.218,1140238.784
2011-25-05 10:00:00,0,0.286,1137561.175
2011-25-05 11:00:00,0.402,0.725,1136311.893
2011-25-05 12:00:00,0.402,1.178,1137290.883
2011-25-05 13:00:00,0,1.079,1140343.476
2011-25-05 14:00:00,0,0.791,1142460.3
2011-25-05 15:00:00,1.206,0.515,1142434.462
2011-25-05 16:00:00,0.603,0.034,1140727.265
2011-25-05 17:00:00,0.804,-0.464,1137615.079
2011-25-05 18:00:00,0.402,-0.655,1133743.224
2011-25-05 19:00:00,0.201,-0.708,1129710.329
2011-25-05 20:00:00,0.201,-0.481,1125729.473
2011-25-05 21:00:00,0.201,-0.151,1121987.003
2011-25-05 22:00:00,0,0.239,1118862.378
2011-25-05 23:00:00,0,0.548,1116956.091
2011-26-05 00:00:00,0.402,0.901,1116686.235
2011-26-05 01:00:00,0.402,1.08,1118601.967
2011-26-05 02:00:00,0.804,0.862,1121626.579
2011-26-05 03:00:00,0.201,0.374,1123007.513
2011-26-05 04:00:00,0,-0.234,1122523.866
2011-26-05 05:00:00,0.402,-0.782,1120890.892
2011-26-05 06:00:00,0.201,-1.129,1118875.976
2011-26-05 07:00:00,0.201,-1.347,1116976.841
2011-26-05 08:00:00,0.201,-1.369,1115294.459
2011-26-05 09:00:00,0.402,-1.124,1113957.038
2011-26-05 10:00:00,0.201,-0.711,1113239.67
2011-26-05 11:00:00,0,-0.313,1113472.858
2011-26-05 12:00:00,0,0.145,1114896.424
2011-26-05 13:00:00,0.603,0.44,1118035.981
2011-26-05 14:00:00,0,0.468,1122667.281
2011-26-05 15:00:00,0,0.291,1127776.65
2011-26-05 16:00:00,0,-0.078,1132584.424
2011-26-05 17:00:00,0,-0.504,1136630.161
2011-26-05 18:00:00,0,-0.933,1140152.491
2011-26-05 19:00:00,0,-1.221,1143358.477
2011-26-05 20:00:00,0,-1.3,1146283.45
2011-26-05 21:00:00,0,-1.082,1149136.594
2011-26-05 22:00:00,0,-0.751,1151826.085
2011-26-05 23:00:00,0,-0.299,1154407.379
2011-27-05 00:00:00,0,0.162,1157325.1
2011-27-05 01:00:00,0,0.587,1161188.609
2011-27-05 02:00:00,0,0.704,1166171.899
2011-27-05 03:00:00,0,0.553,1171218.963
2011-27-05 04:00:00,0.201,0.179,1175084.481
2011-27-05 05:00:00,0,-0.291,1177298.764
2011-27-05 06:00:00,0,-0.761,1178298.162
2011-27-05 07:00:00,0,-1.175,1178486.504
2011-27-05 08:00:00,0,-1.356,1178180.896
2011-27-05 09:00:00,0,-1.321,1177543.041
2011-27-05 10:00:00,0,-0.853,1176671.746
2011-27-05 11:00:00,0,-0.497,1175792.624
2011-27-05 12:00:00,0,-0.053,1175072.453
2011-27-05 13:00:00,0,0.434,1175049.709
2011-27-05 14:00:00,0,0.834,1176479.685
2011-27-05 15:00:00,0.603,0.94,1179435.446
2011-27-05 16:00:00,0,0.714,1182357.823
2011-27-05 17:00:00,0.804,0.258,1183589.392
2011-27-05 18:00:00,0,-0.157,1182928.73
2011-27-05 19:00:00,0.201,-0.565,1181150.462
2011-27-05 20:00:00,0.402,-0.973,1178691.899
2011-27-05 21:00:00,0,-1.103,1175769.434
2011-27-05 22:00:00,0.201,-0.873,1172616.055
2011-27-05 23:00:00,0,-0.505,1169479.864
2011-28-05 00:00:00,0.201,-0.026,1166623.043
2011-28-05 01:00:00,0,0.541,1164708.434
2011-28-05 02:00:00,0.201,0.905,1164798.745
2011-28-05 03:00:00,1.005,0.992,1166631.645
2011-28-05 04:00:00,0,0.854,1168888.354
2011-28-05 05:00:00,0,0.429,1169641.63
2011-28-05 06:00:00,0.201,-0.071,1168449.196
2011-28-05 07:00:00,0,-0.636,1166005.684
2011-28-05 08:00:00,0,-1.122,1162939.103
2011-28-05 09:00:00,0,-1.258,1159685.061
2011-28-05 10:00:00,0,-1.084,1156530.914
2011-28-05 11:00:00,0,-0.696,1153565.515
2011-28-05 12:00:00,0,-0.305,1150973.122
2011-28-05 13:00:00,0,0.17,1149029.134
2011-28-05 14:00:00,0,0.756,1148490.552
2011-28-05 15:00:00,0,1.121,1150547.439
2011-28-05 16:00:00,0,1.113,1154542.633
2011-28-05 17:00:00,0,0.733,1157768.277
2011-28-05 18:00:00,0,0.235,1158299.19
2011-28-05 19:00:00,0,-0.271,1156872.819
2011-28-05 20:00:00,0,-0.753,1154230.596
2011-28-05 21:00:00,0,-1.114,1150869.473
2011-28-05 22:00:00,0,-1.224,1147211.072
2011-28-05 23:00:00,0,-0.856,1143382.045
2011-29-05 00:00:00,0.201,-0.346,1139588.881
2011-29-05 01:00:00,0.603,0.307,1136340.426
2011-29-05 02:00:00,0.201,0.776,1134761.609
2011-29-05 03:00:00,0.402,1.111,1135450.416
2011-29-05 04:00:00,0.603,1.252,1138148.783
2011-29-05 05:00:00,0,1.063,1141127.312
2011-29-05 06:00:00,0,0.545,1142313.072
2011-29-05 07:00:00,0,-0.126,1140605.63
2011-29-05 08:00:00,0,-0.771,1137212.655
2011-29-05 09:00:00,0,-1.192,1133131.16
2011-29-05 10:00:00,0,-1.295,1129080.274
2011-29-05 11:00:00,0,-1.105,1125397.657
2011-29-05 12:00:00,0,-0.682,1122190.827
2011-29-05 13:00:00,0,-0.153,1119626.639
2011-29-05 14:00:00,0,0.497,1118216.089
2011-29-05 15:00:00,0,1.028,1119405.893
2011-29-05 16:00:00,0,1.379,1123778.094
2011-29-05 17:00:00,0,1.12,1129230.317
2011-29-05 18:00:00,0,0.767,1132844.429
2011-29-05 19:00:00,0,0.155,1133635.097
2011-29-05 20:00:00,0,-0.475,1132180.649
2011-29-05 21:00:00,0,-1.095,1129449.538
2011-29-05 22:00:00,0,-1.367,1126071.567
2011-29-05 23:00:00,1.005,-1.325,1122348.466
2011-30-05 00:00:00,0.402,-0.918,1118473.368
2011-30-05 01:00:00,0.201,-0.28,1114653.982
2011-30-05 02:00:00,0,0.317,1111466.55
2011-30-05 03:00:00,0.201,0.881,1110059.461
2011-30-05 04:00:00,0,1.216,1111461.624
2011-30-05 05:00:00,0.402,1.302,1114653.979
2011-30-05 06:00:00,0.201,0.937,1117388.924
2011-30-05 07:00:00,0.201,0.281,1117281.254
2011-30-05 08:00:00,0,-0.41,1114387.23
2011-30-05 09:00:00,0,-1.05,1110085.9
2011-30-05 10:00:00,0,-1.44,1105154.787
2011-30-05 11:00:00,0,-1.406,1099957.171
2011-30-05 12:00:00,0,-1.046,1094705.608
2011-30-05 13:00:00,0,-0.438,1089516.62
2011-30-05 14:00:00,0,0.176,1084786.605
2011-30-05 15:00:00,0,0.855,1081653.413
2011-30-05 16:00:00,0,1.359,1082007.188
2011-30-05 17:00:00,0,1.496,1085110.277
2011-30-05 18:00:00,0,1.209,1088121.046
2011-30-05 19:00:00,0.201,0.633,1088839.815
2011-30-05 20:00:00,0,-0.136,1086222.143
2011-30-05 21:00:00,0,-0.839,1081570.156
2011-30-05 22:00:00,0,-1.475,1075961.723
2011-30-05 23:00:00,0,-1.703,1070019.59
2011-31-05 00:00:00,0,-1.453,1063991.458
2011-31-05 01:00:00,0.201,-0.863,1057917.664
2011-31-05 02:00:00,0,-0.238,1051973.203
2011-31-05 03:00:00,0,0.42,1046783.433
2011-31-05 04:00:00,0,1.004,1043810.312
2011-31-05 05:00:00,0,1.302,1044025.141
2011-31-05 06:00:00,0,1.137,1045303.826
2011-31-05 07:00:00,0,0.662,1044950.563
2011-31-05 08:00:00,0,-0.151,1041517.267
2011-31-05 09:00:00,0,-0.933,1035990.149
2011-31-05 10:00:00,0,-1.443,1029544.159
2011-31-05 11:00:00,0,-1.813,1022789.802
2011-31-05 12:00:00,0,-1.632,1015915.352
2011-31-05 13:00:00,0,-1.006,1009029.745
2011-31-05 14:00:00,0,-0.302,1002253.284
2011-31-05 15:00:00,0,0.344,996121.9133
2011-31-05 16:00:00,0,1.08,992251.9681
2011-31-05 17:00:00,0,1.527,992577.5226
2011-31-05 18:00:00,0,1.545,995123.1932
2011-31-05 19:00:00,0,1.106,996682.9425
2011-31-05 20:00:00,0.201,0.331,994802.7257
2011-31-05 21:00:00,0.201,-0.526,989460.3343
2011-31-05 22:00:00,0,-1.229,982498.0948
2011-31-05 23:00:00,0,-1.796,974972.6498
06/01/2011 00:00,0,-1.859,967279.7334
06/01/2011 01:00,0,-1.346,959544.0743
06/01/2011 02:00,0,-0.628,951865.561
06/01/2011 03:00,0,-0.007,944529.0075
06/01/2011 04:00,0,0.811,938546.2898
06/01/2011 05:00,0,1.351,936393.7365
06/01/2011 06:00,0,1.566,937463.751
06/01/2011 07:00,0,1.202,938664.4061
06/01/2011 08:00,0,0.488,936867.9532
06/01/2011 09:00,0,-0.398,931466.1809
06/01/2011 10:00,0,-1.117,924179.2071
06/01/2011 11:00,0.201,-1.709,916170.2015
06/01/2011 12:00,0.603,-1.812,908022.568
06/01/2011 13:00,0,-1.464,899905.9713
06/01/2011 14:00,0,-0.816,891880.1953
06/01/2011 15:00,0,-0.068,884088.4278
06/01/2011 16:00,0,0.724,877489.8074
06/01/2011 17:00,0,1.307,874473.0026
06/01/2011 18:00,0,1.621,875136.4883
06/01/2011 19:00,0,1.449,876814.2355
06/01/2011 20:00,0,0.719,876126.0179
06/01/2011 21:00,0,-0.155,871145.8012
06/01/2011 22:00,0,-0.945,863807.9943
06/01/2011 23:00,0,-1.791,855532.9621
06/02/2011 00:00,0,-2.132,846971.6419
06/02/2011 01:00,0,-1.849,838397.3891
06/02/2011 02:00,0.201,-1.308,829869.4929
06/02/2011 03:00,0,-0.59,821442.9953
06/02/2011 04:00,0,0.239,813466.8057
06/02/2011 05:00,0,0.933,807544.9758
06/02/2011 06:00,0,1.388,805515.2583
06/02/2011 07:00,0,1.452,805969.0333
06/02/2011 08:00,0,0.808,805390.9957
06/02/2011 09:00,0,0.007,800748.0009
06/02/2011 10:00,0,-0.727,793588.385
06/02/2011 11:00,0,-1.614,785331.0041
06/02/2011 12:00,0,-2.119,776686.8971
06/02/2011 13:00,0,-1.873,768008.0794
06/02/2011 14:00,0,-1.371,759391.7678
06/02/2011 15:00,0,-0.594,750868.9289
06/02/2011 16:00,0,0.249,742793.2486
06/02/2011 17:00,0,0.988,736920.1034
06/02/2011 18:00,0,1.516,735413.4999
06/02/2011 19:00,0,1.678,737052.3681
06/02/2011 20:00,0,1.142,738143.0647
06/02/2011 21:00,0,0.285,735052.3769
06/02/2011 22:00,0,-0.443,728344.8684
06/02/2011 23:00,0,-1.415,720080.7215
06/03/2011 00:00,0,-2.285,711181.4557
06/03/2011 01:00,0,-2.318,702160.6801
06/03/2011 02:00,0,-1.805,693181.2839
06/03/2011 03:00,0,-1.207,684262.6239
06/03/2011 04:00,0,-0.33,675441.4043
06/03/2011 05:00,0,0.457,667415.1432
06/03/2011 06:00,0,1.162,662366.971
06/03/2011 07:00,0,1.499,661573.3001
06/03/2011 08:00,0,1.246,661961.0685
06/03/2011 09:00,0,0.522,659584.5588
06/03/2011 10:00,0,-0.311,653403.4303
06/03/2011 11:00,0,-1.159,645251.9856
06/03/2011 12:00,0,-1.931,636258.4877
06/03/2011 13:00,0,-2.197,627058.5327
06/03/2011 14:00,0,-1.732,617885.1328
06/03/2011 15:00,0,-1.028,608797.2897
06/03/2011 16:00,0,-0.221,599932.0556
06/03/2011 17:00,0,0.544,592068.8794
06/03/2011 18:00,0,1.299,587688.8546
06/03/2011 19:00,0,1.704,588244.3055
06/03/2011 20:00,0,1.595,590744.5614
06/03/2011 21:00,0,0.902,590809.3399
06/03/2011 22:00,0,-0.045,585989.4617
06/03/2011 23:00,0,-0.887,578257.4405
06/04/2011 00:00,0,-1.864,569368.5703
06/04/2011 01:00,0,-2.457,560135.5202
06/04/2011 02:00,0,-2.237,550900.8198
06/04/2011 03:00,0,-1.696,541743.6428
06/04/2011 04:00,0,-0.936,532647.5018
06/04/2011 05:00,0,-0.067,523787.0097
06/04/2011 06:00,0,0.743,516331.6538
06/04/2011 07:00,0,1.301,513026.71
06/04/2011 08:00,0,1.541,513462.0989
06/04/2011 09:00,0,1.111,514146.5251
06/04/2011 10:00,0,0.227,510715.438
06/04/2011 11:00,0,-0.614,503698.3992
06/04/2011 12:00,0,-1.422,495172.3951
06/04/2011 13:00,0,-2.074,486153.8787
06/04/2011 14:00,0,-2.025,477090.3974
06/04/2011 15:00,0,-1.476,468142.4503
06/04/2011 16:00,0,-0.79,459376.4938
06/04/2011 17:00,0,0.066,450996.4586
06/04/2011 18:00,0,0.894,444562.0724
06/04/2011 19:00,0,1.5,443285.759
06/04/2011 20:00,0,1.708,446272.2112
06/04/2011 21:00,0,1.354,449426.2005
06/04/2011 22:00,0,0.597,448241.2197
06/04/2011 23:00,0,-0.248,442719.7951
06/05/2011 00:00,0,-1.23,435051.0302
06/05/2011 01:00,0,-2.135,426492.8398
06/05/2011 02:00,0,-2.32,417780.9075
06/05/2011 03:00,0,-2.031,409194.4384
06/05/2011 04:00,0.201,-1.423,400778.4553
06/05/2011 05:00,0.402,-0.57,392577.9408
06/05/2011 06:00,0,0.254,385021.5053
06/05/2011 07:00,0,0.994,380183.6778
06/05/2011 08:00,0.603,1.517,380695.723
06/05/2011 09:00,0,1.478,384510.4597
06/05/2011 10:00,0.201,0.914,386197.3532
06/05/2011 11:00,0.402,0.106,382957.2603
06/05/2011 12:00,0,-0.773,376869.7778
06/05/2011 13:00,0,-1.564,369478.925
06/05/2011 14:00,0,-1.967,361781.4994
06/05/2011 15:00,0,-1.732,354185.8274
06/05/2011 16:00,0,-1.175,346798.411
06/05/2011 17:00,0,-0.384,339758.823
06/05/2011 18:00,0,0.388,333637.9146
06/05/2011 19:00,0,1.105,330968.8554
06/05/2011 20:00,0,1.62,334454.5808
06/05/2011 21:00,0,1.726,343112.7833
06/05/2011 22:00,0,1.236,349338.1645
06/05/2011 23:00,0,0.434,348717.7612
06/06/2011 00:00,0,-0.377,344008.0562
06/06/2011 01:00,0,-1.33,337449.7141
06/06/2011 02:00,0,-2.026,330217.7391
06/06/2011 03:00,0,-2.131,322993.6143
06/06/2011 04:00,0,-1.655,316027.3208
06/06/2011 05:00,0,-1.052,309400.2825
06/06/2011 06:00,0,-0.25,303210.8034
06/06/2011 07:00,0,0.573,298132.2919
06/06/2011 08:00,0,1.253,297762.1146
06/06/2011 09:00,0,1.662,304470.522
06/06/2011 10:00,0,1.486,314040.3004
06/06/2011 11:00,0,0.817,317573.8946
06/06/2011 12:00,0.201,0.042,314965.0714
06/06/2011 13:00,0,-0.687,309847.9093
06/06/2011 14:00,0.201,-1.522,303665.7611
06/06/2011 15:00,0.201,-1.62,297248.194
06/06/2011 16:00,0,-1.333,291036.3941
06/06/2011 17:00,0.201,-0.812,285212.1537
06/06/2011 18:00,0.402,-0.028,279952.154
06/06/2011 19:00,0,0.704,276135.9891
06/06/2011 20:00,0,1.362,278023.0368
06/06/2011 21:00,0,1.808,286865.2612
06/06/2011 22:00,0,1.736,299699.2063
06/06/2011 23:00,1.206,1.184,308348.14
06/07/2011 00:00,0.603,0.348,308117.91
06/07/2011 01:00,0,-0.321,304045.881
06/07/2011 02:00,0.201,-1.3,298483.9855
06/07/2011 03:00,0.402,-1.846,292412.0177
06/07/2011 04:00,0,-1.751,286480.6427
06/07/2011 05:00,0,-1.387,280968.3923
06/07/2011 06:00,0.201,-0.728,275977.8573
06/07/2011 07:00,0,-0.017,271629.5032
06/07/2011 08:00,0,0.683,268712.3053
06/07/2011 09:00,1.005,1.339,271170.4586
06/07/2011 10:00,0.603,1.714,280176.4537
06/07/2011 11:00,0,1.379,291525.3425
06/07/2011 12:00,0.201,0.712,295878.5099
06/07/2011 13:00,0.201,0.021,294468.3633
06/07/2011 14:00,0,-0.717,291043.0084
06/07/2011 15:00,0,-1.365,286832.3458
06/07/2011 16:00,0,-1.515,282601.6222
06/07/2011 17:00,0,-1.148,278770.0957
06/07/2011 18:00,0,-0.616,275753.0529
06/07/2011 19:00,1.407,0.053,273960.892
06/07/2011 20:00,0,0.669,274067.8162
06/07/2011 21:00,0.402,1.237,279370.4404
06/07/2011 22:00,0,1.63,290175.6626
06/07/2011 23:00,0.201,1.449,304257.9176
06/08/2011 00:00,0.402,0.951,313980.5362
06/08/2011 01:00,0.201,0.161,317579.89
06/08/2011 02:00,1.005,-0.598,318243.7784
06/08/2011 03:00,0.201,-1.455,317806.7382
06/08/2011 04:00,0,-1.864,317198.7325
06/08/2011 05:00,1.206,-1.789,316848.0419
06/08/2011 06:00,0,-1.345,316843.5494
06/08/2011 07:00,0,-0.831,317313.3867
06/08/2011 08:00,0,-0.223,318585.7364
06/08/2011 09:00,0.201,0.636,321799.8288
06/08/2011 10:00,0,1.152,330520.1165
06/08/2011 11:00,0,1.392,343274.2663
06/08/2011 12:00,0,1.107,356827.9996
06/08/2011 13:00,0,0.407,366318.5155
06/08/2011 14:00,0.201,-0.17,371499.7452
06/08/2011 15:00,1.005,-0.86,374878.0215
06/08/2011 16:00,0,-1.448,377378.8762
06/08/2011 17:00,0,-1.528,379608.4699
06/08/2011 18:00,0.402,-1.22,381870.5654
06/08/2011 19:00,0,-0.744,384280.9595
06/08/2011 20:00,0,-0.138,387085.3409
06/08/2011 21:00,0,0.494,391192.8082
06/08/2011 22:00,0,1.082,398363.7889
06/08/2011 23:00,0,1.386,409420.9353
06/09/2011 00:00,0,1.21,421938.4477
06/09/2011 01:00,0,0.687,431910.2388
06/09/2011 02:00,0,0.13,437897.7131
06/09/2011 03:00,0,-0.673,441424.711
06/09/2011 04:00,0,-1.423,443499.1896
06/09/2011 05:00,0.201,-1.73,445005.8914
06/09/2011 06:00,0,-1.64,446336.4239
06/09/2011 07:00,0,-1.35,447523.5084
06/09/2011 08:00,0,-0.729,448579.1957
06/09/2011 09:00,0,-0.181,449817.6595
06/09/2011 10:00,0,0.618,452186.6896
06/09/2011 11:00,1.809,1.173,458035.3127
06/09/2011 12:00,0.201,1.355,467154.4702
06/09/2011 13:00,0,1.046,476382.9611
06/09/2011 14:00,0,0.546,482458.6141
06/09/2011 15:00,0,-0.058,485100.5687
06/09/2011 16:00,0,-0.684,485716.658
06/09/2011 17:00,0,-1.25,485196.7715
06/09/2011 18:00,0,-1.356,484053.724
06/09/2011 19:00,0,-1.139,482688.779
06/09/2011 20:00,0,-0.657,481261.2565
06/09/2011 21:00,0,-0.147,479978.3203
06/09/2011 22:00,0.402,0.517,479638.1348
06/09/2011 23:00,0.804,1.047,482037.0756
06/10/2011 00:00,0,1.351,487533.3487
06/10/2011 01:00,0,1.235,494343.3293
06/10/2011 02:00,0.201,0.817,499239.7345
06/10/2011 03:00,0,0.189,500542.6643
06/10/2011 04:00,0,-0.55,499206.0701
06/10/2011 05:00,0,-1.27,496429.38
06/10/2011 06:00,0,-1.603,493013.8252
06/10/2011 07:00,0,-1.539,489373.5592
06/10/2011 08:00,0,-1.387,485707.1727
06/10/2011 09:00,0,-0.825,482091.5021
06/10/2011 10:00,0,-0.195,478682.6495
06/10/2011 11:00,0,0.566,476314.621
06/10/2011 12:00,0,1.203,477482.6047
06/10/2011 13:00,0,1.339,482290.6164
06/10/2011 14:00,0,1.144,487373.4106
06/10/2011 15:00,0,0.619,489892.713
06/10/2011 16:00,0,0.071,488967.5777
06/10/2011 17:00,0,-0.603,486105.6828
06/10/2011 18:00,0,-1.215,482091.7153
06/10/2011 19:00,0,-1.493,477557.4603
06/10/2011 20:00,0,-1.261,472873.5705
06/10/2011 21:00,0,-0.852,468248.0504
06/10/2011 22:00,0,-0.344,463866.1924
06/10/2011 23:00,0,0.284,460213.0932
06/11/2011 00:00,0,0.88,458810.7404
06/11/2011 01:00,0,1.245,460778.2624
06/11/2011 02:00,0.402,1.244,464735.0066
06/11/2011 03:00,0.603,0.795,467505.3417
06/11/2011 04:00,0.201,0.204,466751.4885
06/11/2011 05:00,0,-0.514,463618.1944
06/11/2011 06:00,0.201,-1.163,459086.9563
06/11/2011 07:00,0,-1.657,453986.6228
06/11/2011 08:00,0.201,-1.723,448768.3155
06/11/2011 09:00,0,-1.464,443597.9801
06/11/2011 10:00,0,-0.887,438531.7846
06/11/2011 11:00,0,-0.257,433719.7907
06/11/2011 12:00,0,0.482,429891.8734
06/11/2011 13:00,0,1.107,429448.487
06/11/2011 14:00,0,1.445,433134.6098
06/11/2011 15:00,0,1.241,438262.3928
06/11/2011 16:00,0,0.729,440588.784
06/11/2011 17:00,0,0.098,439009.4319
06/11/2011 18:00,0,-0.589,435197.9521
06/11/2011 19:00,0,-1.334,430168.9425
06/11/2011 20:00,0,-1.555,424650.2214
06/11/2011 21:00,0,-1.386,419091.1015
06/11/2011 22:00,0,-1.062,413617.4103
06/11/2011 23:00,0,-0.42,408356.5579
06/12/2011 00:00,0,0.217,403758.3073
06/12/2011 01:00,0,0.915,401508.337
06/12/2011 02:00,0,1.404,403766.4923
06/12/2011 03:00,0,1.4,409041.6986
06/12/2011 04:00,0,1.039,412978.8738
06/12/2011 05:00,0,0.417,412985.0914
06/12/2011 06:00,0,-0.323,409805.9219
06/12/2011 07:00,0.201,-1.074,404850.4999
06/12/2011 08:00,0.603,-1.618,399163.1207
06/12/2011 09:00,1.407,-1.748,393337.6429
06/12/2011 10:00,1.407,-1.405,387615.3566
06/12/2011 11:00,0.603,-0.821,382155.6943
06/12/2011 12:00,1.407,-0.16,377212.3436
06/12/2011 13:00,2.613,0.67,373767.0276
06/12/2011 14:00,1.206,1.418,375583.5882
06/12/2011 15:00,1.005,1.766,383797.1956
06/12/2011 16:00,1.206,1.608,394402.2773
06/12/2011 17:00,1.407,1.013,400729.8706
06/12/2011 18:00,0.201,0.333,401501.9155
06/12/2011 19:00,0,-0.434,399352.6496
06/12/2011 20:00,0,-1.268,395702.2241
06/12/2011 21:00,0,-1.629,391726.5128
06/12/2011 22:00,0,-1.444,388584.2434
06/12/2011 23:00,0.201,-1.099,386903.3812
2011-13-06 00:00:00,0,-0.415,386600.8922
2011-13-06 01:00:00,0,0.312,387881.5906
2011-13-06 02:00:00,0,1.039,392691.878
2011-13-06 03:00:00,0,1.545,402946.5134
2011-13-06 04:00:00,0,1.604,416930.634
2011-13-06 05:00:00,0,1.217,429574.8688
2011-13-06 06:00:00,0,0.568,437513.5727
2011-13-06 07:00:00,0,-0.251,441195.2487
2011-13-06 08:00:00,0,-1.125,442597.0322
2011-13-06 09:00:00,0,-1.734,442844.9097
2011-13-06 10:00:00,0,-1.802,442720.3954
2011-13-06 11:00:00,0,-1.493,442484.0505
2011-13-06 12:00:00,0,-0.824,442161.6613
2011-13-06 13:00:00,0,-0.151,441989.1743
2011-13-06 14:00:00,0,0.803,443189.005
2011-13-06 15:00:00,0,1.546,449580.3977
2011-13-06 16:00:00,0,1.844,461462.5709
2011-13-06 17:00:00,0,1.588,474259.3201
2011-13-06 18:00:00,0,0.962,482410.1577
2011-13-06 19:00:00,0,0.159,484840.5563
2011-13-06 20:00:00,0,-0.761,483913.4036
2011-13-06 21:00:00,0,-1.658,481327.1741
2011-13-06 22:00:00,0,-1.997,478114.6056
2011-13-06 23:00:00,0,-1.886,474709.9249
2011-14-06 00:00:00,0,-1.395,471222.4839
2011-14-06 01:00:00,0,-0.607,467728.486
2011-14-06 02:00:00,0,0.247,464619.9425
2011-14-06 03:00:00,0,0.966,464019.6019
2011-14-06 04:00:00,0,1.551,468182.5621
2011-14-06 05:00:00,0,1.706,476308.9027
2011-14-06 06:00:00,0,1.186,483603.1097
2011-14-06 07:00:00,0,0.481,485658.4683
2011-14-06 08:00:00,0,-0.407,483665.7786
2011-14-06 09:00:00,0,-1.319,479572.1968
2011-14-06 10:00:00,0,-1.887,474631.418
2011-14-06 11:00:00,0,-1.926,469502.6193
2011-14-06 12:00:00,0,-1.535,464387.2036
2011-14-06 13:00:00,0,-0.803,459343.045
2011-14-06 14:00:00,0,0.15,454616.7608
2011-14-06 15:00:00,0,1.055,452381.0238
2011-14-06 16:00:00,0,1.844,456701.4774
2011-14-06 17:00:00,0,2.12,469007.4026
2011-14-06 18:00:00,0,1.826,481842.6049
2011-14-06 19:00:00,0,1.079,487508.6542
2011-14-06 20:00:00,1.407,0.185,486517.8855
2011-14-06 21:00:00,1.206,-0.825,482001.7017
2011-14-06 22:00:00,0,-1.695,475952.6507
2011-14-06 23:00:00,0,-2.036,469550.2515
2011-15-06 00:00:00,0,-1.783,463228.4706
2011-15-06 01:00:00,0,-1.133,457060.8572
2011-15-06 02:00:00,0,-0.372,451069.2956
2011-15-06 03:00:00,0,0.507,445870.6292
2011-15-06 04:00:00,0,1.397,444869.5045
2011-15-06 05:00:00,0.804,1.915,450745.658
2011-15-06 06:00:00,0,1.972,461353.115
2011-15-06 07:00:00,0,1.383,469123.2361
2011-15-06 08:00:00,0,0.476,469918.2857
2011-15-06 09:00:00,0,-0.341,466105.3565
2011-15-06 10:00:00,0,-1.381,460285.439
2011-15-06 11:00:00,0,-2.005,453664.4087
2011-15-06 12:00:00,0,-1.887,446915.0086
2011-15-06 13:00:00,0,-1.412,440286.6259
2011-15-06 14:00:00,0,-0.534,433856.153
2011-15-06 15:00:00,0,0.477,428114.9467
2011-15-06 16:00:00,0,1.264,426372.29
2011-15-06 17:00:00,0,1.96,431523.3738
2011-15-06 18:00:00,0,2.304,445373.7877
2011-15-06 19:00:00,0,1.833,459371.9115
2011-15-06 20:00:00,0,0.853,463320.076
2011-15-06 21:00:00,0,0,460450.8454
2011-15-06 22:00:00,0,-1.086,454700.8932
2011-15-06 23:00:00,0,-2.066,447610.501
2011-16-06 00:00:00,0,-2.238,440189.9302
2011-16-06 01:00:00,0,-1.803,432844.9266
2011-16-06 02:00:00,0,-1.246,425659.1049
2011-16-06 03:00:00,0,-0.263,418700.4099
2011-16-06 04:00:00,0.201,0.708,412863.0908
2011-16-06 05:00:00,0.201,1.567,412640.3491
2011-16-06 06:00:00,0.402,2.036,420114.936
2011-16-06 07:00:00,0,2.012,432739.0659
2011-16-06 08:00:00,0,1.229,439716.6353
2011-16-06 09:00:00,0.402,0.411,438579.9542
2011-16-06 10:00:00,0,-0.477,433591.9461
2011-16-06 11:00:00,0.201,-1.549,426746.8933
2011-16-06 12:00:00,0.201,-2.054,419241.8703
2011-16-06 13:00:00,0,-1.819,411698.7166
2011-16-06 14:00:00,0,-1.164,404277.1562
2011-16-06 15:00:00,0,-0.259,397200.6777
2011-16-06 16:00:00,0,0.645,391270.8781
2011-16-06 17:00:00,0,1.556,390656.7613
2011-16-06 18:00:00,0,2.235,399679.1413
2011-16-06 19:00:00,0,2.35,416200.7847
2011-16-06 20:00:00,0,1.684,429380.5904
2011-16-06 21:00:00,0,0.679,431015.6397
2011-16-06 22:00:00,0,-0.213,426694.5707
2011-16-06 23:00:00,0,-1.405,419878.5349
2011-17-06 00:00:00,0.201,-2.232,412073.0193
2011-17-06 01:00:00,0.603,-2.273,404149.4409
2011-17-06 02:00:00,1.206,-1.697,396434.0463
2011-17-06 03:00:00,2.211,-1.023,389007.7388
2011-17-06 04:00:00,2.814,-0.015,382093.6666
2011-17-06 05:00:00,1.005,0.878,377157.9751
2011-17-06 06:00:00,0.402,1.675,379064.7669
2011-17-06 07:00:00,0,2.111,389951.5191
2011-17-06 08:00:00,0,1.913,404505.0975
2011-17-06 09:00:00,0.201,1.107,411967.0682
2011-17-06 10:00:00,0,0.171,412607.6515
2011-17-06 11:00:00,0,-0.671,412200.4937
2011-17-06 12:00:00,0,-1.673,413773.7571
2011-17-06 13:00:00,0,-1.933,416968.7566
2011-17-06 14:00:00,0,-1.438,421056.9742
2011-17-06 15:00:00,0,-0.838,425646.1967
2011-17-06 16:00:00,0,0.12,430618.9995
2011-17-06 17:00:00,0,1.088,438043.4208
2011-17-06 18:00:00,0,1.895,452480.7633
2011-17-06 19:00:00,0.201,2.317,475993.766
2011-17-06 20:00:00,0,2.358,503282.3208
2011-17-06 21:00:00,0.804,1.602,524982.9607
2011-17-06 22:00:00,0.201,0.55,535443.4829
2011-17-06 23:00:00,0,-0.376,539884.9561
2011-18-06 00:00:00,0.603,-1.563,541744.7672
2011-18-06 01:00:00,0.603,-2.224,542471.9671
2011-18-06 02:00:00,0.804,-1.985,542864.526
2011-18-06 03:00:00,0.201,-1.462,543153.0883
2011-18-06 04:00:00,0,-0.747,543444.0184
2011-18-06 05:00:00,1.005,0.162,544039.5158
2011-18-06 06:00:00,1.206,1.101,547034.8122
2011-18-06 07:00:00,0,1.765,556090.2601
2011-18-06 08:00:00,0,2.044,570581.4983
2011-18-06 09:00:00,0.603,1.542,585208.8984
2011-18-06 10:00:00,0.201,0.71,593666.1968
2011-18-06 11:00:00,0,-0.107,597022.8225
2011-18-06 12:00:00,0.402,-1.133,598531.5173
2011-18-06 13:00:00,0.603,-1.95,600187.7232
2011-18-06 14:00:00,0.201,-1.915,602757.7564
2011-18-06 15:00:00,0,-1.404,606390.9343
2011-18-06 16:00:00,0.201,-0.747,611131.9113
2011-18-06 17:00:00,0,0.171,617826.1639
2011-18-06 18:00:00,0,0.978,631179.8805
2011-18-06 19:00:00,0,1.747,657226.1282
2011-18-06 20:00:00,0,2.109,700057.0896
2011-18-06 21:00:00,0,1.752,753427.1765
2011-18-06 22:00:00,0,0.926,805558.6675
2011-18-06 23:00:00,0,0.043,851564.5068
2011-19-06 00:00:00,0,-0.961,890952
2011-19-06 01:00:00,0,-2.011,925053.1445
2011-19-06 02:00:00,0,-2.278,954979.7388
2011-19-06 03:00:00,0,-2.023,981765.5713
2011-19-06 04:00:00,0,-1.465,1006177.373
2011-19-06 05:00:00,0.201,-0.601,1028817.453
2011-19-06 06:00:00,0,0.226,1050480.602
2011-19-06 07:00:00,0,1.073,1072972.559
2011-19-06 08:00:00,0,1.568,1098991.31
2011-19-06 09:00:00,0,1.699,1126975.498
2011-19-06 10:00:00,0,1.115,1153459.332
2011-19-06 11:00:00,0,0.333,1175296.773
2011-19-06 12:00:00,0,-0.446,1192803.645
2011-19-06 13:00:00,0,-1.385,1208012.526
2011-19-06 14:00:00,0,-1.857,1221935.55
2011-19-06 15:00:00,0,-1.666,1235109.578
2011-19-06 16:00:00,0,-1.174,1247829.029
2011-19-06 17:00:00,0,-0.4,1260059.265
2011-19-06 18:00:00,0,0.416,1272202.472
2011-19-06 19:00:00,0,1.18,1286351.834
2011-19-06 20:00:00,0,1.77,1304612.142
2011-19-06 21:00:00,0,1.948,1325518.462
2011-19-06 22:00:00,0,1.574,1345575.043
2011-19-06 23:00:00,0,0.696,1361433.834
2011-20-06 00:00:00,0,-0.186,1371964.371
2011-20-06 01:00:00,0,-1.125,1379508.219
2011-20-06 02:00:00,0,-1.942,1385583.646
2011-20-06 03:00:00,0,-2.045,1390920.416
2011-20-06 04:00:00,0,-1.606,1395772.676
2011-20-06 05:00:00,0,-1.057,1400318.045
2011-20-06 06:00:00,0,-0.273,1404625.869
2011-20-06 07:00:00,0,0.503,1409342.023
2011-20-06 08:00:00,0,1.117,1416376.309
2011-20-06 09:00:00,0,1.645,1427020.309
2011-20-06 10:00:00,0,1.527,1439467.82
2011-20-06 11:00:00,0,0.864,1449740.953
2011-20-06 12:00:00,0,0.153,1455866.789
2011-20-06 13:00:00,0,-0.586,1458988.713
2011-20-06 14:00:00,0,-1.288,1460621.201
2011-20-06 15:00:00,0,-1.494,1461497.701
2011-20-06 16:00:00,0,-1.272,1462056.031
2011-20-06 17:00:00,0.201,-0.767,1462383.359
2011-20-06 18:00:00,0.201,0.016,1462737.105
2011-20-06 19:00:00,0,0.659,1464138.418
2011-20-06 20:00:00,0.603,1.349,1468465.85
2011-20-06 21:00:00,0.402,1.784,1476786.557
2011-20-06 22:00:00,0.402,1.815,1486880.23
2011-20-06 23:00:00,0.804,1.254,1495595.963
2011-21-06 00:00:00,0.201,0.505,1500556.693
2011-21-06 01:00:00,2.01,-0.343,1501664.965
2011-21-06 02:00:00,0.603,-1.213,1500844.307
2011-21-06 03:00:00,0.603,-1.679,1499379.953
2011-21-06 04:00:00,0,-1.654,1498001.129
2011-21-06 05:00:00,0,-1.24,1496878.607
2011-21-06 06:00:00,0.201,-0.649,1496053.303
2011-21-06 07:00:00,0.804,0.04,1495774.334
2011-21-06 08:00:00,0,0.666,1496993.879
2011-21-06 09:00:00,1.206,1.251,1501395.32
2011-21-06 10:00:00,0,1.559,1509464.48
2011-21-06 11:00:00,0,1.295,1518482.898
2011-21-06 12:00:00,1.407,0.67,1525684.193
2011-21-06 13:00:00,1.005,-0.014,1530174.266
2011-21-06 14:00:00,0,-0.612,1534083.799
2011-21-06 15:00:00,2.211,-1.171,1538307.668
2011-21-06 16:00:00,0,-1.302,1542969.092
2011-21-06 17:00:00,0.804,-0.993,1549116.793
2011-21-06 18:00:00,1.407,-0.501,1559817.094
2011-21-06 19:00:00,0,0.181,1577643.688
2011-21-06 20:00:00,0,0.741,1601211.637
2011-21-06 21:00:00,0,1.27,1629433.008
2011-21-06 22:00:00,0,1.633,1660968.709
2011-21-06 23:00:00,0,1.429,1692311.354
2011-22-06 00:00:00,0.201,0.886,1720430.48
2011-22-06 01:00:00,0,0.247,1744241.605
2011-22-06 02:00:00,0,-0.474,1764371.789
2011-22-06 03:00:00,0.201,-1.304,1782144.16
2011-22-06 04:00:00,0,-1.532,1798596.914
2011-22-06 05:00:00,0.402,-1.409,1814147.891
2011-22-06 06:00:00,0,-1.028,1828964.125
2011-22-06 07:00:00,0,-0.402,1843044.898
2011-22-06 08:00:00,0,0.046,1856843.121
2011-22-06 09:00:00,0,0.633,1871072.859
2011-22-06 10:00:00,0,1.111,1887194.043
2011-22-06 11:00:00,0.402,1.218,1905298.156
2011-22-06 12:00:00,0.402,0.832,1922641.113
2011-22-06 13:00:00,0,0.292,1936995.961
2011-22-06 14:00:00,0,-0.228,1948557.469
2011-22-06 15:00:00,0,-0.739,1958843.949
2011-22-06 16:00:00,0,-1.201,1968953.336
2011-22-06 17:00:00,0,-1.195,1979351.34
2011-22-06 18:00:00,0.201,-0.93,1990492.16
2011-22-06 19:00:00,0.201,-0.469,2003200.59
2011-22-06 20:00:00,3.618,0.108,2017419.203
2011-22-06 21:00:00,0,0.568,2033098.902
2011-22-06 22:00:00,0,0.953,2051263.59
2011-22-06 23:00:00,0,1.204,2072720.281
2011-23-06 00:00:00,0,0.977,2096109.648
2011-23-06 01:00:00,0,0.504,2120361.875
2011-23-06 02:00:00,0,-0.086,2144559.895
2011-23-06 03:00:00,0,-0.772,2167937.809
2011-23-06 04:00:00,0,-1.307,2189866.367
2011-23-06 05:00:00,0,-1.459,2210340.75
2011-23-06 06:00:00,0,-1.285,2229529.109
2011-23-06 07:00:00,0,-0.93,2247528.973
2011-23-06 08:00:00,0,-0.47,2264490.547
2011-23-06 09:00:00,0,0.006,2280990.469
2011-23-06 10:00:00,0.201,0.505,2297565.223
2011-23-06 11:00:00,0.603,0.857,2314956.141
2011-23-06 12:00:00,0,0.919,2333347.207
2011-23-06 13:00:00,0,0.582,2350984.133
2011-23-06 14:00:00,1.206,0.115,2365946.582
2011-23-06 15:00:00,0,-0.271,2378749.316
2011-23-06 16:00:00,0,-0.818,2389964.281
2011-23-06 17:00:00,0,-1.078,2399920.469
2011-23-06 18:00:00,0,-1.042,2408970.438
2011-23-06 19:00:00,0,-0.842,2417346.746
2011-23-06 20:00:00,0,-0.407,2425256.391
2011-23-06 21:00:00,0,-0.096,2432855.926
2011-23-06 22:00:00,0,0.542,2440479.676
2011-23-06 23:00:00,0,0.843,2449298.004
2011-24-06 00:00:00,0,0.887,2459176.059
2011-24-06 01:00:00,0,0.781,2468778.773
2011-24-06 02:00:00,0,0.336,2476659.367
2011-24-06 03:00:00,0,-0.18,2482097.344
2011-24-06 04:00:00,0,-0.74,2485901.605
2011-24-06 05:00:00,0,-1.153,2488624.359
2011-24-06 06:00:00,0,-1.317,2490723.293
2011-24-06 07:00:00,0,-1.096,2492449.973
2011-24-06 08:00:00,0,-0.77,2493844.613
2011-24-06 09:00:00,0,-0.369,2495038.363
2011-24-06 10:00:00,0.201,-0.022,2496244.484
2011-24-06 11:00:00,1.005,0.518,2497895.238
2011-24-06 12:00:00,2.412,0.841,2500993.625
2011-24-06 13:00:00,1.809,0.787,2505500.023
2011-24-06 14:00:00,1.407,0.561,2509650.281
2011-24-06 15:00:00,2.211,0.292,2512604.563
2011-24-06 16:00:00,3.216,-0.155,2514905.188
2011-24-06 17:00:00,3.216,-0.557,2517658.961
2011-24-06 18:00:00,2.01,-0.647,2524153.156
2011-24-06 19:00:00,0.201,-0.717,2546358.508
2011-24-06 20:00:00,0.804,-0.564,2592006.664
2011-24-06 21:00:00,0.201,-0.111,2651235.398
2011-24-06 22:00:00,0.402,0.24,2716560.289
2011-24-06 23:00:00,0.201,0.568,2783745.086
2011-25-06 00:00:00,0.402,0.923,2851387.781
2011-25-06 01:00:00,0,1.067,2920120.609
2011-25-06 02:00:00,0,0.889,2988109.828
2011-25-06 03:00:00,0.201,0.457,3053951.422
2011-25-06 04:00:00,0,-0.039,3115817.57
2011-25-06 05:00:00,0.804,-0.581,3172671.609
2011-25-06 06:00:00,0.402,-0.856,3225016.547
2011-25-06 07:00:00,1.809,-0.922,3273657.711
2011-25-06 08:00:00,0.804,-0.897,3319864.289
2011-25-06 09:00:00,1.005,-0.581,3365499.625
2011-25-06 10:00:00,1.206,-0.173,3411731.797
2011-25-06 11:00:00,0.603,0.151,3459597.813
2011-25-06 12:00:00,0.603,0.593,3509748.289
2011-25-06 13:00:00,0.201,0.909,3562979.258
2011-25-06 14:00:00,0.201,0.941,3618789.367
2011-25-06 15:00:00,0,0.635,3675021.953
2011-25-06 16:00:00,0,0.266,3730026.875
2011-25-06 17:00:00,0,-0.081,3783701.516
2011-25-06 18:00:00,0,-0.551,3835518.688
2011-25-06 19:00:00,0.402,-0.804,3885184.531
2011-25-06 20:00:00,0.402,-0.888,3932775.469
2011-25-06 21:00:00,0.603,-0.767,3978122.586
2011-25-06 22:00:00,0,-0.399,4020986.703
2011-25-06 23:00:00,0,-0.024,4062107.445
2011-26-06 00:00:00,0,0.418,4102468.336
2011-26-06 01:00:00,0,0.783,4142803.805
2011-26-06 02:00:00,0,0.954,4183597.438
2011-26-06 03:00:00,0,0.806,4223754.313
2011-26-06 04:00:00,0,0.415,4261733.828
2011-26-06 05:00:00,0,-0.022,4296811.375
2011-26-06 06:00:00,0,-0.434,4329543.328
2011-26-06 07:00:00,0,-0.834,4360554.391
2011-26-06 08:00:00,0,-1.012,4390260.5
2011-26-06 09:00:00,0,-0.871,4418835.188
2011-26-06 10:00:00,0,-0.548,4446624.672
2011-26-06 11:00:00,0,-0.238,4473839.719
2011-26-06 12:00:00,0,0.21,4500723.156
2011-26-06 13:00:00,0,0.7,4527974.828
2011-26-06 14:00:00,0,0.976,4556662.453
2011-26-06 15:00:00,0,1.04,4585897.672
2011-26-06 16:00:00,0,0.826,4614350.703
2011-26-06 17:00:00,0,0.298,4640753.203
2011-26-06 18:00:00,0,-0.179,4664303.797
2011-26-06 19:00:00,0,-0.588,4686031.328
2011-26-06 20:00:00,0,-0.909,4706604.797
2011-26-06 21:00:00,0,-1.077,4726299.813
2011-26-06 22:00:00,0,-0.873,4745315.813
2011-26-06 23:00:00,0,-0.58,4763842.781
2011-27-06 00:00:00,0,-0.098,4782163.063
2011-27-06 01:00:00,0,0.446,4800701.406
2011-27-06 02:00:00,0,0.721,4820375.078
2011-27-06 03:00:00,0,0.877,4841141.359
2011-27-06 04:00:00,0,0.786,4861953.875
2011-27-06 05:00:00,0,0.34,4881573.203
2011-27-06 06:00:00,0,-0.035,4899050.719
2011-27-06 07:00:00,0,-0.514,4914967.469
2011-27-06 08:00:00,0,-1.085,4929714.938
2011-27-06 09:00:00,0,-1.158,4943628.578
2011-27-06 10:00:00,0,-0.978,4957075.516
2011-27-06 11:00:00,0,-0.741,4970133.219
2011-27-06 12:00:00,0,-0.301,4982993.563
2011-27-06 13:00:00,0,0.29,4996084.781
2011-27-06 14:00:00,0,0.748,5010303.469
2011-27-06 15:00:00,0,1.107,5026416.141
2011-27-06 16:00:00,0,1.098,5043292.813
2011-27-06 17:00:00,0,0.795,5059434.984
2011-27-06 18:00:00,0,0.288,5073756
2011-27-06 19:00:00,0,-0.216,5085689
2011-27-06 20:00:00,0,-0.79,5095927.359
2011-27-06 21:00:00,0,-1.116,5105018.078
2011-27-06 22:00:00,0,-1.301,5113469.797
2011-27-06 23:00:00,0,-1.044,5121541.406
2011-28-06 00:00:00,0,-0.605,5129287.531
2011-28-06 01:00:00,0,-0.179,5136903.453
2011-28-06 02:00:00,0,0.46,5144808.797
2011-28-06 03:00:00,0,0.877,5154275.563
2011-28-06 04:00:00,0,0.954,5165172.234
2011-28-06 05:00:00,0.201,0.784,5175764.703
2011-28-06 06:00:00,0,0.329,5184826.391
2011-28-06 07:00:00,0,-0.202,5191620.516
2011-28-06 08:00:00,0,-0.735,5196676.313
2011-28-06 09:00:00,0.201,-1.209,5200668.563
2011-28-06 10:00:00,0.402,-1.391,5203884.75
2011-28-06 11:00:00,0,-1.176,5206563.344
2011-28-06 12:00:00,0,-0.756,5208885.578
2011-28-06 13:00:00,0,-0.186,5211048.797
2011-28-06 14:00:00,0,0.406,5213666.891
2011-28-06 15:00:00,0,0.877,5217870.953
2011-28-06 16:00:00,0,1.247,5223981.719
2011-28-06 17:00:00,0,1.146,5230669.063
2011-28-06 18:00:00,0,0.754,5236366.5
2011-28-06 19:00:00,0,0.176,5240132.25
2011-28-06 20:00:00,0,-0.514,5241680.016
2011-28-06 21:00:00,0,-1.137,5241762.594
2011-28-06 22:00:00,0,-1.464,5241094.016
2011-28-06 23:00:00,0.402,-1.596,5239977.547
2011-29-06 00:00:00,0,-1.252,5238518.297
2011-29-06 01:00:00,0,-0.585,5236831.219
2011-29-06 02:00:00,0,0.004,5235306.297
2011-29-06 03:00:00,0.402,0.566,5234599.5
2011-29-06 04:00:00,0.402,0.973,5235810.203
2011-29-06 05:00:00,1.005,1.086,5238432.438
2011-29-06 06:00:00,0,0.904,5241036.203
2011-29-06 07:00:00,0.402,0.268,5242297.625
2011-29-06 08:00:00,0,-0.497,5241108.438
2011-29-06 09:00:00,2.01,-1.12,5238285.828
2011-29-06 10:00:00,0.201,-1.464,5234674.531
2011-29-06 11:00:00,0,-1.582,5230788.328
2011-29-06 12:00:00,0,-1.324,5226766.594
2011-29-06 13:00:00,0,-0.77,5222636.969
2011-29-06 14:00:00,0,-0.05,5218681.313
2011-29-06 15:00:00,0,0.651,5215775.141
2011-29-06 16:00:00,0,1.155,5215461.672
2011-29-06 17:00:00,0,1.374,5217031
2011-29-06 18:00:00,0,1.145,5218943.969
2011-29-06 19:00:00,0,0.661,5219594.828
2011-29-06 20:00:00,0,-0.08,5217984.125
2011-29-06 21:00:00,0,-0.884,5214115.047
2011-29-06 22:00:00,0,-1.606,5208957.141
2011-29-06 23:00:00,0,-1.887,5203214.203
2011-30-06 00:00:00,0,-1.746,5197236.813
2011-30-06 01:00:00,0,-1.264,5191042.922
2011-30-06 02:00:00,0,-0.522,5184722.469
2011-30-06 03:00:00,0,0.158,5178707.672
2011-30-06 04:00:00,0,0.762,5174113.563
2011-30-06 05:00:00,0,1.177,5171953.328
2011-30-06 06:00:00,0,1.294,5171028.672
2011-30-06 07:00:00,0,0.738,5169628.078
2011-30-06 08:00:00,0,0.007,5165896.625
2011-30-06 09:00:00,0,-0.739,5159789.188
2011-30-06 10:00:00,0,-1.48,5152348.141
2011-30-06 11:00:00,0,-1.796,5144307.109
2011-30-06 12:00:00,0,-1.745,5136017.25
2011-30-06 13:00:00,0,-1.364,5127615.547
2011-30-06 14:00:00,0,-0.497,5119200
2011-30-06 15:00:00,0,0.268,5111215.203
2011-30-06 16:00:00,0,0.915,5105127.734
2011-30-06 17:00:00,0,1.43,5101871.5
2011-30-06 18:00:00,0,1.617,5100136.313
2011-30-06 19:00:00,0,1.195,5098245.156
2011-30-06 20:00:00,0,0.435,5094246.75
2011-30-06 21:00:00,0,-0.407,5087283.156
2011-30-06 22:00:00,0,-1.279,5078274.406
2011-30-06 23:00:00,0,-1.977,5068341.953
07/01/2011 00:00,0,-2.11,5058099.281
07/01/2011 01:00,0,-1.789,5047746.844
07/01/2011 02:00,0,-1.138,5037310.625
07/01/2011 03:00,0,-0.306,5026885.281
07/01/2011 04:00,0,0.452,5017138.984
07/01/2011 05:00,0,1.087,5009794.094
07/01/2011 06:00,0,1.512,5005081.625
07/01/2011 07:00,0,1.349,5001272.891
07/01/2011 08:00,0,0.63,4996092.922
07/01/2011 09:00,0,-0.23,4988017.125
07/01/2011 10:00,0,-0.98,4977645.5
07/01/2011 11:00,0,-1.724,4966261.438
07/01/2011 12:00,0,-2.001,4954522.469
07/01/2011 13:00,0,-1.697,4942679.734
07/01/2011 14:00,0,-1.084,4930774.953
07/01/2011 15:00,0,-0.199,4918971.625
07/01/2011 16:00,0,0.635,4908064.172
07/01/2011 17:00,0,1.297,4900184.75
07/01/2011 18:00,0,1.765,4894976.578
07/01/2011 19:00,0,1.702,4890862.5
07/01/2011 20:00,0,1.091,4885699.547
07/01/2011 21:00,0,0.181,4877790.594
07/01/2011 22:00,0,-0.626,4866877.906
07/01/2011 23:00,0,-1.737,4854411.297
07/02/2011 00:00,0,-2.256,4841325.563
07/02/2011 01:00,0,-2.105,4828077.547
07/02/2011 02:00,0,-1.634,4814765.375
07/02/2011 03:00,0,-0.924,4801404.875
07/02/2011 04:00,0,0.057,4788190.75
07/02/2011 05:00,0,0.853,4776458.688
07/02/2011 06:00,0,1.55,4768250.75
07/02/2011 07:00,0,1.776,4762353.063
07/02/2011 08:00,0,1.297,4756481.125
07/02/2011 09:00,0,0.486,4748344.781
07/02/2011 10:00,0,-0.325,4737168.438
07/02/2011 11:00,0.201,-1.218,4723992.344
07/02/2011 12:00,0,-2.043,4709947.266
07/02/2011 13:00,0,-2.05,4695633.172
07/02/2011 14:00,0,-1.501,4681217.578
07/02/2011 15:00,0,-0.716,4666748.156
07/02/2011 16:00,0,0.179,4652523.828
07/02/2011 17:00,0,0.983,4640098.422
07/02/2011 18:00,0,1.715,4631377.219
07/02/2011 19:00,0,2.047,4625221.766
07/02/2011 20:00,0,1.707,4619595.516
07/02/2011 21:00,0,0.906,4611960.609
07/02/2011 22:00,0,-0.011,4601084.875
07/02/2011 23:00,0,-1.077,4587401.047
07/03/2011 00:00,0,-2.053,4572395.234
07/03/2011 01:00,0,-2.382,4556985.313
07/03/2011 02:00,0,-2.028,4541435.82
07/03/2011 03:00,0,-1.441,4525843.352
07/03/2011 04:00,0,-0.588,4510254.547
07/03/2011 05:00,0,0.373,4495095.805
07/03/2011 06:00,0,1.288,4482558.695
07/03/2011 07:00,0,1.829,4473853.195
07/03/2011 08:00,0,1.804,4466711.828
07/03/2011 09:00,0,1.201,4458728.93
07/03/2011 10:00,0,0.242,4447955.172
07/03/2011 11:00,0,-0.626,4434021.242
07/03/2011 12:00,0,-1.585,4418456.617
07/03/2011 13:00,0,-2.154,4402308.797
07/03/2011 14:00,0,-1.906,4386032.953
07/03/2011 15:00,0,-1.293,4369748.711
07/03/2011 16:00,0,-0.41,4353531.602
07/03/2011 17:00,0,0.513,4337950.25
07/03/2011 18:00,0,1.283,4325283.969
07/03/2011 19:00,0,1.92,4316145.648
07/03/2011 20:00,0,2.041,4309037.453
07/03/2011 21:00,0,1.553,4301649.324
07/03/2011 22:00,0,0.582,4291645.895
07/03/2011 23:00,0,-0.321,4278146.973
07/04/2011 00:00,0,-1.486,4262417.16
07/04/2011 01:00,0,-2.348,4245796.34
07/04/2011 02:00,0,-2.396,4228986.891
07/04/2011 03:00,0,-1.897,4212101.73
07/04/2011 04:00,0,-1.265,4195158.645
07/04/2011 05:00,0,-0.334,4178285.156
07/04/2011 06:00,0,0.667,4162216.949
07/04/2011 07:00,0,1.45,4149673.883
07/04/2011 08:00,0,1.928,4140465.313
07/04/2011 09:00,0,1.687,4132379.873
07/04/2011 10:00,0,0.858,4122583.756
07/04/2011 11:00,0,-0.013,4109563.297
07/04/2011 12:00,0,-0.921,4093919
07/04/2011 13:00,0,-1.879,4077036.176
07/04/2011 14:00,0,-2.178,4059756.701
07/04/2011 15:00,0,-1.712,4042429.767
07/04/2011 16:00,0,-1.03,4025127.388
07/04/2011 17:00,0,-0.024,4008003.264
07/04/2011 18:00,0,0.807,3992166.465
07/04/2011 19:00,0,1.615,3980089.743
07/04/2011 20:00,0,2.09,3971266.37
07/04/2011 21:00,0,2.11,3963968.681
07/04/2011 22:00,0,1.449,3955811.609
07/04/2011 23:00,0.201,0.463,3944558.231
07/05/2011 00:00,0,-0.527,3929827.227
07/05/2011 01:00,0,-1.578,3913282.584
07/05/2011 02:00,0.201,-2.196,3896201.438
07/05/2011 03:00,0,-2.128,3878682.503
07/05/2011 04:00,0,-1.603,3861058.243
07/05/2011 05:00,0,-0.77,3843457.557
07/05/2011 06:00,0,0.181,3826172.047
07/05/2011 07:00,0,1.102,3810849.437
07/05/2011 08:00,0.201,1.757,3799746.179
07/05/2011 09:00,0.402,2.11,3791199.795
07/05/2011 10:00,0,1.737,3783234.759
07/05/2011 11:00,0,0.81,3773003.086
07/05/2011 12:00,0,-0.046,3759316.521
07/05/2011 13:00,0,-1.036,3743053.935
07/05/2011 14:00,0.804,-1.846,3725590.2
07/05/2011 15:00,2.01,-1.773,3707793.262
07/05/2011 16:00,1.608,-1.383,3690006.045
07/05/2011 17:00,0,-0.744,3672469.408
07/05/2011 18:00,0,0.204,3655540.564
07/05/2011 19:00,0,1.071,3640743.223
07/05/2011 20:00,0,1.746,3630174.204
07/05/2011 21:00,0,2.152,3622329.361
07/05/2011 22:00,0,1.887,3615367.572
07/05/2011 23:00,0,1.076,3606478.512
07/06/2011 00:00,0,0.212,3594206.898
07/06/2011 01:00,0,-0.755,3578960.741
07/06/2011 02:00,0,-1.772,3562123.355
07/06/2011 03:00,0,-2.184,3544798.858
07/06/2011 04:00,0,-1.948,3527456.826
07/06/2011 05:00,0,-1.463,3510193.533
07/06/2011 06:00,0,-0.533,3493001.447
07/06/2011 07:00,0,0.3,3476222.063
07/06/2011 08:00,0.201,1.082,3461545.62
07/06/2011 09:00,0,1.792,3450851.826
07/06/2011 10:00,0,1.98,3442666.887
07/06/2011 11:00,0,1.43,3434337.521
07/06/2011 12:00,0.402,0.529,3423238.095
07/06/2011 13:00,0.402,-0.286,3408866.865
07/06/2011 14:00,0.201,-1.178,3392464.093
07/06/2011 15:00,0.603,-1.753,3375274.516
07/06/2011 16:00,0.804,-1.739,3357964.642
07/06/2011 17:00,0.804,-1.301,3340728.759
07/06/2011 18:00,3.417,-0.509,3323681.277
07/06/2011 19:00,3.015,0.378,3307288.652
07/06/2011 20:00,0.402,1.085,3293550.53
07/06/2011 21:00,1.206,1.709,3283969.47
07/06/2011 22:00,0,1.935,3277053.741
07/06/2011 23:00,0,1.601,3270971.814
07/07/2011 00:00,0,0.811,3266480.112
07/07/2011 01:00,0,0.023,3264075.939
07/07/2011 02:00,0,-0.978,3261333.719
07/07/2011 03:00,0,-1.869,3257867.558
07/07/2011 04:00,0,-2.097,3253985.542
07/07/2011 05:00,0,-1.787,3249706.25
07/07/2011 06:00,0,-1.207,3245004.272
07/07/2011 07:00,0.201,-0.418,3240036.921
07/07/2011 08:00,2.814,0.332,3235133.359
07/07/2011 09:00,0.804,1.124,3232072.901
07/07/2011 10:00,2.412,1.695,3232985.356
07/07/2011 11:00,1.206,1.777,3236740.958
07/07/2011 12:00,1.608,1.168,3242423.678
07/07/2011 13:00,0.201,0.465,3248472.244
07/07/2011 14:00,1.005,-0.311,3253795.963
07/07/2011 15:00,3.015,-1.093,3258367.68
07/07/2011 16:00,0.402,-1.569,3262838.422
07/07/2011 17:00,0,-1.423,3267904.121
07/07/2011 18:00,0.201,-1.013,3274185.738
07/07/2011 19:00,0.201,-0.327,3281849.797
07/07/2011 20:00,0.402,0.38,3290656.02
07/07/2011 21:00,0.402,1.075,3301589.023
07/07/2011 22:00,0.201,1.639,3315821.555
07/07/2011 23:00,0,1.804,3331697.898
07/08/2011 00:00,0,1.44,3347278.328
07/08/2011 01:00,0,0.727,3360407.336
07/08/2011 02:00,0.201,0.002,3370090.719
07/08/2011 03:00,0.201,-0.906,3376893.836
07/08/2011 04:00,0.402,-1.672,3381921.219
07/08/2011 05:00,0.201,-1.78,3386088.313
07/08/2011 06:00,0.201,-1.494,3389716.273
07/08/2011 07:00,0.402,-1.057,3392828.117
07/08/2011 08:00,0.603,-0.331,3395467.344
07/08/2011 09:00,0.402,0.333,3398313.516
07/08/2011 10:00,0.603,1.083,3402901.352
07/08/2011 11:00,0,1.575,3410830.734
07/08/2011 12:00,0.603,1.535,3420145.844
07/08/2011 13:00,0.603,0.918,3428405.094
07/08/2011 14:00,0.402,0.344,3434136.063
07/08/2011 15:00,0.603,-0.331,3437663.438
07/08/2011 16:00,4.02,-1.157,3440095.094
07/08/2011 17:00,2.412,-1.524,3442531.281
07/08/2011 18:00,1.005,-1.367,3445870.75
07/08/2011 19:00,0.804,-1.043,3451447.109
07/08/2011 20:00,0,-0.473,3460989.594
07/08/2011 21:00,0,0.153,3474341.563
07/08/2011 22:00,0,0.774,3491673
07/08/2011 23:00,0,1.321,3513396.578
07/09/2011 00:00,0,1.426,3537099.281
07/09/2011 01:00,0,1.131,3559786.422
07/09/2011 02:00,0,0.604,3579798
07/09/2011 03:00,0,-0.114,3596250.078
07/09/2011 04:00,0,-0.869,3609410.547
07/09/2011 05:00,0,-1.421,3620477.297
07/09/2011 06:00,0,-1.625,3630307.969
07/09/2011 07:00,0,-1.381,3639170.703
07/09/2011 08:00,0,-1.004,3647133.172
07/09/2011 09:00,0,-0.419,3654330.281
07/09/2011 10:00,0,0.213,3661225.234
07/09/2011 11:00,0,0.962,3668982.75
07/09/2011 12:00,0,1.411,3679499.484
07/09/2011 13:00,0,1.349,3690832.453
07/09/2011 14:00,0,0.907,3700753.984
07/09/2011 15:00,0,0.352,3707970.844
07/09/2011 16:00,0,-0.221,3712270.891
07/09/2011 17:00,0,-0.927,3714506.391
07/09/2011 18:00,0,-1.385,3715467.656
07/09/2011 19:00,0,-1.361,3715673.359
07/09/2011 20:00,0,-1.03,3715319.531
07/09/2011 21:00,0,-0.595,3714525.516
07/09/2011 22:00,0,-0.107,3713493.078
07/09/2011 23:00,0,0.484,3712729.078
07/10/2011 00:00,0,1.024,3713703.297
07/10/2011 01:00,0,1.295,3716819.703
07/10/2011 02:00,0,1.036,3720032.984
07/10/2011 03:00,0,0.522,3721563.328
07/10/2011 04:00,0,-0.086,3720486.859
07/10/2011 05:00,0,-0.724,3717322.875
07/10/2011 06:00,0,-1.271,3712973.375
07/10/2011 07:00,0,-1.524,3708045.688
07/10/2011 08:00,0,-1.458,3702724.594
07/10/2011 09:00,0,-1.067,3697150.344
07/10/2011 10:00,0,-0.547,3691477.438
07/10/2011 11:00,0,0.078,3685870.391
07/10/2011 12:00,0,0.76,3681258.672
07/10/2011 13:00,0,1.182,3679412.516
07/10/2011 14:00,0,1.313,3679135.875
07/10/2011 15:00,0,0.979,3678582.313
07/10/2011 16:00,0,0.42,3676157.328
07/10/2011 17:00,0,-0.156,3671208.266
07/10/2011 18:00,0,-0.771,3664523.578
07/10/2011 19:00,0,-1.315,3656880.578
07/10/2011 20:00,0.201,-1.497,3648803.297
07/10/2011 21:00,0,-1.266,3640488.313
07/10/2011 22:00,0,-0.769,3632046.969
07/10/2011 23:00,0,-0.387,3623656.672
07/11/2011 00:00,0,0.338,3615621.016
07/11/2011 01:00,0,0.866,3609268.188
07/11/2011 02:00,0,1.09,3605307.875
07/11/2011 03:00,0,1.049,3601985.234
07/11/2011 04:00,0,0.648,3598008.875
07/11/2011 05:00,0,0.048,3592123.141
07/11/2011 06:00,0,-0.575,3584280.391
07/11/2011 07:00,0,-1.182,3575378.313
07/11/2011 08:00,0,-1.537,3566054.195
07/11/2011 09:00,0,-1.473,3556487.953
07/11/2011 10:00,0,-1.162,3546775.977
07/11/2011 11:00,0,-0.687,3537050.078
07/11/2011 12:00,0,-0.086,3527501.781
07/11/2011 13:00,0,0.648,3518802.664
07/11/2011 14:00,0,1.255,3512994.727
07/11/2011 15:00,0,1.356,3509543.016
07/11/2011 16:00,0,1.032,3505863.961
07/11/2011 17:00,0,0.564,3500583.625
07/11/2011 18:00,0,-0.036,3493059.984
07/11/2011 19:00,0,-0.758,3483560.539
07/11/2011 20:00,0,-1.509,3472992.031
07/11/2011 21:00,0,-1.702,3462046.086
07/11/2011 22:00,0,-1.438,3450995.984
07/11/2011 23:00,0,-1.058,3439921.172
07/12/2011 00:00,0,-0.61,3428836.102
07/12/2011 01:00,0,0.123,3417923.246
07/12/2011 02:00,0,0.755,3408252.355
07/12/2011 03:00,0,1.168,3401407.398
07/12/2011 04:00,0,1.188,3396145.391
07/12/2011 05:00,0,0.757,3390323.559
07/12/2011 06:00,0,0.213,3382450.707
07/12/2011 07:00,0,-0.488,3372379.191
07/12/2011 08:00,0,-1.189,3360940.715
07/12/2011 09:00,0,-1.598,3348983.469
07/12/2011 10:00,0,-1.638,3336861.254
07/12/2011 11:00,0,-1.296,3324686.393
07/12/2011 12:00,0,-0.699,3312534.594
07/12/2011 13:00,0,-0.055,3300592.547
07/12/2011 14:00,0,0.75,3289641.246
07/12/2011 15:00,0,1.379,3282048.061
07/12/2011 16:00,0,1.523,3276945.855
07/12/2011 17:00,0,1.243,3271821.617
07/12/2011 18:00,0,0.73,3265094.612
07/12/2011 19:00,0,-0.111,3255842.551
07/12/2011 20:00,0,-0.855,3244129.329
07/12/2011 21:00,0,-1.608,3231418.522
07/12/2011 22:00,0,-1.858,3218349.62
07/12/2011 23:00,0,-1.706,3205146.225
2011-13-07 00:00:00,0,-1.199,3191906.761
2011-13-07 01:00:00,0,-0.653,3178730.613
2011-13-07 02:00:00,0,0.145,3165851.508
2011-13-07 03:00:00,0,0.935,3154710.535
2011-13-07 04:00:00,0,1.263,3147121.32
2011-13-07 05:00:00,0,1.313,3140583.48
2011-13-07 06:00:00,0,0.975,3133565.212
2011-13-07 07:00:00,0,0.274,3124620.341
2011-13-07 08:00:00,0,-0.508,3112967.942
2011-13-07 09:00:00,0,-1.289,3099743.405
2011-13-07 10:00:00,0,-1.7,3085942.119
2011-13-07 11:00:00,0,-1.728,3071965.384
2011-13-07 12:00:00,0,-1.386,3057999.158
2011-13-07 13:00:00,0,-0.659,3044051.685
2011-13-07 14:00:00,0,0.108,3030328.196
2011-13-07 15:00:00,0,0.946,3018051.222
2011-13-07 16:00:00,0,1.558,3009828.008
2011-13-07 17:00:00,0,1.743,3004089.118
2011-13-07 18:00:00,0,1.386,2998407.073
2011-13-07 19:00:00,0,0.706,2990657.692
2011-13-07 20:00:00,0,-0.111,2979954.509
2011-13-07 21:00:00,0,-1.013,2966795.159
2011-13-07 22:00:00,0,-1.836,2952604.256
2011-13-07 23:00:00,0,-2.16,2938092.776
2011-14-07 00:00:00,0,-1.823,2923521.688
2011-14-07 01:00:00,0,-1.238,2908944.866
2011-14-07 02:00:00,0,-0.572,2894422.638
2011-14-07 03:00:00,0,0.31,2880279.528
2011-14-07 04:00:00,0,1.076,2868194.477
2011-14-07 05:00:00,0,1.478,2859857.436
2011-14-07 06:00:00,0,1.533,2852985.43
2011-14-07 07:00:00,0,0.998,2845457.37
2011-14-07 08:00:00,0,0.131,2835256.921
2011-14-07 09:00:00,0,-0.657,2822076.028
2011-14-07 10:00:00,0,-1.419,2807556.277
2011-14-07 11:00:00,0,-1.919,2792620.954
2011-14-07 12:00:00,0,-1.885,2777604.392
2011-14-07 13:00:00,0,-1.317,2762587.484
2011-14-07 14:00:00,0,-0.539,2747636.513
2011-14-07 15:00:00,0,0.351,2733139.927
2011-14-07 16:00:00,0.603,1.21,2721015.276
2011-14-07 17:00:00,0.201,1.715,2713184.081
2011-14-07 18:00:00,0,1.884,2707347.615
2011-14-07 19:00:00,0,1.489,2701420.565
2011-14-07 20:00:00,0,0.522,2692839.564
2011-14-07 21:00:00,0,-0.378,2680568.201
2011-14-07 22:00:00,0,-1.284,2666121.399
2011-14-07 23:00:00,0,-2.175,2650988.818
2011-15-07 00:00:00,0,-2.212,2635706.616
2011-15-07 01:00:00,0,-1.839,2620427.872
2011-15-07 02:00:00,0,-1.237,2605181.101
2011-15-07 03:00:00,0,-0.271,2590042.983
2011-15-07 04:00:00,0,0.561,2575649.218
2011-15-07 05:00:00,0,1.3,2564262.079
2011-15-07 06:00:00,0,1.884,2556879.792
2011-15-07 07:00:00,0,1.574,2550914.527
2011-15-07 08:00:00,0,0.874,2542885.762
2011-15-07 09:00:00,0.201,0.168,2531796.215
2011-15-07 10:00:00,0,-0.787,2518023.123
2011-15-07 11:00:00,0,-1.64,2502943.476
2011-15-07 12:00:00,0,-2,2487504.566
2011-15-07 13:00:00,0,-1.678,2472028.102
2011-15-07 14:00:00,0,-1.025,2456584.067
2011-15-07 15:00:00,0,-0.063,2441324.791
2011-15-07 16:00:00,0,0.762,2427186.192
2011-15-07 17:00:00,0,1.654,2417093.93
2011-15-07 18:00:00,0,2.178,2411244.591
2011-15-07 19:00:00,0.201,2.187,2407191.942
2011-15-07 20:00:00,0.603,1.432,2401761.638
2011-15-07 21:00:00,0,0.51,2392428.259
2011-15-07 22:00:00,0.201,-0.404,2379429.307
2011-15-07 23:00:00,0.201,-1.408,2364351.991
2011-16-07 00:00:00,0.201,-2.251,2348658.377
2011-16-07 01:00:00,0.201,-2.07,2332878.005
2011-16-07 02:00:00,0,-1.461,2317180.372
2011-16-07 03:00:00,0.804,-0.705,2301605.681
2011-16-07 04:00:00,0.603,0.125,2286356.362
2011-16-07 05:00:00,0.402,1.049,2272793.315
2011-16-07 06:00:00,0.804,1.742,2264045.948
2011-16-07 07:00:00,2.412,2.005,2258436.279
2011-16-07 08:00:00,0.201,1.67,2253306.146
2011-16-07 09:00:00,0,0.835,2245825.709
2011-16-07 10:00:00,0,-0.046,2234849.881
2011-16-07 11:00:00,0,-1.003,2221209.926
2011-16-07 12:00:00,0.201,-1.783,2206626.434
2011-16-07 13:00:00,2.412,-1.882,2191837.93
2011-16-07 14:00:00,0.201,-1.512,2177091.173
2011-16-07 15:00:00,0,-0.675,2162553.433
2011-16-07 16:00:00,0,0.24,2148589.181
2011-16-07 17:00:00,0,1.031,2136741.784
2011-16-07 18:00:00,0,1.913,2129910.408
2011-16-07 19:00:00,0,2.298,2127219.867
2011-16-07 20:00:00,0,1.994,2125695.659
2011-16-07 21:00:00,0,1.252,2122458.87
2011-16-07 22:00:00,0.201,0.196,2116263.316
2011-16-07 23:00:00,0,-0.836,2107284.054
2011-17-07 00:00:00,0,-1.955,2097568.726
2011-17-07 01:00:00,0,-2.351,2088030.535
2011-17-07 02:00:00,0,-2.139,2078832.815
2011-17-07 03:00:00,0,-1.467,2069947.612
2011-17-07 04:00:00,0,-0.613,2061355.7
2011-17-07 05:00:00,0,0.249,2053345.299
2011-17-07 06:00:00,0,1.052,2047378.927
2011-17-07 07:00:00,0,1.732,2046041.063
2011-17-07 08:00:00,0,1.698,2047127.668
2011-17-07 09:00:00,1.407,1.06,2046920.273
2011-17-07 10:00:00,0.201,0.225,2043485.066
2011-17-07 11:00:00,0.201,-0.654,2036919.744
2011-17-07 12:00:00,0,-1.624,2029068.447
2011-17-07 13:00:00,0,-2.126,2021788.682
2011-17-07 14:00:00,0,-2.003,2016489.152
2011-17-07 15:00:00,0,-1.465,2012479.188
2011-17-07 16:00:00,0,-0.57,2008934.986
2011-17-07 17:00:00,0,0.477,2005904.884
2011-17-07 18:00:00,0,1.185,2005431.916
2011-17-07 19:00:00,0,1.845,2009103.97
2011-17-07 20:00:00,0.402,1.983,2015112.3
2011-17-07 21:00:00,0,1.511,2020370.183
2011-17-07 22:00:00,0,0.609,2022140.255
2011-17-07 23:00:00,0.201,-0.446,2019670.51
2011-18-07 00:00:00,0,-1.408,2014566.629
2011-18-07 01:00:00,0,-2.293,2008556.547
2011-18-07 02:00:00,0,-2.39,2002367.027
2011-18-07 03:00:00,0,-1.948,1996145.517
2011-18-07 04:00:00,0,-1.154,1989871.049
2011-18-07 05:00:00,0,-0.244,1983686.135
2011-18-07 06:00:00,0,0.569,1978320.835
2011-18-07 07:00:00,0,1.303,1975901.187
2011-18-07 08:00:00,0,1.75,1977354.081
2011-18-07 09:00:00,0,1.555,1979876.182
2011-18-07 10:00:00,0,0.83,1980259.411
2011-18-07 11:00:00,0,-0.059,1976987.647
2011-18-07 12:00:00,0,-0.93,1970787.521
2011-18-07 13:00:00,0,-1.731,1963412.482
2011-18-07 14:00:00,0,-1.969,1955581.574
2011-18-07 15:00:00,0.402,-1.629,1947572.634
2011-18-07 16:00:00,0.201,-1.039,1939467.168
2011-18-07 17:00:00,0,-0.091,1931377.622
2011-18-07 18:00:00,0.201,0.758,1924265.348
2011-18-07 19:00:00,0,1.378,1920742.734
2011-18-07 20:00:00,0.201,1.846,1920689.764
2011-18-07 21:00:00,0,1.814,1922018.293
2011-18-07 22:00:00,0,1.123,1921709.044
2011-18-07 23:00:00,0,0.138,1917556.236
2011-19-07 00:00:00,0,-0.734,1909722.709
2011-19-07 01:00:00,0,-1.767,1900419.861
2011-19-07 02:00:00,0,-2.279,1890634.266
2011-19-07 03:00:00,0,-2.036,1880695.174
2011-19-07 04:00:00,0,-1.552,1870692.368
2011-19-07 05:00:00,0,-0.763,1860684.515
2011-19-07 06:00:00,0.201,0.111,1850931.811
2011-19-07 07:00:00,0,0.773,1842567.229
2011-19-07 08:00:00,0,1.399,1837580.501
2011-19-07 09:00:00,0,1.601,1835539.988
2011-19-07 10:00:00,0,1.136,1833307.662
2011-19-07 11:00:00,0,0.355,1828321.761
2011-19-07 12:00:00,0,-0.449,1819987.873
2011-19-07 13:00:00,0,-1.351,1810012.936
2011-19-07 14:00:00,0,-1.855,1799376.872
2011-19-07 15:00:00,0,-1.77,1788577.342
2011-19-07 16:00:00,0,-1.328,1777763.668
2011-19-07 17:00:00,0,-0.684,1767000.823
2011-19-07 18:00:00,0,0.234,1756585.727
2011-19-07 19:00:00,0,0.93,1747930.533
2011-19-07 20:00:00,0,1.531,1743229.164
2011-19-07 21:00:00,0,1.783,1741425.415
2011-19-07 22:00:00,0,1.447,1739790.449
2011-19-07 23:00:00,0,0.656,1735467.34
2011-20-07 00:00:00,0,-0.108,1727383.504
2011-20-07 01:00:00,0,-1.025,1717036.486
2011-20-07 02:00:00,0,-1.874,1705777.835
2011-20-07 03:00:00,0,-2.02,1694234.169
2011-20-07 04:00:00,0,-1.683,1682620.2
2011-20-07 05:00:00,0,-1.084,1671024.83
2011-20-07 06:00:00,0,-0.301,1659574.056
2011-20-07 07:00:00,0,0.328,1648775.775
2011-20-07 08:00:00,0.201,0.975,1639827.905
2011-20-07 09:00:00,0,1.446,1634535.563
2011-20-07 10:00:00,0,1.398,1631043.674
2011-20-07 11:00:00,0,0.718,1626202.805
2011-20-07 12:00:00,0,0.029,1617988.615
2011-20-07 13:00:00,0,-0.645,1607528.917
2011-20-07 14:00:00,0,-1.413,1596102.05
2011-20-07 15:00:00,0,-1.757,1584303.427
2011-20-07 16:00:00,0,-1.549,1572460.799
2011-20-07 17:00:00,0,-1.025,1560646.471
2011-20-07 18:00:00,0,-0.283,1548917.759
2011-20-07 19:00:00,0,0.346,1537830.895
2011-20-07 20:00:00,0,0.976,1528632.047
2011-20-07 21:00:00,0,1.412,1523037.263
2011-20-07 22:00:00,0,1.463,1519394.906
2011-20-07 23:00:00,0,0.986,1515002.221
2011-21-07 00:00:00,0,0.257,1507696.861
2011-21-07 01:00:00,0,-0.49,1497419.479
2011-21-07 02:00:00,0,-1.264,1485802.229
2011-21-07 03:00:00,0,-1.871,1473679.468
2011-21-07 04:00:00,0,-1.788,1461456.03
2011-21-07 05:00:00,0,-1.327,1449261.286
2011-21-07 06:00:00,0,-0.754,1437155.936
2011-21-07 07:00:00,0,-0.139,1425319.733
2011-21-07 08:00:00,0,0.451,1414333.585
2011-21-07 09:00:00,0,0.958,1405305.02
2011-21-07 10:00:00,0,1.277,1399213.216
2011-21-07 11:00:00,0,0.997,1394015.241
2011-21-07 12:00:00,0,0.333,1386725.7
2011-21-07 13:00:00,0,-0.257,1376640.127
2011-21-07 14:00:00,0,-0.818,1365250.651
2011-21-07 15:00:00,0,-1.391,1353264.565
2011-21-07 16:00:00,0,-1.507,1341057.887
2011-21-07 17:00:00,0,-1.238,1328830.094
2011-21-07 18:00:00,0,-0.757,1316678.465
2011-21-07 19:00:00,0,-0.123,1304772.557
2011-21-07 20:00:00,0,0.404,1293710.974
2011-21-07 21:00:00,0,0.882,1284398.903
2011-21-07 22:00:00,0,1.24,1277806.639
2011-21-07 23:00:00,0,1.123,1272654.213
2011-22-07 00:00:00,0,0.594,1266199.787
2011-22-07 01:00:00,0,-0.116,1256770.492
2011-22-07 02:00:00,0,-0.701,1245517.896
2011-22-07 03:00:00,0,-1.352,1233457.842
2011-22-07 04:00:00,0,-1.692,1221085.074
2011-22-07 05:00:00,0,-1.524,1208643.071
2011-22-07 06:00:00,0,-0.997,1196240.394
2011-22-07 07:00:00,0,-0.549,1183984.435
2011-22-07 08:00:00,0,0.003,1172087.704
2011-22-07 09:00:00,0,0.561,1161218.612
2011-22-07 10:00:00,0,0.912,1152402.814
2011-22-07 11:00:00,0,0.99,1145556.983
2011-22-07 12:00:00,0,0.703,1138702.567
2011-22-07 13:00:00,0,0.115,1129747.803
2011-22-07 14:00:00,0,-0.35,1119020.475
2011-22-07 15:00:00,0,-0.858,1107371.24
2011-22-07 16:00:00,0,-1.29,1095264.813
2011-22-07 17:00:00,0,-1.216,1082967.114
2011-22-07 18:00:00,0,-0.903,1070620.837
2011-22-07 19:00:00,0,-0.532,1058390.414
2011-22-07 20:00:00,0,0.026,1046506.274
2011-22-07 21:00:00,0,0.46,1035626.19
2011-22-07 22:00:00,0,0.81,1026372.488
2011-22-07 23:00:00,0,1.066,1019039.451
2011-23-07 00:00:00,0,0.816,1012727.569
2011-23-07 01:00:00,0,0.314,1004381.764
2011-23-07 02:00:00,0,-0.098,994154.7482
2011-23-07 03:00:00,0,-0.71,982851.1419
2011-23-07 04:00:00,0,-1.298,970827.8838
2011-23-07 05:00:00,0,-1.332,958509.5743
2011-23-07 06:00:00,0,-1.071,946166.9062
2011-23-07 07:00:00,0,-0.737,933926.6027
2011-23-07 08:00:00,0,-0.279,921928.5352
2011-23-07 09:00:00,0,0.099,910498.1864
2011-23-07 10:00:00,0,0.559,900100.0756
2011-23-07 11:00:00,0,0.908,891571.161
2011-23-07 12:00:00,0,0.875,884519.4803
2011-23-07 13:00:00,0,0.519,876832.2036
2011-23-07 14:00:00,0,0.076,867477.8834
2011-23-07 15:00:00,0,-0.266,856821.6104
2011-23-07 16:00:00,0,-0.765,845417.046
2011-23-07 17:00:00,0,-1.006,833530.8337
2011-23-07 18:00:00,0,-0.956,821447.9305
2011-23-07 19:00:00,0,-0.773,809412.2833
2011-23-07 20:00:00,0,-0.402,797553.3989
2011-23-07 21:00:00,0,0.032,786142.6223
2011-23-07 22:00:00,0,0.346,775649.9776
2011-23-07 23:00:00,0,0.717,766420.4413
2011-24-07 00:00:00,0,0.82,758767.6683
2011-24-07 01:00:00,0,0.726,751484.7567
2011-24-07 02:00:00,0,0.306,743295.8211
2011-24-07 03:00:00,0,-0.149,733573.5048
2011-24-07 04:00:00,0,-0.676,722764.4906
2011-24-07 05:00:00,0,-0.969,711318.2958
2011-24-07 06:00:00,0,-0.972,699655.1417
2011-24-07 07:00:00,0.201,-0.884,688003.3981
2011-24-07 08:00:00,0,-0.599,676474.2981
2011-24-07 09:00:00,0.402,-0.213,665245.1247
2011-24-07 10:00:00,0,0.14,654668.8209
2011-24-07 11:00:00,0.201,0.6,645241.7583
2011-24-07 12:00:00,0,0.791,637628.9937
2011-24-07 13:00:00,0,0.805,631023.4269
2011-24-07 14:00:00,0,0.516,624056.1026
2011-24-07 15:00:00,0,0.233,615771.3133
2011-24-07 16:00:00,0,-0.135,606468.7573
2011-24-07 17:00:00,0,-0.608,596329.341
2011-24-07 18:00:00,0,-0.851,585615.6309
2011-24-07 19:00:00,0,-0.774,574716.2683
2011-24-07 20:00:00,0,-0.677,563899.2603
2011-24-07 21:00:00,0,-0.399,553284.1864
2011-24-07 22:00:00,0,-0.097,543083.4447
2011-24-07 23:00:00,0,0.276,533618.7608
2011-25-07 00:00:00,0.402,0.581,525415.8159
2011-25-07 01:00:00,0,0.767,518674.2389
2011-25-07 02:00:00,0.402,0.694,512725.5308
2011-25-07 03:00:00,0,0.295,506025.5335
2011-25-07 04:00:00,0,-0.136,497899.819
2011-25-07 05:00:00,0,-0.478,488710.0152
2011-25-07 06:00:00,0,-0.748,479016.4864
2011-25-07 07:00:00,0,-0.907,469120.614
2011-25-07 08:00:00,0,-0.846,459208.9854
2011-25-07 09:00:00,0.402,-0.61,449437.7755
2011-25-07 10:00:00,0.402,-0.302,439986.4255
2011-25-07 11:00:00,0.402,0.065,431135.0603
2011-25-07 12:00:00,0,0.515,423457.2635
2011-25-07 13:00:00,0.201,0.713,417718.7543
2011-25-07 14:00:00,0,0.794,413169.3316
2011-25-07 15:00:00,0,0.633,408755.8909
2011-25-07 16:00:00,0,0.31,403291.2494
2011-25-07 17:00:00,0,-0.146,396551.4139
2011-25-07 18:00:00,0,-0.471,388762.5154
2011-25-07 19:00:00,0,-0.86,380438.2893
2011-25-07 20:00:00,0,-1.028,371905.7119
2011-25-07 21:00:00,0,-0.826,363408.3277
2011-25-07 22:00:00,0,-0.656,355178.7021
2011-25-07 23:00:00,0,-0.41,347343.8338
2011-26-07 00:00:00,0,0.126,340109.3394
2011-26-07 01:00:00,0,0.439,334304.1863
2011-26-07 02:00:00,0,0.614,330170.5636
2011-26-07 03:00:00,0,0.588,326949.8574
2011-26-07 04:00:00,0,0.217,323255.9272
2011-26-07 05:00:00,0,-0.107,318303.1338
2011-26-07 06:00:00,0,-0.451,312571.4728
2011-26-07 07:00:00,0,-0.892,306420.344
2011-26-07 08:00:00,0,-1.11,300110.0704
2011-26-07 09:00:00,0,-0.995,293909.8375
2011-26-07 10:00:00,0,-0.769,288022.9787
2011-26-07 11:00:00,0,-0.47,282580.1956
2011-26-07 12:00:00,0,-0.032,277742.5833
2011-26-07 13:00:00,0,0.436,273945.3906
2011-26-07 14:00:00,0,0.738,272503.5404
2011-26-07 15:00:00,0,0.934,273654.0544
2011-26-07 16:00:00,0,0.672,275086.6953
2011-26-07 17:00:00,0,0.284,273899.7095
2011-26-07 18:00:00,0,-0.097,271127.406
2011-26-07 19:00:00,0,-0.555,267493.5907
2011-26-07 20:00:00,0,-1.049,263454.0249
2011-26-07 21:00:00,0,-1.222,259395.0195
2011-26-07 22:00:00,0,-1.105,255591.8319
2011-26-07 23:00:00,0,-0.849,252163.809
2011-27-07 00:00:00,0,-0.51,249154.3254
2011-27-07 01:00:00,0,0.051,246621.2549
2011-27-07 02:00:00,0,0.438,244826.9719
2011-27-07 03:00:00,0,0.758,244537.5325
2011-27-07 04:00:00,0,0.699,245968.3639
2011-27-07 05:00:00,0,0.434,247308.369
2011-27-07 06:00:00,0,0.02,246589.8808
2011-27-07 07:00:00,0,-0.465,244909.1641
2011-27-07 08:00:00,0,-0.93,242760.6647
2011-27-07 09:00:00,0,-1.207,240520.1203
2011-27-07 10:00:00,0.402,-1.225,238406.466
2011-27-07 11:00:00,0.603,-0.88,236515.0253
2011-27-07 12:00:00,0,-0.487,234895.4379
2011-27-07 13:00:00,0,0.003,233584.3712
2011-27-07 14:00:00,0,0.592,232787.7402
2011-27-07 15:00:00,0.201,0.981,233654.3251
2011-27-07 16:00:00,0,1.063,237171.0369
2011-27-07 17:00:00,0,0.885,241372.0153
2011-27-07 18:00:00,0,0.438,244109.041
2011-27-07 19:00:00,0,-0.163,243311.3107
2011-27-07 20:00:00,0.402,-0.826,241293.1047
2011-27-07 21:00:00,0,-1.328,238851.1216
2011-27-07 22:00:00,0,-1.511,236466.1009
2011-27-07 23:00:00,0.201,-1.407,234340.3884
2011-28-07 00:00:00,0,-1.055,232529.6628
2011-28-07 01:00:00,0,-0.506,231031.533
2011-28-07 02:00:00,0,0.154,229863.3747
2011-28-07 03:00:00,0.402,0.617,229342.4662
2011-28-07 04:00:00,0.402,0.907,230397.5736
2011-28-07 05:00:00,0,0.876,233300.5275
2011-28-07 06:00:00,0,0.516,236149.6983
2011-28-07 07:00:00,0,-0.158,236499.0132
2011-28-07 08:00:00,0,-0.749,235172.2085
2011-28-07 09:00:00,0,-1.255,233377.7121
2011-28-07 10:00:00,0,-1.532,231567.5057
2011-28-07 11:00:00,0,-1.539,229931.3474
2011-28-07 12:00:00,0,-1.194,228542.5896
2011-28-07 13:00:00,0,-0.483,227389.674
2011-28-07 14:00:00,0,0.179,226497.9036
2011-28-07 15:00:00,0,0.707,226233.7611
2011-28-07 16:00:00,0,1.175,228319.2827
2011-28-07 17:00:00,0,1.233,234127.9633
2011-28-07 18:00:00,0,0.916,239864.5777
2011-28-07 19:00:00,0,0.258,242229.2785
2011-28-07 20:00:00,0,-0.449,240637.2483
2011-28-07 21:00:00,0,-1.277,237960.4069
2011-28-07 22:00:00,0,-1.813,235054.9055
2011-28-07 23:00:00,0,-1.91,232363.8887
2011-29-07 00:00:00,0,-1.672,230029.0451
2011-29-07 01:00:00,0,-1.117,228067.4579
2011-29-07 02:00:00,0,-0.388,226460.002
2011-29-07 03:00:00,0,0.379,225264.2656
2011-29-07 04:00:00,0,0.931,225352.2515
2011-29-07 05:00:00,0,1.245,229019.5561
2011-29-07 06:00:00,0,1.101,234971.1892
2011-29-07 07:00:00,0,0.573,239272.6465
2011-29-07 08:00:00,0,-0.237,238505.5936
2011-29-07 09:00:00,0,-0.937,235924.3872
2011-29-07 10:00:00,0,-1.605,232875.6039
2011-29-07 11:00:00,0,-1.865,229954.8577
2011-29-07 12:00:00,0,-1.608,227382.1749
2011-29-07 13:00:00,0,-1.043,225202.6416
2011-29-07 14:00:00,0,-0.275,223407.8749
2011-29-07 15:00:00,0,0.461,222105.0237
2011-29-07 16:00:00,0,1.218,222917.902
2011-29-07 17:00:00,0,1.637,229887.4075
2011-29-07 18:00:00,0,1.587,240686.0805
2011-29-07 19:00:00,0,0.965,249469.9506
2011-29-07 20:00:00,0,0.132,249655.8634
2011-29-07 21:00:00,0,-0.693,246116.7742
2011-29-07 22:00:00,0,-1.591,241498.463
2011-29-07 23:00:00,0,-2.183,236806.0776
2011-30-07 00:00:00,0,-2.091,232521.175
2011-30-07 01:00:00,0,-1.709,228799.0486
2011-30-07 02:00:00,0,-0.848,225645.9893
2011-30-07 03:00:00,0,-0.014,223056.6361
2011-30-07 04:00:00,0,0.8,221472.8919
2011-30-07 05:00:00,0,1.456,224595.6156
2011-30-07 06:00:00,0,1.658,233633.3519
2011-30-07 07:00:00,0,1.223,243505.7211
2011-30-07 08:00:00,0,0.46,246668.2325
2011-30-07 09:00:00,0,-0.305,243919.3293
2011-30-07 10:00:00,0,-1.272,239584.4483
2011-30-07 11:00:00,0,-1.967,234829.8093
2011-30-07 12:00:00,0,-2.018,230355.8967
2011-30-07 13:00:00,0.804,-1.581,226408.27
2011-30-07 14:00:00,0,-0.792,223049.384
2011-30-07 15:00:00,0.402,0.102,220315.5084
2011-30-07 16:00:00,0.402,0.956,218962.9004
2011-30-07 17:00:00,0.603,1.656,223671.5802
2011-30-07 18:00:00,0,2.087,235002.8271
2011-30-07 19:00:00,0,1.801,249609.9664
2011-30-07 20:00:00,0,0.938,259227.5101
2011-30-07 21:00:00,0.402,0.002,257481.9051
2011-30-07 22:00:00,0,-0.941,252518.675
2011-30-07 23:00:00,0,-1.965,246534.15
2011-31-07 00:00:00,0,-2.373,240563.1625
2011-31-07 01:00:00,0,-2.073,235065.3972
2011-31-07 02:00:00,0,-1.434,230206.1235
2011-31-07 03:00:00,0,-0.516,226017.4379
2011-31-07 04:00:00,0,0.483,222678.3375
2011-31-07 05:00:00,0.402,1.375,223197.0674
2011-31-07 06:00:00,0.402,1.966,231669.6631
2011-31-07 07:00:00,0.201,1.925,245283.7919
2011-31-07 08:00:00,0,1.336,257566.4741
2011-31-07 09:00:00,0,0.388,259071.5926
2011-31-07 10:00:00,0,-0.564,254953.1131
2011-31-07 11:00:00,0,-1.6,249146.5259
2011-31-07 12:00:00,0,-2.244,243021.1778
2011-31-07 13:00:00,0,-1.973,237234.9512
2011-31-07 14:00:00,0,-1.389,232044.7412
2011-31-07 15:00:00,0,-0.52,227535.7589
2011-31-07 16:00:00,0,0.5,223927.8414
2011-31-07 17:00:00,0,1.401,224534.2354
2011-31-07 18:00:00,0,2.129,233531.7519
2011-31-07 19:00:00,0,2.285,248689.0009
2011-31-07 20:00:00,0,1.699,264683.1842
2011-31-07 21:00:00,0,0.69,270039.0039
2011-31-07 22:00:00,0,-0.305,266247.4274
2011-31-07 23:00:00,0,-1.441,260034.5185
08/01/2011 00:00,0,-2.529,253129.5877
08/01/2011 01:00,0,-2.572,246462.3736
08/01/2011 02:00,0,-2.069,240349.2522
08/01/2011 03:00,0,-1.295,234883.1995
08/01/2011 04:00,0,-0.246,230129.899
08/01/2011 05:00,0,0.809,226612.9118
08/01/2011 06:00,0,1.728,230185.8832
08/01/2011 07:00,0,2.099,241674.3256
08/01/2011 08:00,0,1.931,256694.883
08/01/2011 09:00,0,1.115,267285.9508
08/01/2011 10:00,0,0.009,265756.5954
08/01/2011 11:00,0,-1.056,260302.6494
08/01/2011 12:00,0,-2.105,253622.3977
08/01/2011 13:00,0,-2.432,246886.8227
08/01/2011 14:00,0,-1.982,240575.2967
08/01/2011 15:00,0,-1.183,234858.8181
08/01/2011 16:00,0,-0.192,229847.8068
08/01/2011 17:00,0,0.851,226157.9248
08/01/2011 18:00,0,1.86,230120.5257
08/01/2011 19:00,0,2.359,242542.0804
08/01/2011 20:00,0,2.213,259302.0418
08/01/2011 21:00,0,1.48,273416.9162
08/01/2011 22:00,0,0.415,274327.2792
08/01/2011 23:00,0,-0.711,269057.9513
08/02/2011 00:00,0,-1.967,261838.3366
08/02/2011 01:00,0,-2.762,254248.6561
08/02/2011 02:00,0,-2.601,247006.5006
08/02/2011 03:00,0,-1.909,240338.5345
08/02/2011 04:00,0,-1.041,234311.7406
08/02/2011 05:00,0,0.064,229046.0864
08/02/2011 06:00,0,1.194,226157.2251
08/02/2011 07:00,0,1.887,232819.595
08/02/2011 08:00,0,2.194,245745.0145
08/02/2011 09:00,0,1.835,260917.5441
08/02/2011 10:00,0,0.7,267582.3464
08/02/2011 11:00,0,-0.323,263427.6089
08/02/2011 12:00,0,-1.378,256741.1082
08/02/2011 13:00,0,-2.44,249364.6349
08/02/2011 14:00,0,-2.462,242205.4784
08/02/2011 15:00,0,-1.811,235593.2388
08/02/2011 16:00,0,-0.947,229640.389
08/02/2011 17:00,0,0.184,224452.7484
08/02/2011 18:00,0,1.189,221873.5923
08/02/2011 19:00,0,1.92,228424.0373
08/02/2011 20:00,0,2.314,241471.5054
08/02/2011 21:00,0,2.177,257730.5518
08/02/2011 22:00,0,1.169,269318.426
08/02/2011 23:00,0,-0.03,266875.3719
08/03/2011 00:00,0,-1.072,260242.2786
08/03/2011 01:00,0,-2.366,252386.4742
08/03/2011 02:00,0,-2.734,244539.3432
08/03/2011 03:00,0,-2.385,237195.8347
08/03/2011 04:00,0,-1.774,230494.9038
08/03/2011 05:00,0,-0.65,224522.8398
08/03/2011 06:00,0,0.434,219476.2929
08/03/2011 07:00,0,1.39,218608.5453
08/03/2011 08:00,0,2.113,226751.188
08/03/2011 09:00,0,2.214,240849.6619
08/03/2011 10:00,0,1.511,254883.9619
08/03/2011 11:00,0,0.481,256621.5482
08/03/2011 12:00,0,-0.535,251443.8854
08/03/2011 13:00,0,-1.68,244322.2879
08/03/2011 14:00,0,-2.351,236814.8006
08/03/2011 15:00,0,-2.181,229679.7766
08/03/2011 16:00,0,-1.431,223181.3846
08/03/2011 17:00,0,-0.528,217456.7368
08/03/2011 18:00,0,0.547,212757.1412
08/03/2011 19:00,0,1.413,212696.183
08/03/2011 20:00,0,2.148,221083.3073
08/03/2011 21:00,0,2.413,235576.4803
08/03/2011 22:00,0,1.952,251889.8564
08/03/2011 23:00,0,0.89,259603.0351
08/04/2011 00:00,0,-0.144,255471.2767
08/04/2011 01:00,0,-1.238,248429.8542
08/04/2011 02:00,0,-2.308,240476.9863
08/04/2011 03:00,0,-2.435,232684.4597
08/04/2011 04:00,0,-1.971,225464.583
08/04/2011 05:00,0,-1.263,218936.7419
08/04/2011 06:00,0,-0.145,213197.0257
08/04/2011 07:00,0,0.717,208813.4502
08/04/2011 08:00,0,1.628,210498.6727
08/04/2011 09:00,0,2.192,220409.3717
08/04/2011 10:00,0,2.094,235004.3905
08/04/2011 11:00,0.201,1.247,246878.2209
08/04/2011 12:00,0,0.22,245583.2553
08/04/2011 13:00,0,-0.698,239657.0759
08/04/2011 14:00,0,-1.72,232344.3223
08/04/2011 15:00,0,-2.184,224928.1416
08/04/2011 16:00,0,-1.863,217994.4492
08/04/2011 17:00,0,-1.293,211798.3357
08/04/2011 18:00,0,-0.351,206443.7458
08/04/2011 19:00,0,0.497,202219.0509
08/04/2011 20:00,0,1.338,201883.2676
08/04/2011 21:00,0,1.907,209373.8086
08/04/2011 22:00,0,2.002,221909.2431
08/04/2011 23:00,0,1.456,234468.7585
08/05/2011 00:00,0,0.469,236228.2091
08/05/2011 01:00,0,-0.411,231456.3804
08/05/2011 02:00,0,-1.428,224914.7323
08/05/2011 03:00,0,-2.262,218036.6327
08/05/2011 04:00,0,-2.145,211563.7352
08/05/2011 05:00,0,-1.684,205833.2059
08/05/2011 06:00,0.402,-0.993,200923.5206
08/05/2011 07:00,0.201,-0.091,196863.4883
08/05/2011 08:00,0.201,0.722,194018.8506
08/05/2011 09:00,0.201,1.52,196010.4322
08/05/2011 10:00,0,1.959,205066.9584
08/05/2011 11:00,0,1.619,217510.7665
08/05/2011 12:00,1.206,0.875,224642.1397
08/05/2011 13:00,0.201,0.078,222112.2359
08/05/2011 14:00,0,-0.82,217051.2862
08/05/2011 15:00,0,-1.687,211135.5517
08/05/2011 16:00,0,-1.89,205374.0159
08/05/2011 17:00,0,-1.511,200257.421
08/05/2011 18:00,0,-0.997,195929.2523
08/05/2011 19:00,0,-0.168,192408.9285
08/05/2011 20:00,0,0.535,189886.8309
08/05/2011 21:00,0,1.202,190232.0439
08/05/2011 22:00,0,1.74,196759.9193
08/05/2011 23:00,0,1.802,207931.7338
08/06/2011 00:00,0,1.146,218319.484
08/06/2011 01:00,0,0.399,218620.0499
08/06/2011 02:00,0,-0.297,214566.6739
08/06/2011 03:00,0,-1.293,209184.9855
08/06/2011 04:00,0,-1.811,203542.8596
08/06/2011 05:00,0,-1.649,198350.2721
08/06/2011 06:00,0,-1.27,193872.7373
08/06/2011 07:00,0,-0.676,190149.7649
08/06/2011 08:00,0,0.028,187185.3491
08/06/2011 09:00,0,0.706,185266.3112
08/06/2011 10:00,0,1.45,187181.8845
08/06/2011 11:00,0,1.735,195372.471
08/06/2011 12:00,0,1.41,205771.9776
08/06/2011 13:00,0,0.749,210762.2943
08/06/2011 14:00,0,0.131,208323.5625
08/06/2011 15:00,3.015,-0.642,203960.9394
08/06/2011 16:00,0.402,-1.297,198912.3873
08/06/2011 17:00,0.804,-1.456,194134.0427
08/06/2011 18:00,0.201,-1.179,190068.1658
08/06/2011 19:00,0,-0.769,186831.0836
08/06/2011 20:00,1.206,-0.112,184400.2435
08/06/2011 21:00,0.402,0.326,182838.9047
08/06/2011 22:00,0,1.049,182861.3291
08/06/2011 23:00,0,1.476,188124.9139
08/07/2011 00:00,0,1.426,197115.7698
08/07/2011 01:00,0.201,0.934,204435.6749
08/07/2011 02:00,0,0.43,204712.0594
08/07/2011 03:00,0,-0.224,202320.1759
08/07/2011 04:00,0,-1.05,198984.1633
08/07/2011 05:00,0,-1.33,195609.2138
08/07/2011 06:00,0,-1.23,192725.4611
08/07/2011 07:00,0,-1.02,190563.9794
08/07/2011 08:00,0.201,-0.569,189125.2107
08/07/2011 09:00,0,0.034,188315.3363
08/07/2011 10:00,0,0.632,188310.9084
08/07/2011 11:00,0,1.248,190999.5581
08/07/2011 12:00,0,1.497,199008.4703
08/07/2011 13:00,0,1.23,208584.3275
08/07/2011 14:00,0,0.737,214252.2388
08/07/2011 15:00,0,0.209,214015.4991
08/07/2011 16:00,0,-0.413,211968.3985
08/07/2011 17:00,5.025,-1.058,209218.2327
08/07/2011 18:00,2.211,-1.182,206515.7431
08/07/2011 19:00,3.216,-1.124,204381.2372
08/07/2011 20:00,1.608,-0.896,203056.6659
08/07/2011 21:00,0.603,-0.377,202579.3719
08/07/2011 22:00,0,0.147,203010.5613
08/07/2011 23:00,0.201,0.656,204688.0016
08/08/2011 00:00,0,1.045,209042.3894
08/08/2011 01:00,0,1.124,216442.525
08/08/2011 02:00,0,0.842,224281.7332
08/08/2011 03:00,0,0.415,229395.8113
08/08/2011 04:00,0,-0.135,231250.1776
08/08/2011 05:00,0,-0.725,231857.5155
08/08/2011 06:00,0,-1.069,231952.2819
08/08/2011 07:00,0,-1.196,231975.4169
08/08/2011 08:00,0,-1.059,232117.5195
08/08/2011 09:00,0,-0.701,232468.9921
08/08/2011 10:00,0,-0.29,232990.4274
08/08/2011 11:00,0,0.264,233737.9967
08/08/2011 12:00,0,0.867,235517.3085
08/08/2011 13:00,0,1.126,240393.0733
08/08/2011 14:00,0,1.066,247144.6481
08/08/2011 15:00,4.02,0.659,253237.986
08/08/2011 16:00,0.201,0.193,255243.7726
08/08/2011 17:00,0.201,-0.385,254986.7012
08/08/2011 18:00,0,-0.958,253739.6549
08/08/2011 19:00,0,-1.313,252121.5798
08/08/2011 20:00,0,-1.33,250491.5847
08/08/2011 21:00,0,-1.218,249015.4412
08/08/2011 22:00,0,-0.78,247759.3663
08/08/2011 23:00,0,-0.402,246796.836
08/09/2011 00:00,0,0.221,246269.3216
08/09/2011 01:00,0,0.65,246845.0636
08/09/2011 02:00,0,0.889,249805.9861
08/09/2011 03:00,0,0.757,254305.5965
08/09/2011 04:00,0,0.37,258145.8366
08/09/2011 05:00,0,-0.094,259020.543
08/09/2011 06:00,0,-0.571,258729.4739
08/09/2011 07:00,0,-1.106,257844.6522
08/09/2011 08:00,0,-1.39,256724.8971
08/09/2011 09:00,0,-1.219,255637.0054
08/09/2011 10:00,0,-0.933,254652.3229
08/09/2011 11:00,0,-0.598,253780.4603
08/09/2011 12:00,0,0.032,253111.9318
08/09/2011 13:00,0,0.653,253074.337
08/09/2011 14:00,0,0.996,255468.9579
08/09/2011 15:00,0,1.168,260374.8469
08/09/2011 16:00,0,0.878,266168.3869
08/09/2011 17:00,0,0.294,269249.938
08/09/2011 18:00,0,-0.19,268311.853
08/09/2011 19:00,0,-0.804,266168.7486
08/09/2011 20:00,0,-1.366,263486.2147
08/09/2011 21:00,0,-1.412,260703.7569
08/09/2011 22:00,0,-1.297,258055.8472
08/09/2011 23:00,0.603,-1.029,255634.2825
08/10/2011 00:00,0,-0.392,253486.4265
08/10/2011 01:00,0,0.227,251761.8271
08/10/2011 02:00,0,0.807,251171.2773
08/10/2011 03:00,0,1.161,253746.7043
08/10/2011 04:00,0,1.209,259072.3966
08/10/2011 05:00,0,0.9,264453.1289
08/10/2011 06:00,0,0.4,266215.0401
08/10/2011 07:00,0.402,-0.201,264424.7983
08/10/2011 08:00,1.206,-0.814,261333.8834
08/10/2011 09:00,0.804,-1.103,257770.6845
08/10/2011 10:00,0.402,-1.066,254307.4564
08/10/2011 11:00,0.603,-0.804,251222.9703
08/10/2011 12:00,0.201,-0.36,248633.4614
08/10/2011 13:00,0.402,0.296,246668.5082
08/10/2011 14:00,0.201,1.01,246483.3593
08/10/2011 15:00,1.407,1.502,251828.4896
08/10/2011 16:00,1.005,1.613,261987.7286
08/10/2011 17:00,2.814,1.287,272224.7484
08/10/2011 18:00,0.201,0.738,276802.4626
08/10/2011 19:00,0,0.127,275773.2431
08/10/2011 20:00,0.804,-0.681,272992.1944
08/10/2011 21:00,1.809,-1.338,271847.4688
08/10/2011 22:00,0.201,-1.558,274361.4381
08/10/2011 23:00,1.005,-1.372,278813.7098
08/11/2011 00:00,0.603,-0.912,284244.05
08/11/2011 01:00,0.804,-0.357,290483.4778
08/11/2011 02:00,0.603,0.352,298584.4569
08/11/2011 03:00,1.005,0.993,311584.8825
08/11/2011 04:00,1.005,1.412,330093.0402
08/11/2011 05:00,0.402,1.35,353408.1438
08/11/2011 06:00,0.201,0.998,378412.0667
08/11/2011 07:00,0,0.295,402028.9816
08/11/2011 08:00,0.201,-0.375,423537.6265
08/11/2011 09:00,0,-1.003,443727.9094
08/11/2011 10:00,0,-1.414,463215.9307
08/11/2011 11:00,0.201,-1.449,482104.8606
08/11/2011 12:00,0,-1.024,499870.9175
08/11/2011 13:00,0,-0.359,516441.0346
08/11/2011 14:00,0,0.3,532268.6913
08/11/2011 15:00,0,1.148,549085.3481
08/11/2011 16:00,0,1.605,569437.6818
08/11/2011 17:00,0,1.672,591597.8346
08/11/2011 18:00,0,1.339,611978.4464
08/11/2011 19:00,0,0.64,627755.9133
08/11/2011 20:00,0,-0.172,638004.338
08/11/2011 21:00,0,-1.071,645225.4534
08/11/2011 22:00,0,-1.758,650860.7225
08/11/2011 23:00,0,-1.921,655611.3303
08/12/2011 00:00,0,-1.61,659920.1287
08/12/2011 01:00,0,-1.061,663799.1431
08/12/2011 02:00,0,-0.329,667253.8872
08/12/2011 03:00,0.201,0.45,671150.2972
08/12/2011 04:00,0,1.156,677577.4786
08/12/2011 05:00,0,1.603,687986.5317
08/12/2011 06:00,0,1.522,700279.9956
08/12/2011 07:00,0,0.918,710226.5632
08/12/2011 08:00,0,0.156,715467.4319
08/12/2011 09:00,0,-0.547,717427.9685
08/12/2011 10:00,0.402,-1.285,717753.8174
08/12/2011 11:00,0,-1.702,717252.9341
08/12/2011 12:00,0.402,-1.555,716499.5769
08/12/2011 13:00,0.201,-0.938,716275.882
08/12/2011 14:00,0.603,-0.143,715536.6339
08/12/2011 15:00,0.201,0.725,715888.2412
08/12/2011 16:00,0.201,1.445,720127.2727
08/12/2011 17:00,0.402,1.898,729297.5226
08/12/2011 18:00,0.201,1.907,741117.377
08/12/2011 19:00,0,1.414,751342.7598
08/12/2011 20:00,0,0.536,757219.3388
08/12/2011 21:00,0.201,-0.403,759193.5786
08/12/2011 22:00,0,-1.371,759907.7504
08/12/2011 23:00,0,-1.919,760389.3195
2011-13-08 00:00:00,0,-1.955,760948.9224
2011-13-08 01:00:00,0,-1.566,761747.5401
2011-13-08 02:00:00,0.402,-0.759,762742.0434
2011-13-08 03:00:00,0.201,0.024,764105.004
2011-13-08 04:00:00,0.201,0.892,767190.7076
2011-13-08 05:00:00,0,1.62,774972.0162
2011-13-08 06:00:00,0.402,1.873,787293.5618
2011-13-08 07:00:00,0,1.548,800071.2108
2011-13-08 08:00:00,0.201,0.818,809733.9636
2011-13-08 09:00:00,0,-0.043,815107.5656
2011-13-08 10:00:00,0,-0.877,818115.4776
2011-13-08 11:00:00,0,-1.69,820158.8184
2011-13-08 12:00:00,0,-1.923,821992.6414
2011-13-08 13:00:00,0.201,-1.481,824057.8562
2011-13-08 14:00:00,0,-0.795,826463.9443
2011-13-08 15:00:00,0,0.101,829389.6929
2011-13-08 16:00:00,0,0.974,834240.2946
2011-13-08 17:00:00,0,1.743,843929.7135
2011-13-08 18:00:00,0,2.121,858461.0971
2011-13-08 19:00:00,0,1.934,874203.8341
2011-13-08 20:00:00,0,1.116,886128.9954
2011-13-08 21:00:00,0,0.167,892172.7338
2011-13-08 22:00:00,0,-0.79,894220.1626
2011-13-08 23:00:00,0,-1.8,894495.3207
2011-14-08 00:00:00,0,-2.22,893948.4198
2011-14-08 01:00:00,0.201,-1.975,893188.4175
2011-14-08 02:00:00,0,-1.411,892330.5885
2011-14-08 03:00:00,0,-0.545,891418.7019
2011-14-08 04:00:00,0,0.379,890750.4435
2011-14-08 05:00:00,0,1.177,892717.9945
2011-14-08 06:00:00,0,1.799,899691.2049
2011-14-08 07:00:00,0,1.869,909815.6654
2011-14-08 08:00:00,0.804,1.267,918443.3194
2011-14-08 09:00:00,0,0.417,922308.7513
2011-14-08 10:00:00,0.402,-0.417,922057.8057
2011-14-08 11:00:00,0.603,-1.426,920000.0247
2011-14-08 12:00:00,0,-2.032,917186.6291
2011-14-08 13:00:00,0,-1.838,914107.8828
2011-14-08 14:00:00,0,-1.329,911096.3347
2011-14-08 15:00:00,0,-0.455,908398.698
2011-14-08 16:00:00,0.201,0.533,906510.1565
2011-14-08 17:00:00,0,1.272,908026.4261
2011-14-08 18:00:00,0,2,914950.6467
2011-14-08 19:00:00,0,2.207,926310.7506
2011-14-08 20:00:00,0,1.678,937078.1217
2011-14-08 21:00:00,0,0.716,942648.8046
2011-14-08 22:00:00,0,-0.252,943083.8812
2011-14-08 23:00:00,0,-1.313,940958.6607
2011-15-08 00:00:00,0.201,-2.15,937844.7764
2011-15-08 01:00:00,0,-2.259,934407.3587
2011-15-08 02:00:00,0.201,-1.837,930759.5466
2011-15-08 03:00:00,0,-1.07,926955.4707
2011-15-08 04:00:00,0,-0.131,923100.1063
2011-15-08 05:00:00,0,0.673,920262.6436
2011-15-08 06:00:00,0,1.425,921148.3853
2011-15-08 07:00:00,0,1.896,926849.7446
2011-15-08 08:00:00,0,1.624,934078.6622
2011-15-08 09:00:00,0,0.922,938195.9516
2011-15-08 10:00:00,0,-0.019,937680.4997
2011-15-08 11:00:00,0,-0.976,934027.6554
2011-15-08 12:00:00,0,-1.882,929078.3074
2011-15-08 13:00:00,0.603,-2.086,923723.2343
2011-15-08 14:00:00,0.804,-1.707,918322.375
2011-15-08 15:00:00,0.201,-1.029,912934.4634
2011-15-08 16:00:00,0.603,-0.002,907662.6477
2011-15-08 17:00:00,2.613,0.9,903964.0191
2011-15-08 18:00:00,1.206,1.647,905306.5225
2011-15-08 19:00:00,0,2.113,911893.6
2011-15-08 20:00:00,0.603,1.997,920988.1812
2011-15-08 21:00:00,1.608,1.317,928760.4186
2011-15-08 22:00:00,0.603,0.348,933463.6001
2011-15-08 23:00:00,0.201,-0.645,935488.6205
2011-16-08 00:00:00,0.201,-1.805,938064.2573
2011-16-08 01:00:00,0,-2.255,945420.5717
2011-16-08 02:00:00,0,-1.893,959202.5103
2011-16-08 03:00:00,0.201,-1.392,976798.3691
2011-16-08 04:00:00,0.201,-0.638,996057.761
2011-16-08 05:00:00,0,0.355,1016296.758
2011-16-08 06:00:00,0,1.219,1039417.794
2011-16-08 07:00:00,0,1.743,1066861.796
2011-16-08 08:00:00,0.201,1.821,1095938.388
2011-16-08 09:00:00,0,1.329,1122853.489
2011-16-08 10:00:00,0,0.419,1144471.422
2011-16-08 11:00:00,0,-0.447,1160479.564
2011-16-08 12:00:00,0,-1.401,1173592.092
2011-16-08 13:00:00,0,-2.17,1185213.761
2011-16-08 14:00:00,0,-2.02,1195793.809
2011-16-08 15:00:00,0,-1.418,1205405.61
2011-16-08 16:00:00,0,-0.641,1214246.402
2011-16-08 17:00:00,0,0.326,1223008.065
2011-16-08 18:00:00,0,1.097,1233445.298
2011-16-08 19:00:00,0,1.745,1247798.654
2011-16-08 20:00:00,0,2.029,1265354.373
2011-16-08 21:00:00,0,1.581,1282349.029
2011-16-08 22:00:00,0,0.666,1294686.615
2011-16-08 23:00:00,0,-0.194,1301679.998
2011-17-08 00:00:00,0,-1.225,1305875.656
2011-17-08 01:00:00,0,-2.188,1308762.828
2011-17-08 02:00:00,0,-2.192,1311018.502
2011-17-08 03:00:00,0,-1.698,1312871.936
2011-17-08 04:00:00,0,-1.155,1314337.225
2011-17-08 05:00:00,0,-0.127,1315593.004
2011-17-08 06:00:00,0,0.624,1317543.294
2011-17-08 07:00:00,0,1.243,1322445.892
2011-17-08 08:00:00,0,1.708,1331108.491
2011-17-08 09:00:00,0,1.656,1341372.167
2011-17-08 10:00:00,0,0.812,1349751.947
2011-17-08 11:00:00,0,-0.025,1353336.601
2011-17-08 12:00:00,0,-0.855,1353803.111
2011-17-08 13:00:00,0,-1.763,1352923.447
2011-17-08 14:00:00,0,-2.026,1351523.178
2011-17-08 15:00:00,0,-1.615,1349981.541
2011-17-08 16:00:00,0,-1.079,1348353.056
2011-17-08 17:00:00,0,-0.183,1346667.902
2011-17-08 18:00:00,0,0.703,1345767.673
2011-17-08 19:00:00,0,1.316,1348299.982
2011-17-08 20:00:00,0,1.742,1354642.896
2011-17-08 21:00:00,0,1.779,1362697.22
2011-17-08 22:00:00,0,1.154,1369223.898
2011-17-08 23:00:00,0,0.182,1371446.233
2011-18-08 00:00:00,0,-0.679,1369800.56
2011-18-08 01:00:00,0,-1.565,1366656.746
2011-18-08 02:00:00,0,-2.171,1362947.326
2011-18-08 03:00:00,0,-1.924,1359015.524
2011-18-08 04:00:00,0,-1.391,1354967.708
2011-18-08 05:00:00,0,-0.643,1350836.674
2011-18-08 06:00:00,0,0.222,1346978.658
2011-18-08 07:00:00,0,0.887,1344893.884
2011-18-08 08:00:00,0,1.364,1346327.543
2011-18-08 09:00:00,0,1.651,1350491.446
2011-18-08 10:00:00,0,1.254,1354815.738
2011-18-08 11:00:00,0,0.336,1355861.971
2011-18-08 12:00:00,0,-0.365,1352929.19
2011-18-08 13:00:00,0,-1.126,1348371.395
2011-18-08 14:00:00,0,-1.768,1343161.228
2011-18-08 15:00:00,0,-1.77,1337750.162
2011-18-08 16:00:00,0,-1.202,1332260.562
2011-18-08 17:00:00,0,-0.634,1326776.439
2011-18-08 18:00:00,0,0.233,1321621.764
2011-18-08 19:00:00,0,0.864,1318228.745
2011-18-08 20:00:00,0,1.387,1318313.342
2011-18-08 21:00:00,0,1.667,1321362.2
2011-18-08 22:00:00,0,1.455,1324922.301
2011-18-08 23:00:00,0,0.618,1325874.403
2011-19-08 00:00:00,0,-0.159,1322570.373
2011-19-08 01:00:00,0,-0.959,1317085.41
2011-19-08 02:00:00,0,-1.726,1310684.654
2011-19-08 03:00:00,0,-1.823,1303954.636
2011-19-08 04:00:00,0,-1.466,1297117.567
2011-19-08 05:00:00,0,-0.969,1290237.858
2011-19-08 06:00:00,0,-0.084,1283441.772
2011-19-08 07:00:00,0,0.596,1277641.654
2011-19-08 08:00:00,0.402,0.962,1274236.831
2011-19-08 09:00:00,0,1.511,1273723.458
2011-19-08 10:00:00,0,1.534,1275557.127
2011-19-08 11:00:00,0.402,0.908,1276219.331
2011-19-08 12:00:00,1.206,0.197,1273282.218
2011-19-08 13:00:00,0.603,-0.347,1267656.287
2011-19-08 14:00:00,0,-1.149,1260907.316
2011-19-08 15:00:00,0,-1.342,1253564.178
2011-19-08 16:00:00,0,-1.076,1246056.241
2011-19-08 17:00:00,0.402,-0.882,1238572.549
2011-19-08 18:00:00,0,-0.079,1231264.51
2011-19-08 19:00:00,0,0.582,1225032.79
2011-19-08 20:00:00,0,0.949,1221156.62
2011-19-08 21:00:00,0,1.458,1220060.986
2011-19-08 22:00:00,0,1.492,1221174.038
2011-19-08 23:00:00,0,0.984,1221376.693
2011-20-08 00:00:00,0,0.368,1218522.286
2011-20-08 01:00:00,0,-0.387,1212884.765
2011-20-08 02:00:00,0,-0.6,1205811.451
2011-20-08 03:00:00,0,-1.149,1198270.71
2011-20-08 04:00:00,0,-1.28,1190461.259
2011-20-08 05:00:00,0,-1.076,1182577.376
2011-20-08 06:00:00,0,-0.882,1174739.13
2011-20-08 07:00:00,0,-0.079,1167054.273
2011-20-08 08:00:00,0,0.582,1160339.149
2011-20-08 09:00:00,0.201,0.949,1155918.711
2011-20-08 10:00:00,0,1.458,1154292.389
2011-20-08 11:00:00,0,1.492,1154912.878
2011-20-08 12:00:00,0,0.984,1154609.847
2011-20-08 13:00:00,0,-0.125,1150682.563
2011-20-08 14:00:00,0,-0.66,1143550.639
2011-20-08 15:00:00,0,-1.124,1135472.907
2011-20-08 16:00:00,0,-1.258,1127077.609
2011-20-08 17:00:00,0,-0.942,1118608.642
2011-20-08 18:00:00,0,-0.449,1110191.265
2011-20-08 19:00:00,0,0.034,1102094.081
2011-20-08 20:00:00,0,0.571,1094952.699
2011-20-08 21:00:00,0,1.017,1089940.967
2011-20-08 22:00:00,0,1.29,1087647.287
2011-20-08 23:00:00,0,1.196,1086347.166
2011-21-08 00:00:00,0,0.675,1083724.473
2011-21-08 01:00:00,0.201,0.152,1078097.723
2011-21-08 02:00:00,0,-0.459,1070670.151
2011-21-08 03:00:00,0,-0.889,1062197.956
2011-21-08 04:00:00,0,-1.164,1053295.371
2011-21-08 05:00:00,0,-1.028,1044237.326
2011-21-08 06:00:00,0.402,-0.614,1035146.043
2011-21-08 07:00:00,0,-0.13,1026240.215
2011-21-08 08:00:00,0,0.247,1018005.165
2011-21-08 09:00:00,0,0.794,1011067.418
2011-21-08 10:00:00,0,1.068,1006602.355
2011-21-08 11:00:00,0,1.052,1003690.118
2011-21-08 12:00:00,0,0.856,1000364.882
2011-21-08 13:00:00,0,0.289,995030.0112
2011-21-08 14:00:00,0,-0.212,987579.1326
2011-21-08 15:00:00,0,-0.664,978976.5906
2011-21-08 16:00:00,0,-0.985,969791.7438
2011-21-08 17:00:00,0,-1.026,960376.8146
2011-21-08 18:00:00,0,-0.785,950941.9815
2011-21-08 19:00:00,0,-0.442,941654.6643
2011-21-08 20:00:00,0,-0.057,932726.7994
2011-21-08 21:00:00,0,0.361,924552.5881
2011-21-08 22:00:00,0,0.671,917709.1805
2011-21-08 23:00:00,0,0.81,912229.6129
2011-22-08 00:00:00,0,0.742,907227.8755
2011-22-08 01:00:00,0,0.367,901425.0834
2011-22-08 02:00:00,0,-0.118,894089.7543
2011-22-08 03:00:00,0,-0.604,885552.3101
2011-22-08 04:00:00,0,-0.967,876315.5082
2011-22-08 05:00:00,0,-1,866755.9546
2011-22-08 06:00:00,0,-0.873,857111.4495
2011-22-08 07:00:00,0,-0.608,847523.7942
2011-22-08 08:00:00,0,-0.239,838153.7971
2011-22-08 09:00:00,0,0.111,829301.2379
2011-22-08 10:00:00,0,0.576,821439.5342
2011-22-08 11:00:00,0,0.793,815259.2671
2011-22-08 12:00:00,0,0.772,810053.1474
2011-22-08 13:00:00,0,0.505,804392.4301
2011-22-08 14:00:00,0,0.148,797433.7998
2011-22-08 15:00:00,0,-0.224,789329.8062
2011-22-08 16:00:00,0,-0.553,780429.4361
2011-22-08 17:00:00,0,-0.879,771066.1452
2011-22-08 18:00:00,0,-0.969,761463.2029
2011-22-08 19:00:00,0,-0.698,751820.2226
2011-22-08 20:00:00,0,-0.482,742342.9385
2011-22-08 21:00:00,0,-0.254,733151.6218
2011-22-08 22:00:00,0,0.207,724437.9096
2011-22-08 23:00:00,0,0.464,716832.1456
2011-23-08 00:00:00,0,0.585,710248.0633
2011-23-08 01:00:00,0,0.566,704112.4576
2011-23-08 02:00:00,0,0.325,697662.1009
2011-23-08 03:00:00,0,-0.127,690193.5879
2011-23-08 04:00:00,0,-0.401,681679.4471
2011-23-08 05:00:00,0,-0.689,672642.4606
2011-23-08 06:00:00,0,-0.75,663330.1803
2011-23-08 07:00:00,0,-0.781,653948.5025
2011-23-08 08:00:00,0,-0.507,644586.905
2011-23-08 09:00:00,0,-0.232,635415.143
2011-23-08 10:00:00,0,0.141,626729.5971
2011-23-08 11:00:00,0,0.468,619048.2523
2011-23-08 12:00:00,0,0.729,612735.8861
2011-23-08 13:00:00,0,0.819,607642.5124
2011-23-08 14:00:00,0,0.64,602686.1834
2011-23-08 15:00:00,0,0.418,596675.7516
2011-23-08 16:00:00,0,0.132,589673.8018
2011-23-08 17:00:00,0,-0.368,581717.7968
2011-23-08 18:00:00,0,-0.632,572911.197
2011-23-08 19:00:00,0,-0.714,563745.7563
2011-23-08 20:00:00,0,-0.712,554514.0539
2011-23-08 21:00:00,0,-0.537,545353.8094
2011-23-08 22:00:00,0.201,-0.316,536423.4097
2011-23-08 23:00:00,2.211,0.03,527928.7044
2011-24-08 00:00:00,0.402,0.498,520424.6182
2011-24-08 01:00:00,0,0.712,514825.9467
2011-24-08 02:00:00,0,0.673,510283.704
2011-24-08 03:00:00,0,0.512,505466.6088
2011-24-08 04:00:00,0,0.126,499773.7715
2011-24-08 05:00:00,0.201,-0.163,492933.613
2011-24-08 06:00:00,0,-0.395,485357.4196
2011-24-08 07:00:00,0,-0.77,477393.2557
2011-24-08 08:00:00,0,-0.841,469148.7395
2011-24-08 09:00:00,0,-0.527,460872.4609
2011-24-08 10:00:00,0.603,-0.421,452863.3163
2011-24-08 11:00:00,0.201,-0.03,445210.5
2011-24-08 12:00:00,0,0.481,438529.7995
2011-24-08 13:00:00,0,0.775,433945.8705
2011-24-08 14:00:00,1.005,0.853,430954.5725
2011-24-08 15:00:00,0,0.927,428509.8241
2011-24-08 16:00:00,0,0.597,425812.0764
2011-24-08 17:00:00,0,0.224,421376.8547
2011-24-08 18:00:00,0,-0.153,415642.7517
2011-24-08 19:00:00,0,-0.629,409022.8319
2011-24-08 20:00:00,0,-0.84,401837.9936
2011-24-08 21:00:00,0,-0.933,394452.9097
2011-24-08 22:00:00,0,-0.793,387089.5306
2011-24-08 23:00:00,0,-0.467,379910.4838
2011-25-08 00:00:00,0,0.066,373176.5512
2011-25-08 01:00:00,0,0.53,367839.734
2011-25-08 02:00:00,0,0.818,364825.8732
2011-25-08 03:00:00,0,0.988,363625.7195
2011-25-08 04:00:00,0.201,0.801,362854.475
2011-25-08 05:00:00,0,0.498,360446.0498
2011-25-08 06:00:00,0,0.115,356406.0906
2011-25-08 07:00:00,0,-0.396,351105.9493
2011-25-08 08:00:00,0,-0.822,344940.4743
2011-25-08 09:00:00,0,-0.839,338428.8673
2011-25-08 10:00:00,0,-0.763,331989.5009
2011-25-08 11:00:00,0,-0.422,325815.6946
2011-25-08 12:00:00,0,-0.02,320187.1289
2011-25-08 13:00:00,0,0.551,315786.4532
2011-25-08 14:00:00,1.407,1.015,314644.3864
2011-25-08 15:00:00,0,1.259,316942.1028
2011-25-08 16:00:00,0,1.15,320430.2886
2011-25-08 17:00:00,0.201,0.895,322055.3666
2011-25-08 18:00:00,0,0.335,320750.8028
2011-25-08 19:00:00,0,-0.297,317027.7232
2011-25-08 20:00:00,0,-0.784,311934.333
2011-25-08 21:00:00,0,-1.259,306319.0007
2011-25-08 22:00:00,0,-1.393,300639.5951
2011-25-08 23:00:00,0,-0.978,295141.6095
2011-26-08 00:00:00,0,-0.58,289987.8812
2011-26-08 01:00:00,0,-0.061,285391.1911
2011-26-08 02:00:00,0,0.667,282111.2359
2011-26-08 03:00:00,0,1.05,283214.9869
2011-26-08 04:00:00,0,1.163,287202.3501
2011-26-08 05:00:00,0,1.035,291161.8622
2011-26-08 06:00:00,0,0.538,292362.5616
2011-26-08 07:00:00,0,-0.066,290363.1372
2011-26-08 08:00:00,0,-0.648,286680.1417
2011-26-08 09:00:00,0,-1.157,282203.6033
2011-26-08 10:00:00,0,-1.286,277519.2069
2011-26-08 11:00:00,0,-1.164,272971.0821
2011-26-08 12:00:00,0,-0.56,268735.7174
2011-26-08 13:00:00,0,0.025,265059.3952
2011-26-08 14:00:00,0,0.677,262712.7308
2011-26-08 15:00:00,0,1.209,265067.643
2011-26-08 16:00:00,0,1.464,271691.8884
2011-26-08 17:00:00,0.201,1.404,280564.416
2011-26-08 18:00:00,0,0.893,286284.7518
2011-26-08 19:00:00,0,0.176,285687.3044
2011-26-08 20:00:00,0,-0.594,282242.4642
2011-26-08 21:00:00,0,-1.331,277514.5961
2011-26-08 22:00:00,0,-1.821,272439.6194
2011-26-08 23:00:00,0,-1.738,267508.254
2011-27-08 00:00:00,0,-1.278,262905.6798
2011-27-08 01:00:00,0,-0.63,258720.5934
2011-27-08 02:00:00,0.201,0.06,255096.3599
2011-27-08 03:00:00,0,0.911,253113.3555
2011-27-08 04:00:00,0,1.423,257206.6721
2011-27-08 05:00:00,0,1.473,265757.3888
2011-27-08 06:00:00,0,1.214,273814.4737
2011-27-08 07:00:00,0,0.451,275974.0752
2011-27-08 08:00:00,0,-0.382,273238.4045
2011-27-08 09:00:00,0,-1.046,268752.6345
2011-27-08 10:00:00,0,-1.678,263734.2584
2011-27-08 11:00:00,0,-1.796,258789.054
2011-27-08 12:00:00,0,-1.393,254195.1035
2011-27-08 13:00:00,0,-0.688,250081.9072
2011-27-08 14:00:00,0,0.125,246585.7707
2011-27-08 15:00:00,0,0.937,244877.3293
2011-27-08 16:00:00,0,1.52,249526.3674
2011-27-08 17:00:00,0,1.77,259946.3253
2011-27-08 18:00:00,0,1.485,271864.8547
2011-27-08 19:00:00,0,0.813,277362.9868
2011-27-08 20:00:00,0,-0.104,275419.8873
2011-27-08 21:00:00,1.005,-1.089,270815.8517
2011-27-08 22:00:00,0,-1.993,265230.1996
2011-27-08 23:00:00,0,-2.272,259595.7862
2011-28-08 00:00:00,0,-2.04,254285.0942
2011-28-08 01:00:00,0.201,-1.424,249472.4683
2011-28-08 02:00:00,0,-0.491,245206.3411
2011-28-08 03:00:00,0,0.373,241691.4012
2011-28-08 04:00:00,0,1.267,241644.4187
2011-28-08 05:00:00,0,1.78,249470.8191
2011-28-08 06:00:00,0,1.745,261944.8435
2011-28-08 07:00:00,0.201,1.128,272025.6842
2011-28-08 08:00:00,0,0.192,272192.2393
2011-28-08 09:00:00,0,-0.705,268090.2089
2011-28-08 10:00:00,0,-1.663,262584.8957
2011-28-08 11:00:00,0,-2.216,256822.8793
2011-28-08 12:00:00,0,-2.092,251355.8417
2011-28-08 13:00:00,0,-1.398,246398.6839
2011-28-08 14:00:00,0,-0.543,242018.5271
2011-28-08 15:00:00,0,0.441,238430.8204
2011-28-08 16:00:00,0,1.349,238917.7034
2011-28-08 17:00:00,0,1.985,247785.0186
2011-28-08 18:00:00,0,2.094,262424.9158
2011-28-08 19:00:00,0,1.581,277115.84
2011-28-08 20:00:00,0,0.549,281122.3453
2011-28-08 21:00:00,0,-0.455,277394.3788
2011-28-08 22:00:00,0,-1.646,271460.3286
2011-28-08 23:00:00,0,-2.536,264846.5022
2011-29-08 00:00:00,0,-2.59,258362.9062
2011-29-08 01:00:00,0,-2.142,252301.4249
2011-29-08 02:00:00,0,-1.307,246728.1046
2011-29-08 03:00:00,0,-0.154,241720.7871
2011-29-08 04:00:00,0,0.823,238023.6364
2011-29-08 05:00:00,0,1.741,241860.4728
2011-29-08 06:00:00,0,2.161,253803.987
2011-29-08 07:00:00,0,1.864,269256.6136
2011-29-08 08:00:00,0,0.948,278197.5473
2011-29-08 09:00:00,0,-0.023,275798.9437
2011-29-08 10:00:00,0,-1.153,270211.8257
2011-29-08 11:00:00,0,-2.257,263479.8252
2011-29-08 12:00:00,0,-2.513,256706.166
2011-29-08 13:00:00,0,-2.121,250326.8349
2011-29-08 14:00:00,0,-1.345,244446.5057
2011-29-08 15:00:00,0,-0.165,239123.2807
2011-29-08 16:00:00,0,0.852,235122.7006
2011-29-08 17:00:00,0,1.763,239041.3109
2011-29-08 18:00:00,0,2.407,251320.7977
2011-29-08 19:00:00,0,2.26,268535.1866
2011-29-08 20:00:00,0,1.4,282408.09
2011-29-08 21:00:00,0,0.298,282473.8671
2011-29-08 22:00:00,0,-0.893,276882.3633
2011-29-08 23:00:00,0,-2.214,269473.9367
2011-30-08 00:00:00,0,-2.858,261759.698
2011-30-08 01:00:00,0,-2.7,254364.518
2011-30-08 02:00:00,0,-2.108,247478.2225
2011-30-08 03:00:00,0,-0.91,241148.6532
2011-30-08 04:00:00,0,0.231,235515.4416
2011-30-08 05:00:00,0,1.283,233231.9239
2011-30-08 06:00:00,0,2.171,241206.7606
2011-30-08 07:00:00,0,2.419,256369.3582
2011-30-08 08:00:00,0,1.801,273002.3519
2011-30-08 09:00:00,0,0.772,278480.559
2011-30-08 10:00:00,0,-0.34,274268.9386
2011-30-08 11:00:00,0,-1.67,267317.9167
2011-30-08 12:00:00,0,-2.611,259553.964
2011-30-08 13:00:00,0,-2.654,251948.274
2011-30-08 14:00:00,0,-1.96,244831.4591
2011-30-08 15:00:00,0,-1.019,238289.1176
2011-30-08 16:00:00,0,0.255,232433.8465
2011-30-08 17:00:00,0,1.293,230022.467
2011-30-08 18:00:00,0,2.158,238047.632
2011-30-08 19:00:00,0,2.625,253345.9276
2011-30-08 20:00:00,0,2.237,271846.6534
2011-30-08 21:00:00,0,1.182,283126.0506
2011-30-08 22:00:00,0,-0.034,280419.1617
2011-30-08 23:00:00,0,-1.301,273515.9037
2011-31-08 00:00:00,0,-2.645,265302.6427
2011-31-08 01:00:00,0,-3.034,257061.9529
2011-31-08 02:00:00,0,-2.539,249241.8316
2011-31-08 03:00:00,0,-1.766,241977.1491
2011-31-08 04:00:00,0,-0.508,235315.1674
2011-31-08 05:00:00,0,0.619,229627.2099
2011-31-08 06:00:00,0,1.751,230912.0439
2011-31-08 07:00:00,0,2.435,242403.5185
2011-31-08 08:00:00,0,2.431,259541.696
2011-31-08 09:00:00,0,1.601,274908.3448
2011-31-08 10:00:00,0,0.406,276146.5308
2011-31-08 11:00:00,0,-0.73,270340.8624
2011-31-08 12:00:00,0,-2.044,262503.812
2011-31-08 13:00:00,0,-2.74,254282.0749
2011-31-08 14:00:00,0,-2.48,246380.1903
2011-31-08 15:00:00,0,-1.683,239020.0199
2011-31-08 16:00:00,0,-0.621,232269.2928
2011-31-08 17:00:00,0,0.602,226436.1878
2011-31-08 18:00:00,0,1.615,226996.734
2011-31-08 19:00:00,0,2.397,237569.6217
2011-31-08 20:00:00,0,2.64,254523.1302
2011-31-08 21:00:00,0,2.02,272528.2931
2011-31-08 22:00:00,0,0.893,279449.0191
2011-31-08 23:00:00,0,-0.316,274980.5248
09/01/2011 00:00,0,-1.589,267335.5189
09/01/2011 01:00,0,-2.682,258795.2105
09/01/2011 02:00,0,-2.821,250393.8548
09/01/2011 03:00,0,-2.129,242462.2109
09/01/2011 04:00,0,-1.26,235070.6338
09/01/2011 05:00,0,-0.043,228303.858
09/01/2011 06:00,0,1.027,223330.9954
09/01/2011 07:00,0,2.017,228563.4636
09/01/2011 08:00,0,2.465,241982.1807
09/01/2011 09:00,0,2.345,259243.6421
09/01/2011 10:00,0,1.343,271862.0479
09/01/2011 11:00,0,0.101,269875.2212
09/01/2011 12:00,0,-0.977,262873.1323
09/01/2011 13:00,0,-2.185,254372.5432
09/01/2011 14:00,0,-2.579,245754.9583
09/01/2011 15:00,0,-2.04,237579.1771
09/01/2011 16:00,0,-1.304,229980.968
09/01/2011 17:00,0,-0.157,223047.7674
09/01/2011 18:00,0,0.855,217615.635
09/01/2011 19:00,0,1.851,220711.6966
09/01/2011 20:00,0,2.489,232782.4274
09/01/2011 21:00,0,2.527,249996.7816
09/01/2011 22:00,0,1.697,265776.0804
09/01/2011 23:00,0,0.622,267556.947
09/02/2011 00:00,0.402,-0.401,261789.8033
09/02/2011 01:00,0.201,-1.684,253677.5633
09/02/2011 02:00,0,-2.489,244948.7592
09/02/2011 03:00,0,-2.277,236476.9697
09/02/2011 04:00,0.201,-1.69,228583.0266
09/02/2011 05:00,0,-0.793,221366.6125
09/02/2011 06:00,0,0.302,214995.9717
09/02/2011 07:00,0,1.222,211763.4355
09/02/2011 08:00,0,2.025,218786.6692
09/02/2011 09:00,0.201,2.424,232435.549
09/02/2011 10:00,0,1.91,248598.9689
09/02/2011 11:00,0,0.932,255346.5252
09/02/2011 12:00,0,-0.026,251256.0186
09/02/2011 13:00,0,-1.036,244226.1576
09/02/2011 14:00,0,-2.109,236197.1377
09/02/2011 15:00,0,-2.254,228235.0032
09/02/2011 16:00,0,-1.636,220799.2113
09/02/2011 17:00,0,-0.854,214028.5091
09/02/2011 18:00,0.201,0.074,208100.0645
09/02/2011 19:00,1.608,0.866,203938.5351
09/02/2011 20:00,2.01,1.757,207316.8822
09/02/2011 21:00,2.412,2.252,218692.8992
09/02/2011 22:00,1.206,2.083,234337.0453
09/02/2011 23:00,0.804,1.347,246654.7852
09/03/2011 00:00,2.814,0.435,246601.594
09/03/2011 01:00,2.01,-0.527,241998.5174
09/03/2011 02:00,0,-1.57,235847.2298
09/03/2011 03:00,0.402,-2.034,229538.2431
09/03/2011 04:00,0.402,-1.765,223742.1959
09/03/2011 05:00,0.201,-1.198,218623.9594
09/03/2011 06:00,0,-0.414,214253.8612
09/03/2011 07:00,0,0.388,211311.8435
09/03/2011 08:00,0,1.206,212895.6105
09/03/2011 09:00,0.201,1.929,224003.3263
09/03/2011 10:00,0,2.091,241705.9907
09/03/2011 11:00,0,1.455,259741.7552
09/03/2011 12:00,0,0.641,267013.1925
09/03/2011 13:00,0,-0.128,268019.4021
09/03/2011 14:00,0,-1.086,266922.739
09/03/2011 15:00,0,-1.869,264938.8252
09/03/2011 16:00,0,-1.825,262836.1893
09/03/2011 17:00,0,-1.224,260894.9249
09/03/2011 18:00,0,-0.651,259260.8049
09/03/2011 19:00,0,0.051,258137.252
09/03/2011 20:00,0,0.763,258480.138
09/03/2011 21:00,0,1.403,264567.1978
09/03/2011 22:00,0,1.838,276789.329
09/03/2011 23:00,0,1.692,292386.6965
09/04/2011 00:00,0,0.92,301890.2272
09/04/2011 01:00,0,0.17,302596.1046
09/04/2011 02:00,0,-0.572,300202.6221
09/04/2011 03:00,0,-1.392,296333.7342
09/04/2011 04:00,0,-1.593,291835.8254
09/04/2011 05:00,0.201,-1.295,287271.3187
09/04/2011 06:00,0,-0.923,282853.3527
09/04/2011 07:00,0,-0.263,278706.8667
09/04/2011 08:00,0,0.361,275357.9396
09/04/2011 09:00,0,1.2,275513.0906
09/04/2011 10:00,1.809,1.721,283401.3381
09/04/2011 11:00,0.804,1.715,296017.925
09/04/2011 12:00,0.804,1.31,305677.7666
09/04/2011 13:00,0,0.694,307852.6346
09/04/2011 14:00,0,0.022,305719.2049
09/04/2011 15:00,0,-0.791,301523.786
09/04/2011 16:00,0,-1.331,296287.635
09/04/2011 17:00,0.201,-1.227,290844.8043
09/04/2011 18:00,0.603,-0.841,285635.5269
09/04/2011 19:00,1.005,-0.536,280886.1542
09/04/2011 20:00,0,0.056,276860.1952
09/04/2011 21:00,0.201,0.482,274289.771
09/04/2011 22:00,0,1.046,274985.1716
09/04/2011 23:00,0,1.386,280927.6343
09/05/2011 00:00,0,1.172,288589.5147
09/05/2011 01:00,0,0.694,291930.7065
09/05/2011 02:00,0,0.172,291362.9958
09/05/2011 03:00,0,-0.514,288868.7063
09/05/2011 04:00,0,-1.16,285264.3142
09/05/2011 05:00,0,-1.276,281308.4449
09/05/2011 06:00,0,-1.087,277412.2799
09/05/2011 07:00,0,-0.951,273693.1318
09/05/2011 08:00,0,-0.424,270290.7458
09/05/2011 09:00,0,0.104,267469.8282
09/05/2011 10:00,0.201,0.668,265989.9088
09/05/2011 11:00,0.603,1.173,268819.0323
09/05/2011 12:00,0,1.204,274839.2196
09/05/2011 13:00,0.402,0.964,280620.4664
09/05/2011 14:00,0.402,0.528,282342.1164
09/05/2011 15:00,1.206,-0.073,281028.4197
09/05/2011 16:00,2.211,-0.694,278113.579
09/05/2011 17:00,1.005,-0.962,274519.4748
09/05/2011 18:00,1.608,-1.047,270971.7345
09/05/2011 19:00,3.216,-0.829,267865.0774
09/05/2011 20:00,0.804,-0.361,265412.5457
09/05/2011 21:00,0.402,-0.069,263912.876
09/05/2011 22:00,0.804,0.477,264377.7867
09/05/2011 23:00,1.407,1.026,274235.1135
09/06/2011 00:00,2.211,1.288,294925.3604
09/06/2011 01:00,0.603,1.168,322379.5522
09/06/2011 02:00,0.402,0.837,356378.9401
09/06/2011 03:00,0,0.421,399467.0823
09/06/2011 04:00,0,0.104,444253.6699
09/06/2011 05:00,0,-0.398,488765.8279
09/06/2011 06:00,0,-0.778,531662.6129
09/06/2011 07:00,0,-0.807,571083.9101
09/06/2011 08:00,0.201,-0.604,606502.6607
09/06/2011 09:00,0.603,-0.278,637957.165
09/06/2011 10:00,0.402,0.145,666326.5756
09/06/2011 11:00,0,0.721,693086.4559
09/06/2011 12:00,0,1.141,720254.2925
09/06/2011 13:00,0.201,1.346,748261.1587
09/06/2011 14:00,0,1.144,775113.8484
09/06/2011 15:00,0,0.808,798268.8858
09/06/2011 16:00,0,0.303,817170.4995
09/06/2011 17:00,0,-0.147,832535.7835
09/06/2011 18:00,0,-0.717,845403.5818
09/06/2011 19:00,0,-1.066,856413.5547
09/06/2011 20:00,0,-1.029,866122.0554
09/06/2011 21:00,0,-0.928,874999.6284
09/06/2011 22:00,0,-0.65,883027.3306
09/06/2011 23:00,0,-0.112,890538.082
09/07/2011 00:00,0.201,0.356,898489.3403
09/07/2011 01:00,0.402,0.747,907532.959
09/07/2011 02:00,0.804,0.936,917753.4609
09/07/2011 03:00,0,0.742,928136.6099
09/07/2011 04:00,0.201,0.425,936861.8999
09/07/2011 05:00,0.201,0.122,943820.5747
09/07/2011 06:00,2.814,-0.4,949576.2241
09/07/2011 07:00,0.402,-0.796,955251.5728
09/07/2011 08:00,0,-0.933,963432.5625
09/07/2011 09:00,0,-0.934,974932.1607
09/07/2011 10:00,0.402,-0.551,988702.979
09/07/2011 11:00,0,-0.159,1003944.131
09/07/2011 12:00,0,0.324,1021744.05
09/07/2011 13:00,0,0.896,1042797.288
09/07/2011 14:00,0.201,1.196,1067043.542
09/07/2011 15:00,0.201,1.135,1091995.211
09/07/2011 16:00,1.206,0.83,1114693.092
09/07/2011 17:00,1.206,0.428,1134165.914
09/07/2011 18:00,2.412,-0.155,1151187.541
09/07/2011 19:00,1.809,-0.785,1167251.991
09/07/2011 20:00,0.804,-1.194,1185502.751
09/07/2011 21:00,0.402,-1.313,1209453.224
09/07/2011 22:00,1.005,-1.106,1239841.855
09/07/2011 23:00,0.201,-0.792,1274692.551
09/08/2011 00:00,0,-0.25,1313690.406
09/08/2011 01:00,0.201,0.365,1356670.011
09/08/2011 02:00,1.407,0.845,1401741.599
09/08/2011 03:00,0.402,1.225,1447923.438
09/08/2011 04:00,0.201,1.144,1493631.504
09/08/2011 05:00,0.402,0.764,1535817.141
09/08/2011 06:00,0.402,0.365,1572967.83
09/08/2011 07:00,0.201,-0.18,1605793.789
09/08/2011 08:00,0,-0.814,1635367.027
09/08/2011 09:00,1.206,-1.035,1662482.771
09/08/2011 10:00,0.201,-1.025,1687908.072
09/08/2011 11:00,0,-0.784,1712338.201
09/08/2011 12:00,0,-0.208,1736093.318
09/08/2011 13:00,0,0.331,1759712.363
09/08/2011 14:00,0,0.904,1784285.828
09/08/2011 15:00,0,1.401,1811431.203
09/08/2011 16:00,0,1.515,1840609.572
09/08/2011 17:00,0,1.059,1868812.5
09/08/2011 18:00,0,0.528,1893932.699
09/08/2011 19:00,0,-0.051,1915563.313
09/08/2011 20:00,0,-0.791,1935073.082
09/08/2011 21:00,0,-1.389,1953059.68
09/08/2011 22:00,0,-1.444,1970061.121
09/08/2011 23:00,0,-1.315,1986265.492
09/09/2011 00:00,2.814,-0.736,2001771.629
09/09/2011 01:00,0,-0.081,2016911.309
09/09/2011 02:00,0.402,0.589,2032834.715
09/09/2011 03:00,0.603,1.092,2051045
09/09/2011 04:00,0.201,1.458,2072351.691
09/09/2011 05:00,0.201,1.337,2094961.074
09/09/2011 06:00,0,0.903,2116508.281
09/09/2011 07:00,0,0.234,2136089.051
09/09/2011 08:00,0,-0.39,2153678.695
09/09/2011 09:00,0,-1.001,2170593.063
09/09/2011 10:00,0,-1.38,2187177.859
09/09/2011 11:00,0,-1.24,2203725.707
09/09/2011 12:00,0,-0.765,2220299.074
09/09/2011 13:00,0,-0.046,2236653.098
09/09/2011 14:00,0,0.511,2253610.254
09/09/2011 15:00,0,1.276,2272361.77
09/09/2011 16:00,0,1.774,2294911.953
09/09/2011 17:00,0,1.72,2318857.207
09/09/2011 18:00,0,1.385,2341242.996
09/09/2011 19:00,0,0.531,2360516.941
09/09/2011 20:00,0,-0.216,2375403.844
09/09/2011 21:00,0,-0.952,2387818.445
09/09/2011 22:00,0,-1.522,2398978.438
09/09/2011 23:00,0,-1.468,2409588.086
09/10/2011 00:00,0,-1.2,2419736.172
09/10/2011 01:00,0,-0.539,2429506.563
09/10/2011 02:00,0,0.233,2439455.141
09/10/2011 03:00,0.201,0.985,2450785.391
09/10/2011 04:00,1.608,1.544,2465790.117
09/10/2011 05:00,0.201,1.919,2483483.109
09/10/2011 06:00,0,1.665,2501781.219
09/10/2011 07:00,0.201,1.014,2517732.188
09/10/2011 08:00,0,0.261,2530424.852
09/10/2011 09:00,0,-0.471,2540320.352
09/10/2011 10:00,0,-1.116,2549211
09/10/2011 11:00,0.201,-1.326,2557654.523
09/10/2011 12:00,0,-0.986,2566114.961
09/10/2011 13:00,0,-0.316,2574949.539
09/10/2011 14:00,0,0.47,2584524.617
09/10/2011 15:00,0,1.248,2596543.961
09/10/2011 16:00,1.206,1.985,2613031.188
09/10/2011 17:00,0,2.349,2632679.969
09/10/2011 18:00,0,2.151,2653091.789
09/10/2011 19:00,0.402,1.516,2671116.227
09/10/2011 20:00,0,0.586,2684892.031
09/10/2011 21:00,0,-0.299,2694383.313
09/10/2011 22:00,0,-1.19,2701376.008
09/10/2011 23:00,0,-1.594,2707287.469
09/11/2011 00:00,0,-1.386,2712850.648
09/11/2011 01:00,0,-1.036,2718239.539
09/11/2011 02:00,0,-0.095,2723644.234
09/11/2011 03:00,0.201,0.663,2729831.281
09/11/2011 04:00,0.201,1.429,2738952.336
09/11/2011 05:00,0,2.115,2752097.867
09/11/2011 06:00,0.603,2.091,2767316.695
09/11/2011 07:00,0.402,1.545,2781213.539
09/11/2011 08:00,0.603,0.996,2792060.453
09/11/2011 09:00,0.402,-0.026,2799612.609
09/11/2011 10:00,0.402,-0.93,2803923.586
09/11/2011 11:00,0.402,-1.411,2807087.914
09/11/2011 12:00,0.603,-1.497,2809961.609
09/11/2011 13:00,0,-0.882,2813150.039
09/11/2011 14:00,0,-0.151,2817205.563
09/11/2011 15:00,0,0.582,2822771.375
09/11/2011 16:00,0.201,1.485,2831975.813
09/11/2011 17:00,0,2.079,2846101.953
09/11/2011 18:00,0,2.14,2862772.445
09/11/2011 19:00,0.201,1.756,2878943.016
09/11/2011 20:00,0.201,0.942,2892153.375
09/11/2011 21:00,1.608,-0.09,2901288.563
09/11/2011 22:00,0,-0.848,2907177.953
09/11/2011 23:00,0.201,-1.573,2911932.859
09/12/2011 00:00,0.402,-1.723,2916386.523
09/12/2011 01:00,0.201,-1.202,2920994.789
09/12/2011 02:00,2.211,-0.473,2926010.852
09/12/2011 03:00,0.804,0.51,2931843.625
09/12/2011 04:00,0.201,1.508,2941305.008
09/12/2011 05:00,0.201,2.299,2956631.469
09/12/2011 06:00,0.201,2.441,2975935.82
09/12/2011 07:00,0,2.374,2996410.766
09/12/2011 08:00,0.201,1.81,3016125.805
09/12/2011 09:00,0,0.761,3033004.711
09/12/2011 10:00,0,-0.227,3046170.609
09/12/2011 11:00,0,-1.239,3056852.531
09/12/2011 12:00,0,-1.761,3066388.523
09/12/2011 13:00,0,-1.287,3075426.633
09/12/2011 14:00,0.201,-0.666,3084077.328
09/12/2011 15:00,0,0.079,3092540.547
09/12/2011 16:00,0,0.954,3101906.508
09/12/2011 17:00,0.201,1.785,3115153.82
09/12/2011 18:00,0,2.25,3131328.5
09/12/2011 19:00,0,2.171,3148038.164
09/12/2011 20:00,0,1.372,3162548.297
09/12/2011 21:00,0,0.439,3172750.539
09/12/2011 22:00,0,-0.46,3178871.906
09/12/2011 23:00,0,-1.468,3182574.539
2011-13-09 00:00:00,0,-2.04,3185304.438
2011-13-09 01:00:00,0,-1.837,3187455.906
2011-13-09 02:00:00,0,-1.214,3189265.375
2011-13-09 03:00:00,0,-0.379,3190841.508
2011-13-09 04:00:00,0,0.511,3192653.156
2011-13-09 05:00:00,0.201,1.372,3197305.063
2011-13-09 06:00:00,0,1.939,3205996.805
2011-13-09 07:00:00,0,2.079,3216408.258
2011-13-09 08:00:00,0.201,1.627,3226364.641
2011-13-09 09:00:00,0.603,0.686,3233301.063
2011-13-09 10:00:00,0.804,-0.28,3236211.992
2011-13-09 11:00:00,0.201,-1.193,3236304.906
2011-13-09 12:00:00,0,-1.884,3235509.586
2011-13-09 13:00:00,0,-1.906,3234597.582
2011-13-09 14:00:00,0,-1.276,3233757.328
2011-13-09 15:00:00,0,-0.459,3232993.59
2011-13-09 16:00:00,0.201,0.503,3232532.875
2011-13-09 17:00:00,0,1.292,3234716.344
2011-13-09 18:00:00,0.201,2.011,3240867.934
2011-13-09 19:00:00,0,2.163,3249266.34
2011-13-09 20:00:00,0,1.741,3257317.484
2011-13-09 21:00:00,0,0.907,3262564.941
2011-13-09 22:00:00,0,-0.11,3264013.906
2011-13-09 23:00:00,0,-1.173,3262281.73
2011-14-09 00:00:00,0,-2.065,3259261.176
2011-14-09 01:00:00,0,-2.236,3255797.977
2011-14-09 02:00:00,0,-1.718,3252176.637
2011-14-09 03:00:00,0,-0.996,3248381.422
2011-14-09 04:00:00,0,-0.113,3244615.035
2011-14-09 05:00:00,0,0.727,3241789.977
2011-14-09 06:00:00,0,1.499,3242585.439
2011-14-09 07:00:00,0,1.831,3246651.184
2011-14-09 08:00:00,0,1.715,3251443.486
2011-14-09 09:00:00,0,0.893,3254473.313
2011-14-09 10:00:00,0,-0.016,3253820.896
2011-14-09 11:00:00,0,-0.918,3250160.289
2011-14-09 12:00:00,0,-1.791,3245289.4
2011-14-09 13:00:00,0,-2.125,3240078.232
2011-14-09 14:00:00,0,-1.785,3234809.363
2011-14-09 15:00:00,0,-1.024,3229526.682
2011-14-09 16:00:00,0,-0.108,3224241.034
2011-14-09 17:00:00,0,0.753,3219837.19
2011-14-09 18:00:00,0,1.499,3219080.457
2011-14-09 19:00:00,0,1.948,3221693.099
2011-14-09 20:00:00,0,1.912,3225640.681
2011-14-09 21:00:00,0,1.279,3228404.721
2011-14-09 22:00:00,0,0.238,3227685.42
2011-14-09 23:00:00,0,-0.782,3223130.754
2011-15-09 00:00:00,0,-1.696,3216730.329
2011-15-09 01:00:00,0,-2.204,3209865.45
2011-15-09 02:00:00,0,-1.955,3202905.648
2011-15-09 03:00:00,0,-1.314,3195916.387
2011-15-09 04:00:00,0,-0.541,3188974.803
2011-15-09 05:00:00,0,0.385,3182593.195
2011-15-09 06:00:00,0,1.14,3178397.579
2011-15-09 07:00:00,0,1.743,3178067.464
2011-15-09 08:00:00,0,1.876,3179740.512
2011-15-09 09:00:00,0,1.398,3180980.019
2011-15-09 10:00:00,0.201,0.494,3179432.16
2011-15-09 11:00:00,0,-0.369,3174307.733
2011-15-09 12:00:00,0,-1.255,3166942.524
2011-15-09 13:00:00,0,-1.993,3158771.847
2011-15-09 14:00:00,0,-1.904,3150384.922
2011-15-09 15:00:00,0,-1.3,3141979.711
2011-15-09 16:00:00,0,-0.594,3133588.154
2011-15-09 17:00:00,0,0.344,3125538.245
2011-15-09 18:00:00,0,1.078,3119611.973
2011-15-09 19:00:00,0,1.676,3117509.279
2011-15-09 20:00:00,0,1.957,3117686.245
2011-15-09 21:00:00,0,1.64,3118201.712
2011-15-09 22:00:00,0,0.789,3116421.024
2011-15-09 23:00:00,0,-0.113,3111068.644
2011-16-09 00:00:00,0,-0.98,3102966.434
2011-16-09 01:00:00,0,-1.85,3093808.055
2011-16-09 02:00:00,0,-1.83,3084389.772
2011-16-09 03:00:00,0,-1.303,3074913.911
2011-16-09 04:00:00,0,-0.721,3065380.27
2011-16-09 05:00:00,0.402,0.204,3056024.408
2011-16-09 06:00:00,0.402,0.955,3048344.8
2011-16-09 07:00:00,1.005,1.577,3044567.143
2011-16-09 08:00:00,0.201,1.969,3043504.63
2011-16-09 09:00:00,0,1.733,3043362.03
2011-16-09 10:00:00,0,1.025,3041439.906
2011-16-09 11:00:00,0,0.242,3036389.983
2011-16-09 12:00:00,0.603,-0.561,3028451.786
2011-16-09 13:00:00,0,-1.302,3018949.189
2011-16-09 14:00:00,1.206,-1.675,3008944.33
2011-16-09 15:00:00,0.402,-1.361,2998788.952
2011-16-09 16:00:00,0,-0.772,2988697.856
2011-16-09 17:00:00,0.603,0.004,2979026.522
2011-16-09 18:00:00,0,0.703,2970730.503
2011-16-09 19:00:00,0,1.382,2965849.393
2011-16-09 20:00:00,1.005,1.775,2964233.234
2011-16-09 21:00:00,1.005,1.812,2964025.337
2011-16-09 22:00:00,0.201,1.188,2963153.679
2011-16-09 23:00:00,1.407,0.322,2959576.952
2011-17-09 00:00:00,0.603,-0.411,2953091.327
2011-17-09 01:00:00,0.201,-1.226,2945372.373
2011-17-09 02:00:00,5.427,-1.768,2938615.063
2011-17-09 03:00:00,4.422,-1.436,2934075.052
2011-17-09 04:00:00,0.201,-0.893,2931636.419
2011-17-09 05:00:00,0,-0.283,2931144.459
2011-17-09 06:00:00,0.201,0.275,2932633.495
2011-17-09 07:00:00,0,1.087,2937351.221
2011-17-09 08:00:00,0.402,1.654,2947160.959
2011-17-09 09:00:00,0,1.603,2962144.889
2011-17-09 10:00:00,0.804,1.229,2985830.254
2011-17-09 11:00:00,0,0.41,3016205.241
2011-17-09 12:00:00,0.603,-0.363,3046942.282
2011-17-09 13:00:00,1.005,-0.963,3076254.414
2011-17-09 14:00:00,0.402,-1.513,3104518.824
2011-17-09 15:00:00,0,-1.568,3132118.707
2011-17-09 16:00:00,0,-1.137,3158551.695
2011-17-09 17:00:00,0,-0.558,3183474.367
2011-17-09 18:00:00,0,0.22,3206938.816
2011-17-09 19:00:00,0.201,0.812,3230371.605
2011-17-09 20:00:00,0,1.227,3255181.984
2011-17-09 21:00:00,0.804,1.482,3280393.375
2011-17-09 22:00:00,0,1.227,3304544.172
2011-17-09 23:00:00,1.005,0.549,3325894.422
2011-18-09 00:00:00,1.206,-0.149,3343967.234
2011-18-09 01:00:00,2.412,-0.875,3360013.734
2011-18-09 02:00:00,0.402,-1.586,3375327.641
2011-18-09 03:00:00,1.608,-1.713,3390987.609
2011-18-09 04:00:00,0.201,-1.301,3407810.156
2011-18-09 05:00:00,0,-0.797,3426180.313
2011-18-09 06:00:00,0,-0.18,3447102.125
2011-18-09 07:00:00,0,0.443,3472157.875
2011-18-09 08:00:00,0,0.928,3502125.227
2011-18-09 09:00:00,0,1.216,3535649.57
2011-18-09 10:00:00,0,1.171,3569739.68
2011-18-09 11:00:00,0,0.549,3601783.594
2011-18-09 12:00:00,0,-0.035,3629799.875
2011-18-09 13:00:00,0,-0.614,3654301.047
2011-18-09 14:00:00,0,-1.27,3676706.156
2011-18-09 15:00:00,0,-1.584,3697716.047
2011-18-09 16:00:00,0.201,-1.477,3717451.641
2011-18-09 17:00:00,0,-1.061,3735915.953
2011-18-09 18:00:00,0,-0.384,3753573.641
2011-18-09 19:00:00,0,0.068,3770924.078
2011-18-09 20:00:00,0,0.608,3788490
2011-18-09 21:00:00,0,0.976,3807683.016
2011-18-09 22:00:00,0,1.014,3827749.422
2011-18-09 23:00:00,0,0.727,3846975.234
2011-19-09 00:00:00,0,0.176,3864247.359
2011-19-09 01:00:00,0,-0.538,3878903.859
2011-19-09 02:00:00,1.206,-1.018,3891628.109
2011-19-09 03:00:00,0.603,-1.286,3903470.5
2011-19-09 04:00:00,0.402,-1.295,3914806.328
2011-19-09 05:00:00,1.005,-0.906,3925920.969
2011-19-09 06:00:00,1.206,-0.338,3936894.203
2011-19-09 07:00:00,0.603,0.108,3948366.188
2011-19-09 08:00:00,0.402,0.654,3961124.078
2011-19-09 09:00:00,0,1.036,3976383.75
2011-19-09 10:00:00,0.201,1.183,3993988.656
2011-19-09 11:00:00,0.201,0.905,4012434.328
2011-19-09 12:00:00,0.402,0.518,4030155.219
2011-19-09 13:00:00,0.402,-0.079,4046503.297
2011-19-09 14:00:00,0.402,-0.681,4061695.766
2011-19-09 15:00:00,0.402,-0.987,4076363.609
2011-19-09 16:00:00,0.402,-1.128,4090832.719
2011-19-09 17:00:00,0.402,-0.89,4105356.063
2011-19-09 18:00:00,0.402,-0.498,4120557.938
2011-19-09 19:00:00,0,-0.163,4136952.531
2011-19-09 20:00:00,0.402,0.15,4155168.391
2011-19-09 21:00:00,0,0.728,4175799.734
2011-19-09 22:00:00,0,0.995,4200459.547
2011-19-09 23:00:00,0,0.874,4227228.938
2011-20-09 00:00:00,0,0.583,4253855.688
2011-20-09 01:00:00,0,0.125,4279019.469
2011-20-09 02:00:00,0,-0.383,4302283.828
2011-20-09 03:00:00,0,-0.79,4323823.828
2011-20-09 04:00:00,0.201,-0.956,4343853.422
2011-20-09 05:00:00,0,-0.909,4362876.578
2011-20-09 06:00:00,0,-0.605,4380968.422
2011-20-09 07:00:00,0,-0.152,4398246.281
2011-20-09 08:00:00,0,0.14,4415294.578
2011-20-09 09:00:00,0,0.59,4432570.094
2011-20-09 10:00:00,0.402,0.916,4450886.188
2011-20-09 11:00:00,0,1.047,4469881.172
2011-20-09 12:00:00,1.005,0.815,4488469.188
2011-20-09 13:00:00,0,0.447,4505395.828
2011-20-09 14:00:00,0,-0.006,4520202.891
2011-20-09 15:00:00,0,-0.462,4533073.406
2011-20-09 16:00:00,0,-0.796,4544660.703
2011-20-09 17:00:00,0,-0.88,4555369.547
2011-20-09 18:00:00,0,-0.731,4565627.297
2011-20-09 19:00:00,0,-0.535,4575618.578
2011-20-09 20:00:00,0,-0.184,4585440.219
2011-20-09 21:00:00,0,0.164,4595418.391
2011-20-09 22:00:00,0,0.577,4605948.844
2011-20-09 23:00:00,0,0.882,4617681.781
2011-21-09 00:00:00,0,0.84,4629948.953
2011-21-09 01:00:00,0,0.634,4641505.078
2011-21-09 02:00:00,0,0.293,4651671.891
2011-21-09 03:00:00,0,-0.096,4660211.813
2011-21-09 04:00:00,0,-0.398,4667273.266
2011-21-09 05:00:00,0,-0.491,4673392.625
2011-21-09 06:00:00,2.412,-0.566,4679073.484
2011-21-09 07:00:00,2.613,-0.335,4684294.406
2011-21-09 08:00:00,0.201,0.019,4689555.531
2011-21-09 09:00:00,0,0.31,4695650.859
2011-21-09 10:00:00,0,0.748,4703216.469
2011-21-09 11:00:00,1.608,1.042,4713443.438
2011-21-09 12:00:00,0,1.043,4726105.5
2011-21-09 13:00:00,0,0.792,4739259.469
2011-21-09 14:00:00,0.201,0.563,4751648.906
2011-21-09 15:00:00,0,0.203,4763346.781
2011-21-09 16:00:00,0,-0.236,4775261.969
2011-21-09 17:00:00,0,-0.58,4788959.359
2011-21-09 18:00:00,0,-0.703,4804000.906
2011-21-09 19:00:00,0,-0.82,4819376.609
2011-21-09 20:00:00,0,-0.664,4834527.641
2011-21-09 21:00:00,0,-0.364,4849191.094
2011-21-09 22:00:00,0,-0.053,4863356.922
2011-21-09 23:00:00,0.201,0.366,4877346.391
2011-22-09 00:00:00,0,0.691,4891669.203
2011-22-09 01:00:00,0,0.698,4906339.031
2011-22-09 02:00:00,0,0.578,4920385.828
2011-22-09 03:00:00,0,0.287,4933027.828
2011-22-09 04:00:00,0,-0.002,4943859.031
2011-22-09 05:00:00,0,-0.36,4953123.75
2011-22-09 06:00:00,0,-0.7,4961070.969
2011-22-09 07:00:00,0,-0.806,4968134.578
2011-22-09 08:00:00,0,-0.669,4974715
2011-22-09 09:00:00,0,-0.42,4980987.625
2011-22-09 10:00:00,0.201,-0.183,4987197.313
2011-22-09 11:00:00,0.402,0.291,4993590.938
2011-22-09 12:00:00,0,0.65,5001028.25
2011-22-09 13:00:00,0,0.829,5009912.516
2011-22-09 14:00:00,0,0.863,5019319.344
2011-22-09 15:00:00,0,0.645,5028761.609
2011-22-09 16:00:00,0,0.294,5037464.859
2011-22-09 17:00:00,0,-0.084,5044938.469
2011-22-09 18:00:00,0,-0.516,5051230.109
2011-22-09 19:00:00,0,-0.906,5056674.922
2011-22-09 20:00:00,0,-1.006,5061484.641
2011-22-09 21:00:00,0,-0.888,5065880.391
2011-22-09 22:00:00,0,-0.638,5070048.719
2011-22-09 23:00:00,0,-0.22,5074265.109
2011-23-09 00:00:00,0,0.298,5078731.094
2011-23-09 01:00:00,0,0.717,5084236.672
2011-23-09 02:00:00,0,0.951,5091323.578
2011-23-09 03:00:00,0,0.915,5098844.766
2011-23-09 04:00:00,0,0.685,5105756.977
2011-23-09 05:00:00,0.201,0.24,5111339.922
2011-23-09 06:00:00,0,-0.19,5114963.922
2011-23-09 07:00:00,0,-0.606,5117156.602
2011-23-09 08:00:00,0,-0.854,5118532.859
2011-23-09 09:00:00,0,-0.853,5119525.203
2011-23-09 10:00:00,0,-0.601,5120356.719
2011-23-09 11:00:00,0,-0.189,5121150.789
2011-23-09 12:00:00,0,0.328,5122384.234
2011-23-09 13:00:00,0,0.809,5124871.383
2011-23-09 14:00:00,0,1.156,5129084.867
2011-23-09 15:00:00,0,1.248,5134231.672
2011-23-09 16:00:00,0,1.117,5139201.617
2011-23-09 17:00:00,0,0.652,5143041.43
2011-23-09 18:00:00,0,0.13,5144836.727
2011-23-09 19:00:00,0,-0.5,5144639.43
2011-23-09 20:00:00,0,-1.025,5143051.188
2011-23-09 21:00:00,0,-1.171,5140805.492
2011-23-09 22:00:00,1.005,-1.135,5138272.828
2011-23-09 23:00:00,0.201,-0.796,5135449.672
2011-24-09 00:00:00,0,-0.203,5132568.695
2011-24-09 01:00:00,0,0.455,5130378.813
2011-24-09 02:00:00,0,0.999,5130312.516
2011-24-09 03:00:00,0,1.365,5132277.453
2011-24-09 04:00:00,0,1.325,5135011.555
2011-24-09 05:00:00,0.201,0.885,5137019.758
2011-24-09 06:00:00,0,0.329,5137173.57
2011-24-09 07:00:00,0,-0.219,5135137.461
2011-24-09 08:00:00,0,-0.86,5131607.922
2011-24-09 09:00:00,0,-1.29,5127150.438
2011-24-09 10:00:00,0,-1.229,5122255.41
2011-24-09 11:00:00,0,-0.84,5117096.453
2011-24-09 12:00:00,0,-0.242,5111881.914
2011-24-09 13:00:00,0,0.383,5107121.379
2011-24-09 14:00:00,0,1.011,5104237.379
2011-24-09 15:00:00,0,1.437,5103640.859
2011-24-09 16:00:00,0,1.558,5104213.875
2011-24-09 17:00:00,0,1.254,5104601.84
2011-24-09 18:00:00,0,0.586,5103337.895
2011-24-09 19:00:00,0,-0.166,5099496.199
2011-24-09 20:00:00,0,-0.918,5093488.617
2011-24-09 21:00:00,0,-1.591,5086418.871
2011-24-09 22:00:00,0,-1.826,5078950.734
2011-24-09 23:00:00,0,-1.559,5071321.063
2011-25-09 00:00:00,0,-0.887,5063486.324
2011-25-09 01:00:00,0,-0.163,5055656.645
2011-25-09 02:00:00,0,0.728,5048703.793
2011-25-09 03:00:00,0,1.392,5044807.25
2011-25-09 04:00:00,0,1.843,5043313.029
2011-25-09 05:00:00,0,1.757,5042845.189
2011-25-09 06:00:00,0,1.12,5041219.729
2011-25-09 07:00:00,0,0.341,5036964.811
2011-25-09 08:00:00,0,-0.423,5029912.127
2011-25-09 09:00:00,0,-1.193,5021183.008
2011-25-09 10:00:00,0,-1.648,5011739.076
2011-25-09 11:00:00,0.804,-1.436,5002062.152
2011-25-09 12:00:00,2.412,-0.852,4992298.254
2011-25-09 13:00:00,2.01,-0.089,4982836.119
2011-25-09 14:00:00,1.206,0.759,4974939.497
2011-25-09 15:00:00,0,1.618,4970953.057
2011-25-09 16:00:00,0,1.923,4970615.46
2011-25-09 17:00:00,0,2.088,4975791.588
2011-25-09 18:00:00,0.201,1.578,4984825.257
2011-25-09 19:00:00,0,0.62,4992851.649
2011-25-09 20:00:00,0,-0.349,4999246.51
2011-25-09 21:00:00,0,-1.352,5006254.164
2011-25-09 22:00:00,0,-2.104,5012547.049
2011-25-09 23:00:00,0,-2.155,5018107.039
2011-26-09 00:00:00,0,-1.735,5022788.922
2011-26-09 01:00:00,0,-0.818,5026534.508
2011-26-09 02:00:00,0,0.08,5029659.309
2011-26-09 03:00:00,0,1.038,5033893.316
2011-26-09 04:00:00,0,1.845,5041454.379
2011-26-09 05:00:00,0,2.167,5051097.949
2011-26-09 06:00:00,0,1.746,5060523.402
2011-26-09 07:00:00,0,0.884,5067383.254
2011-26-09 08:00:00,0,0.041,5070638.457
2011-26-09 09:00:00,0,-1.084,5070815.215
2011-26-09 10:00:00,0,-1.987,5069260.645
2011-26-09 11:00:00,0,-2.204,5067080.059
2011-26-09 12:00:00,0,-1.772,5064480.301
2011-26-09 13:00:00,0,-1,5061488.27
2011-26-09 14:00:00,0,0.015,5058522.988
2011-26-09 15:00:00,0.603,0.976,5056906.488
2011-26-09 16:00:00,0,1.844,5058990.254
2011-26-09 17:00:00,0,2.325,5063956.211
2011-26-09 18:00:00,0.201,2.202,5069986.863
2011-26-09 19:00:00,0,1.306,5074239.039
2011-26-09 20:00:00,0,0.242,5074720.387
2011-26-09 21:00:00,0,-0.881,5071695.383
2011-26-09 22:00:00,0,-2.12,5067003.996
2011-26-09 23:00:00,0,-2.647,5061651.125
2011-27-09 00:00:00,0,-2.423,5055924.057
2011-27-09 01:00:00,0,-1.74,5050082.322
2011-27-09 02:00:00,0.201,-0.656,5044125.756
2011-27-09 03:00:00,0,0.415,5038532.361
2011-27-09 04:00:00,0,1.573,5036015.451
2011-27-09 05:00:00,0,2.329,5037722.703
2011-27-09 06:00:00,0,2.42,5041627.984
2011-27-09 07:00:00,0,1.763,5044835.914
2011-27-09 08:00:00,0.201,0.701,5044914.867
2011-27-09 09:00:00,0,-0.444,5041090.031
2011-27-09 10:00:00,0,-1.603,5034686.869
2011-27-09 11:00:00,0,-2.55,5027367.004
2011-27-09 12:00:00,0,-2.498,5019663.602
2011-27-09 13:00:00,0,-1.875,5011663.797
2011-27-09 14:00:00,0,-0.847,5003579.581
2011-27-09 15:00:00,0,0.308,4995791.774
2011-27-09 16:00:00,0,1.373,4990570.284
2011-27-09 17:00:00,0,2.23,4989499.138
2011-27-09 18:00:00,0,2.592,4991307.142
2011-27-09 19:00:00,0,2.164,4993562.335
2011-27-09 20:00:00,0,1.099,4993257.946
2011-27-09 21:00:00,0,-0.083,4988809.798
2011-27-09 22:00:00,0,-1.321,4980904.812
2011-27-09 23:00:00,0,-2.563,4971484.225
2011-28-09 00:00:00,0,-2.868,4961602.697
2011-28-09 01:00:00,0,-2.344,4951563.084
2011-28-09 02:00:00,0,-1.48,4941485.963
2011-28-09 03:00:00,0,-0.295,4931417.188
2011-28-09 04:00:00,0,0.916,4922432.274
2011-28-09 05:00:00,0,2.099,4918039.813
2011-28-09 06:00:00,0,2.657,4917687.28
2011-28-09 07:00:00,0,2.607,4918767.035
2011-28-09 08:00:00,0,1.664,4918256.89
2011-28-09 09:00:00,0,0.408,4913749.172
2011-28-09 10:00:00,0,-0.771,4905173.167
2011-28-09 11:00:00,0,-2.072,4894295.165
2011-28-09 12:00:00,0,-2.795,4882736.351
2011-28-09 13:00:00,0,-2.394,4871043.424
2011-28-09 14:00:00,0,-1.618,4859339.753
2011-28-09 15:00:00,0,-0.433,4847645.616
2011-28-09 16:00:00,0,0.732,4836703.439
2011-28-09 17:00:00,0,1.88,4829897.654
2011-28-09 18:00:00,0,2.64,4827381.68
2011-28-09 19:00:00,0,2.774,4827181.165
2011-28-09 20:00:00,0,2.094,4826339.57
2011-28-09 21:00:00,0,0.888,4822030.744
2011-28-09 22:00:00,0,-0.268,4813348.173
2011-28-09 23:00:00,0,-1.72,4801557.54
2011-29-09 00:00:00,0,-2.736,4788585.391
2011-29-09 01:00:00,0,-2.689,4775348.69
2011-29-09 02:00:00,0,-2.068,4762026.467
2011-29-09 03:00:00,0,-1.164,4748663.989
2011-29-09 04:00:00,0,0.23,4735485.107
2011-29-09 05:00:00,0,1.338,4724859.961
2011-29-09 06:00:00,0,2.224,4718823.237
2011-29-09 07:00:00,0,2.725,4716030.488
2011-29-09 08:00:00,0,2.406,4714257.717
2011-29-09 09:00:00,0,1.19,4709916.313
2011-29-09 10:00:00,0,0.009,4701101.792
2011-29-09 11:00:00,0,-1.227,4688822.853
2011-29-09 12:00:00,0,-2.581,4675025.664
2011-29-09 13:00:00,0,-2.884,4660820.442
2011-29-09 14:00:00,0,-2.269,4646513.682
2011-29-09 15:00:00,0,-1.442,4632120.267
2011-29-09 16:00:00,0,-0.136,4617788.557
2011-29-09 17:00:00,0,0.916,4604781.217
2011-29-09 18:00:00,0,1.988,4596153.929
2011-29-09 19:00:00,0,2.627,4591509.035
2011-29-09 20:00:00,0,2.618,4588781.589
2011-29-09 21:00:00,0,1.712,4584753.983
2011-29-09 22:00:00,0,0.466,4576771.717
2011-29-09 23:00:00,0,-0.682,4564761.355
2011-30-09 00:00:00,0,-2.033,4550512.432
2011-30-09 01:00:00,0,-2.715,4535537.289
2011-30-09 02:00:00,0,-2.493,4520445.222
2011-30-09 03:00:00,0,-1.81,4505332.388
2011-30-09 04:00:00,0,-0.655,4490244.649
2011-30-09 05:00:00,0,0.581,4475695.428
2011-30-09 06:00:00,0.201,1.661,4464784.236
2011-30-09 07:00:00,2.613,2.396,4458133.163
2011-30-09 08:00:00,2.412,2.733,4454146.478
2011-30-09 09:00:00,2.613,2.131,4450491.821
2011-30-09 10:00:00,1.005,0.944,4444045.645
2011-30-09 11:00:00,0.804,-0.212,4433818.203
2011-30-09 12:00:00,0.201,-1.567,4421099.808
2011-30-09 13:00:00,1.608,-2.57,4407796.408
2011-30-09 14:00:00,1.407,-2.666,4394842.623
2011-30-09 15:00:00,0,-1.941,4382907.621
2011-30-09 16:00:00,0,-1.109,4372682.149
2011-30-09 17:00:00,0,0.003,4364672.977
2011-30-09 18:00:00,0,0.999,4360194.724
2011-30-09 19:00:00,0,1.955,4361228.858
2011-30-09 20:00:00,0,2.44,4365992.278
2011-30-09 21:00:00,0,2.112,4372178.381
2011-30-09 22:00:00,0,1.152,4376834.574
2011-30-09 23:00:00,0,0.138,4377762.9
10/01/2011 00:00,0,-0.995,4375085.896
10/01/2011 01:00,0,-2.198,4370496.195
10/01/2011 02:00,0,-2.576,4365113.739
10/01/2011 03:00,0,-2.277,4359316.117
10/01/2011 04:00,0,-1.527,4353241.686
10/01/2011 05:00,0,-0.476,4346828.693
10/01/2011 06:00,0,0.464,4340686.399
10/01/2011 07:00,0,1.456,4337463.851
10/01/2011 08:00,0,2.079,4337910.168
10/01/2011 09:00,0.603,2.255,4340233.178
10/01/2011 10:00,0.201,1.502,4341833.571
10/01/2011 11:00,0,0.384,4339919.519
10/01/2011 12:00,0,-0.535,4334070.597
10/01/2011 13:00,0,-1.665,4326223.677
10/01/2011 14:00,0,-2.505,4317725.739
10/01/2011 15:00,0,-2.349,4309026.302
10/01/2011 16:00,0.201,-1.715,4300014.357
10/01/2011 17:00,0,-0.85,4290865.308
10/01/2011 18:00,0.201,-0.036,4281841.368
10/01/2011 19:00,0,0.907,4274181.549
10/01/2011 20:00,1.206,1.64,4270362.65
10/01/2011 21:00,0.603,2.064,4269349.92
10/01/2011 22:00,0.201,1.741,4269247.054
10/01/2011 23:00,2.211,0.789,4267169.624
10/02/2011 00:00,0.402,-0.096,4261880.132
10/02/2011 01:00,0.603,-1.002,4254367.507
10/02/2011 02:00,6.432,-1.942,4246410.694
10/02/2011 03:00,3.015,-2.115,4240560.619
10/02/2011 04:00,1.206,-1.636,4241044.311
10/02/2011 05:00,1.206,-1.046,4253582.564
10/02/2011 06:00,0.603,-0.175,4276064.212
10/02/2011 07:00,0.201,0.526,4304663.411
10/02/2011 08:00,0,1.438,4341325.979
10/02/2011 09:00,0,1.897,4382812.527
10/02/2011 10:00,0,1.83,4424327.703
10/02/2011 11:00,0,1.153,4462884.633
10/02/2011 12:00,0,0.244,4496389.641
10/02/2011 13:00,0.201,-0.592,4524639.063
10/02/2011 14:00,0,-1.543,4548495.336
10/02/2011 15:00,0,-2.048,4568889.984
10/02/2011 16:00,0,-1.843,4586801.289
10/02/2011 17:00,0,-1.314,4602885.563
10/02/2011 18:00,0,-0.593,4617570.297
10/02/2011 19:00,0,0.059,4631295.906
10/02/2011 20:00,0,0.79,4645162.594
10/02/2011 21:00,0.201,1.429,4661128.781
10/02/2011 22:00,0,1.626,4678347.328
10/02/2011 23:00,0,1.295,4694833.906
10/03/2011 00:00,0,0.627,4708917.203
10/03/2011 01:00,0.201,-0.072,4719854.953
10/03/2011 02:00,0,-0.781,4728334.109
10/03/2011 03:00,0,-1.532,4735302.109
10/03/2011 04:00,0,-1.458,4741470.813
10/03/2011 05:00,0.201,-1.066,4747249.453
10/03/2011 06:00,0,-0.658,4752869.859
10/03/2011 07:00,0,0.089,4758499.328
10/03/2011 08:00,0,0.748,4765210.078
10/03/2011 09:00,0,1.363,4774385.484
10/03/2011 10:00,0,1.665,4785467.344
10/03/2011 11:00,0,1.711,4797274.766
10/03/2011 12:00,0,1.062,4808236.906
10/03/2011 13:00,0,0.334,4816428.406
10/03/2011 14:00,0,-0.29,4821665.563
10/03/2011 15:00,0.402,-1.231,4825070.078
10/03/2011 16:00,0,-1.559,4827363.938
10/03/2011 17:00,0,-1.359,4829119.469
10/03/2011 18:00,0,-1.078,4830763.984
10/03/2011 19:00,0,-0.594,4832433.922
10/03/2011 20:00,0,-0.148,4834217.109
10/03/2011 21:00,0,0.521,4836521.055
10/03/2011 22:00,0,1.145,4840900.602
10/03/2011 23:00,0,1.252,4847261.82
10/04/2011 00:00,0,1.011,4853586.727
10/04/2011 01:00,0.201,0.524,4858517.711
10/04/2011 02:00,0,0.021,4861227.078
10/04/2011 03:00,0,-0.538,4861949.344
10/04/2011 04:00,0,-0.971,4861591.969
10/04/2011 05:00,0,-1.069,4860706.617
10/04/2011 06:00,0,-0.864,4859526.531
10/04/2011 07:00,0,-0.507,4858261.227
10/04/2011 08:00,0,-0.067,4857076.086
10/04/2011 09:00,0,0.39,4856316.852
10/04/2011 10:00,0,0.998,4857208.438
10/04/2011 11:00,0,1.315,4860310.867
10/04/2011 12:00,0,1.238,4864026.602
10/04/2011 13:00,0,0.808,4866762.438
10/04/2011 14:00,0,0.316,4867390.266
10/04/2011 15:00,0,-0.181,4865826.219
10/04/2011 16:00,0,-0.777,4862832.617
10/04/2011 17:00,0,-1.189,4859007.367
10/04/2011 18:00,0,-1.089,4854812.68
10/04/2011 19:00,0,-0.869,4850440.953
10/04/2011 20:00,0,-0.523,4846055.383
10/04/2011 21:00,0.603,-0.148,4841887.934
10/04/2011 22:00,1.005,0.455,4838297.434
10/04/2011 23:00,0.201,0.864,4836288.117
10/05/2011 00:00,0,1.062,4835869.289
10/05/2011 01:00,0,1.083,4835997.266
10/05/2011 02:00,0,0.786,4835757.91
10/05/2011 03:00,0,0.346,4834142.398
10/05/2011 04:00,0,-0.005,4830773.59
10/05/2011 05:00,0,-0.324,4826256.082
10/05/2011 06:00,0,-0.625,4820985.73
10/05/2011 07:00,0,-0.469,4815253.148
10/05/2011 08:00,0,-0.204,4809496.781
10/05/2011 09:00,0,-0.028,4804137.77
10/05/2011 10:00,0,0.445,4799476.805
10/05/2011 11:00,0,0.971,4796445.695
10/05/2011 12:00,1.206,1.318,4795447.936
10/05/2011 13:00,1.809,1.381,4795459.02
10/05/2011 14:00,0.402,0.991,4795435.072
10/05/2011 15:00,1.206,0.574,4794147.217
10/05/2011 16:00,0,0.178,4791253.26
10/05/2011 17:00,0,-0.373,4787037.318
10/05/2011 18:00,0.402,-0.885,4782220.057
10/05/2011 19:00,0,-1.053,4778201.152
10/05/2011 20:00,0.201,-0.929,4775345.938
10/05/2011 21:00,0,-0.675,4773383.338
10/05/2011 22:00,0,-0.317,4772493.447
10/05/2011 23:00,0.804,0.095,4772567.178
10/06/2011 00:00,0.402,0.656,4773876.176
10/06/2011 01:00,0.804,1.022,4777417.037
10/06/2011 02:00,0.201,1.083,4782231.59
10/06/2011 03:00,0.402,0.767,4787020.514
10/06/2011 04:00,0,0.466,4790775.15
10/06/2011 05:00,0,0.016,4793101.807
10/06/2011 06:00,0,-0.381,4794167.588
10/06/2011 07:00,0,-0.647,4794512.025
10/06/2011 08:00,0.402,-0.738,4794859.451
10/06/2011 09:00,0.603,-0.692,4795646.1
10/06/2011 10:00,1.206,-0.371,4797210.18
10/06/2011 11:00,0.201,0.049,4799780.113
10/06/2011 12:00,0.201,0.641,4803919.902
10/06/2011 13:00,0.201,1.028,4810361.766
10/06/2011 14:00,0,1.138,4818231.91
10/06/2011 15:00,0.804,1.079,4826411.051
10/06/2011 16:00,0,0.718,4834122.637
10/06/2011 17:00,0,0.166,4840570.18
10/06/2011 18:00,0,-0.476,4845384.152
10/06/2011 19:00,0,-1.062,4848521.887
10/06/2011 20:00,0,-1.304,4850427.75
10/06/2011 21:00,0,-1.334,4851426.648
10/06/2011 22:00,0.201,-1.181,4851912.383
10/06/2011 23:00,0,-0.8,4851961.711
10/07/2011 00:00,0,-0.212,4851648.344
10/07/2011 01:00,0,0.409,4851719.813
10/07/2011 02:00,0,0.777,4853144.785
10/07/2011 03:00,0,0.868,4855747.137
10/07/2011 04:00,0,0.71,4858058.195
10/07/2011 05:00,0,0.386,4859169.688
10/07/2011 06:00,0,-0.055,4858490.867
10/07/2011 07:00,0,-0.616,4856226.652
10/07/2011 08:00,0,-1.157,4852959.387
10/07/2011 09:00,0,-1.245,4848969.941
10/07/2011 10:00,0,-1.058,4844530.996
10/07/2011 11:00,0,-0.789,4839875.195
10/07/2011 12:00,0,-0.193,4835139.086
10/07/2011 13:00,0,0.366,4830966.887
10/07/2011 14:00,0,0.824,4828455.203
10/07/2011 15:00,0,1.109,4827759.246
10/07/2011 16:00,0,1.015,4827480.512
10/07/2011 17:00,0,0.603,4826240.746
10/07/2011 18:00,0,0.024,4823094.695
10/07/2011 19:00,0,-0.67,4817959.598
10/07/2011 20:00,0,-1.257,4811577.402
10/07/2011 21:00,0,-1.559,4804556.203
10/07/2011 22:00,0,-1.578,4797069.633
10/07/2011 23:00,0,-1.295,4789381.262
10/08/2011 00:00,0,-0.696,4781639.721
10/08/2011 01:00,0,-0.142,4774034.068
10/08/2011 02:00,0,0.534,4767232.996
10/08/2011 03:00,0,0.986,4762596.205
10/08/2011 04:00,0,1.214,4759477.475
10/08/2011 05:00,0,0.945,4756482.697
10/08/2011 06:00,0,0.406,4752190.643
10/08/2011 07:00,0,-0.194,4745805.322
10/08/2011 08:00,0.201,-0.766,4737869.971
10/08/2011 09:00,0,-1.394,4729124.199
10/08/2011 10:00,0,-1.493,4719991.93
10/08/2011 11:00,0,-1.178,4710674.987
10/08/2011 12:00,0,-0.659,4701143.433
10/08/2011 13:00,0,-0.037,4691725.194
10/08/2011 14:00,0,0.602,4683354.25
10/08/2011 15:00,0,1.157,4677494.595
10/08/2011 16:00,1.407,1.462,4673697.811
10/08/2011 17:00,1.608,1.255,4670455.591
10/08/2011 18:00,0.201,0.671,4666034.702
10/08/2011 19:00,0.201,-0.017,4659468.531
10/08/2011 20:00,0,-0.756,4651065.129
10/08/2011 21:00,0,-1.401,4641818.201
10/08/2011 22:00,0,-1.725,4632705.537
10/08/2011 23:00,0,-1.633,4624505.286
10/09/2011 00:00,0.201,-1.128,4617220.334
10/09/2011 01:00,0.201,-0.379,4610656.363
10/09/2011 02:00,0.201,0.293,4605533.314
10/09/2011 03:00,0,1.012,4603193.822
10/09/2011 04:00,0.201,1.441,4604062.67
10/09/2011 05:00,0,1.522,4606460.25
10/09/2011 06:00,0,1.047,4608638.155
10/09/2011 07:00,0,0.404,4609231.498
10/09/2011 08:00,0,-0.283,4607715.919
10/09/2011 09:00,0,-0.946,4604985.638
10/09/2011 10:00,1.005,-1.431,4601767.881
10/09/2011 11:00,0.402,-1.514,4598394.855
10/09/2011 12:00,0.201,-1.1,4595185.607
10/09/2011 13:00,0.201,-0.343,4592538.335
10/09/2011 14:00,0,0.317,4590982.678
10/09/2011 15:00,0.402,1.041,4591859.9
10/09/2011 16:00,1.005,1.617,4596306.146
10/09/2011 17:00,0.804,1.769,4603373.621
10/09/2011 18:00,0.603,1.386,4611813.096
10/09/2011 19:00,0.402,0.628,4619890.531
10/09/2011 20:00,0.201,-0.228,4626843.818
10/09/2011 21:00,0.201,-1.009,4633647.572
10/09/2011 22:00,0,-1.699,4641460.203
10/09/2011 23:00,0,-1.75,4650702.07
10/10/2011 00:00,0.201,-1.403,4661205.656
10/10/2011 01:00,0,-0.789,4672316.617
10/10/2011 02:00,0,0.018,4683719.125
10/10/2011 03:00,0.201,0.841,4696563.82
10/10/2011 04:00,0.201,1.44,4712356.57
10/10/2011 05:00,0.402,1.798,4729743.453
10/10/2011 06:00,0.402,1.695,4747557.984
10/10/2011 07:00,0.201,1.008,4763754.523
10/10/2011 08:00,0.201,0.196,4777092.836
10/10/2011 09:00,0.804,-0.568,4787724.656
10/10/2011 10:00,0.402,-1.393,4796826.57
10/10/2011 11:00,0.804,-1.807,4805390
10/10/2011 12:00,0.603,-1.439,4813873.078
10/10/2011 13:00,0.804,-0.906,4822623.727
10/10/2011 14:00,1.407,-0.216,4832165.469
10/10/2011 15:00,0.603,0.701,4844297.258
10/10/2011 16:00,0.804,1.451,4862668.805
10/10/2011 17:00,1.005,1.82,4887554.789
10/10/2011 18:00,0.804,1.772,4917356.289
10/10/2011 19:00,0.201,1.182,4949632.242
10/10/2011 20:00,0,0.356,4981805.688
10/10/2011 21:00,0,-0.493,5012143.172
10/10/2011 22:00,0,-1.389,5040773.656
10/10/2011 23:00,0.201,-1.877,5067923.422
10/11/2011 00:00,0,-1.659,5093370.734
10/11/2011 01:00,0,-1.186,5116675.719
10/11/2011 02:00,0,-0.383,5137914.609
10/11/2011 03:00,1.206,0.381,5157915.641
10/11/2011 04:00,1.005,1.164,5178652.016
10/11/2011 05:00,1.005,1.691,5201128.375
10/11/2011 06:00,0.603,1.896,5224204.75
10/11/2011 07:00,0.201,1.338,5246149.609
10/11/2011 08:00,0.201,0.528,5265261.688
10/11/2011 09:00,0,-0.358,5281586.297
10/11/2011 10:00,0.402,-1.28,5296664.234
10/11/2011 11:00,0.402,-1.906,5312244.438
10/11/2011 12:00,0,-1.822,5329273.484
10/11/2011 13:00,0,-1.455,5347460.563
10/11/2011 14:00,0,-0.697,5366065.453
10/11/2011 15:00,0,0.249,5384969.156
10/11/2011 16:00,0,1.038,5405763.969
10/11/2011 17:00,0,1.719,5429674.156
10/11/2011 18:00,0,1.931,5455471.5
10/11/2011 19:00,0,1.538,5481157.875
10/11/2011 20:00,0,0.73,5504811.344
10/11/2011 21:00,0,-0.196,5525205.531
10/11/2011 22:00,0,-1.156,5542858.906
10/11/2011 23:00,0,-1.904,5558980.219
10/12/2011 00:00,0,-2.1,5574058.938
10/12/2011 01:00,0,-1.707,5588447.281
10/12/2011 02:00,0,-0.916,5602276.594
10/12/2011 03:00,0,-0.04,5615555.594
10/12/2011 04:00,0,0.761,5629553.5
10/12/2011 05:00,0,1.574,5646387
10/12/2011 06:00,0,1.922,5665177.125
10/12/2011 07:00,0,1.678,5684064.5
10/12/2011 08:00,0,0.955,5701303.5
10/12/2011 09:00,0,0.025,5715903.094
10/12/2011 10:00,0,-0.847,5728753.125
10/12/2011 11:00,0,-1.761,5741619.688
10/12/2011 12:00,0,-2.144,5756048.594
10/12/2011 13:00,0,-1.822,5772514.781
10/12/2011 14:00,0,-1.196,5789764.656
10/12/2011 15:00,0,-0.297,5806708
10/12/2011 16:00,0,0.582,5823958.625
10/12/2011 17:00,0,1.342,5843660.875
10/12/2011 18:00,0,1.82,5865268.875
10/12/2011 19:00,0,1.832,5887162.094
10/12/2011 20:00,0,1.148,5907406.719
10/12/2011 21:00,0,0.184,5924271.375
10/12/2011 22:00,0,-0.764,5937595.375
10/12/2011 23:00,0,-1.719,5948651.188
2011-13-10 00:00:00,0,-2.173,5958529.906
2011-13-10 01:00:00,0,-2.085,5967703.344
2011-13-10 02:00:00,0,-1.435,5976388.031
2011-13-10 03:00:00,0,-0.529,5984491.969
2011-13-10 04:00:00,0,0.302,5992633.531
2011-13-10 05:00:00,0,1.079,6002613.094
2011-13-10 06:00:00,0,1.708,6015184.719
2011-13-10 07:00:00,0,1.807,6029287.219
2011-13-10 08:00:00,0,1.313,6042897.031
2011-13-10 09:00:00,0,0.434,6054120.938
2011-13-10 10:00:00,0,-0.452,6061900.563
2011-13-10 11:00:00,0,-1.367,6067483.844
2011-13-10 12:00:00,0,-2.113,6072078.656
2011-13-10 13:00:00,0,-2.114,6076120.719
2011-13-10 14:00:00,0,-1.559,6079768.75
2011-13-10 15:00:00,0,-0.799,6083222.438
2011-13-10 16:00:00,0,0.163,6086746.594
2011-13-10 17:00:00,0,0.927,6091810.063
2011-13-10 18:00:00,0,1.55,6099680.063
2011-13-10 19:00:00,0,1.892,6109441.594
2011-13-10 20:00:00,0,1.557,6119487.156
2011-13-10 21:00:00,0,0.66,6127266.906
2011-13-10 22:00:00,0,-0.28,6131611.156
2011-13-10 23:00:00,0,-1.159,6133453.719
2011-14-10 00:00:00,0,-2.035,6134146.688
2011-14-10 01:00:00,0,-2.098,6134436.781
2011-14-10 02:00:00,0,-1.615,6134542.25
2011-14-10 03:00:00,0,-0.967,6134341.094
2011-14-10 04:00:00,0,-0.081,6134000
2011-14-10 05:00:00,0.201,0.837,6134829.344
2011-14-10 06:00:00,0,1.474,6138780.563
2011-14-10 07:00:00,0,1.75,6144579.594
2011-14-10 08:00:00,0,1.666,6150812.469
2011-14-10 09:00:00,0,0.94,6155731.219
2011-14-10 10:00:00,0,-0.05,6157605.75
2011-14-10 11:00:00,0,-0.808,6156604.5
2011-14-10 12:00:00,0,-1.782,6154268.375
2011-14-10 13:00:00,0,-2.13,6151341.031
2011-14-10 14:00:00,0,-1.763,6148175.25
2011-14-10 15:00:00,0,-1.194,6144834.688
2011-14-10 16:00:00,0,-0.326,6141482.594
2011-14-10 17:00:00,0,0.621,6138887.344
2011-14-10 18:00:00,0,1.224,6138985.063
2011-14-10 19:00:00,0,1.743,6141310
2011-14-10 20:00:00,0,1.852,6144953.594
2011-14-10 21:00:00,0,1.146,6147861.469
2011-14-10 22:00:00,0,0.24,6147860.656
2011-14-10 23:00:00,0,-0.572,6144830.594
2011-15-10 00:00:00,0,-1.458,6140058.094
2011-15-10 01:00:00,0,-1.945,6134536.438
2011-15-10 02:00:00,0,-1.726,6128775
2011-15-10 03:00:00,0,-1.15,6122890.672
2011-15-10 04:00:00,0,-0.326,6117009.172
2011-15-10 05:00:00,0,0.494,6111763.25
2011-15-10 06:00:00,0.201,1.209,6108952.844
2011-15-10 07:00:00,0.201,1.604,6108463.953
2011-15-10 08:00:00,0.402,1.823,6109060.656
2011-15-10 09:00:00,1.005,1.382,6109399.813
2011-15-10 10:00:00,0.603,0.413,6107573.047
2011-15-10 11:00:00,0.402,-0.375,6102728.672
2011-15-10 12:00:00,0.402,-1.146,6096125.516
2011-15-10 13:00:00,0.201,-1.893,6088874
2011-15-10 14:00:00,0,-1.956,6081541.328
2011-15-10 15:00:00,0,-1.338,6074237.391
2011-15-10 16:00:00,0,-0.745,6067133.719
2011-15-10 17:00:00,0,0.056,6060551.969
2011-15-10 18:00:00,0,0.849,6055826.016
2011-15-10 19:00:00,0,1.399,6054398.891
2011-15-10 20:00:00,0,1.656,6055105.141
2011-15-10 21:00:00,0,1.455,6056577.172
2011-15-10 22:00:00,0,0.68,6056742.156
2011-15-10 23:00:00,0,-0.205,6054142.078
2011-16-10 00:00:00,0.201,-0.95,6049275.953
2011-16-10 01:00:00,0,-1.641,6043425.344
2011-16-10 02:00:00,0,-1.772,6037184.047
2011-16-10 03:00:00,0,-1.305,6030669.828
2011-16-10 04:00:00,0.201,-0.695,6023945.797
2011-16-10 05:00:00,0.402,0.078,6017322.125
2011-16-10 06:00:00,0,0.752,6011983.781
2011-16-10 07:00:00,0,1.352,6009249
2011-16-10 08:00:00,0,1.735,6008526.234
2011-16-10 09:00:00,0,1.572,6008439.609
2011-16-10 10:00:00,0,0.827,6007004.828
2011-16-10 11:00:00,0,0.11,6002934.297
2011-16-10 12:00:00,0,-0.596,5996472.609
2011-16-10 13:00:00,0.402,-1.438,5988641.859
2011-16-10 14:00:00,0,-1.826,5980238.031
2011-16-10 15:00:00,0,-1.493,5971699.922
2011-16-10 16:00:00,0,-0.907,5963107.672
2011-16-10 17:00:00,0.402,-0.277,5954512.391
2011-16-10 18:00:00,0,0.404,5946577.328
2011-16-10 19:00:00,0.201,1.099,5940704.688
2011-16-10 20:00:00,0,1.494,5937082.5
2011-16-10 21:00:00,0,1.599,5934433.953
2011-16-10 22:00:00,0,1.206,5931432.516
2011-16-10 23:00:00,0,0.442,5926555.375
2011-17-10 00:00:00,0,-0.274,5918984.406
2011-17-10 01:00:00,0,-0.909,5909606.719
2011-17-10 02:00:00,1.005,-1.336,5899456.766
2011-17-10 03:00:00,0.201,-1.267,5889017.516
2011-17-10 04:00:00,0,-0.788,5878523.531
2011-17-10 05:00:00,0.201,-0.133,5868122.797
2011-17-10 06:00:00,0,0.633,5858485.875
2011-17-10 07:00:00,0,1.149,5851329.297
2011-17-10 08:00:00,0.402,1.607,5846224.625
2011-17-10 09:00:00,0,1.828,5842478.711
2011-17-10 10:00:00,0,1.525,5838900.57
2011-17-10 11:00:00,0,0.908,5833815.375
2011-17-10 12:00:00,1.206,0.45,5826584.297
2011-17-10 13:00:00,0.603,-0.168,5817389.266
2011-17-10 14:00:00,2.814,-1.079,5806617.352
2011-17-10 15:00:00,3.618,-1.617,5795111.172
2011-17-10 16:00:00,0.804,-1.028,5783760.75
2011-17-10 17:00:00,0.402,-0.504,5773152.547
2011-17-10 18:00:00,0,-0.02,5764377.891
2011-17-10 19:00:00,0,0.594,5761454.313
2011-17-10 20:00:00,0,1.057,5764539.094
2011-17-10 21:00:00,0,1.321,5775077.813
2011-17-10 22:00:00,0,1.29,5789823.672
2011-17-10 23:00:00,0,0.746,5803639.703
2011-18-10 00:00:00,0.201,0.119,5814310.703
2011-18-10 01:00:00,0,-0.41,5821409.828
2011-18-10 02:00:00,0,-1.146,5826033.484
2011-18-10 03:00:00,0,-1.248,5829118.594
2011-18-10 04:00:00,0.402,-0.91,5831137.219
2011-18-10 05:00:00,0,-0.609,5832383.781
2011-18-10 06:00:00,0.201,0.036,5833681.766
2011-18-10 07:00:00,0,0.553,5836281.578
2011-18-10 08:00:00,0,0.957,5841021.188
2011-18-10 09:00:00,0,1.397,5847945.359
2011-18-10 10:00:00,0,1.36,5856118.859
2011-18-10 11:00:00,0,0.829,5863476.031
2011-18-10 12:00:00,0,0.323,5868631.047
2011-18-10 13:00:00,0,-0.23,5871779.688
2011-18-10 14:00:00,0,-0.92,5873465.734
2011-18-10 15:00:00,0,-1.31,5874358.438
2011-18-10 16:00:00,0,-1.248,5874508.063
2011-18-10 17:00:00,0,-0.91,5874240.609
2011-18-10 18:00:00,0,-0.609,5873847.078
2011-18-10 19:00:00,0,0.036,5873251.188
2011-18-10 20:00:00,0.201,0.553,5873312.906
2011-18-10 21:00:00,0.402,0.957,5874894.188
2011-18-10 22:00:00,0,1.397,5877896.922
2011-18-10 23:00:00,0,1.36,5881835.031
2011-19-10 00:00:00,0,0.829,5884818.172
2011-19-10 01:00:00,0.201,0.323,5885775.078
2011-19-10 02:00:00,0,-0.23,5884624.672
2011-19-10 03:00:00,0,-0.92,5881965.703
2011-19-10 04:00:00,0,-1.31,5878459.75
2011-19-10 05:00:00,0,-1.248,5874618.109
2011-19-10 06:00:00,0,-0.91,5870615.391
2011-19-10 07:00:00,0,-0.609,5866650.266
2011-19-10 08:00:00,0,0.036,5862822.938
2011-19-10 09:00:00,0,0.553,5859840.5
2011-19-10 10:00:00,0,0.957,5858526.828
2011-19-10 11:00:00,0,1.397,5858808.625
2011-19-10 12:00:00,0,1.36,5860010.891
2011-19-10 13:00:00,0,0.829,5860388.594
2011-19-10 14:00:00,0,0.323,5858741.25
2011-19-10 15:00:00,0,-0.23,5855025.25
2011-19-10 16:00:00,0,-0.92,5849891.203
2011-19-10 17:00:00,0,-1.31,5843998.406
2011-19-10 18:00:00,0,-0.965,5837677.125
2011-19-10 19:00:00,0,-0.68,5831213.703
2011-19-10 20:00:00,0,-0.263,5824702.703
2011-19-10 21:00:00,0,0.281,5818557.844
2011-19-10 22:00:00,0,0.61,5813581.313
2011-19-10 23:00:00,0,0.784,5809809.938
2011-20-10 00:00:00,0,0.662,5806325.313
2011-20-10 01:00:00,0,0.289,5801971.656
2011-20-10 02:00:00,0,-0.02,5796062.781
2011-20-10 03:00:00,0,-0.51,5789039.172
2011-20-10 04:00:00,0,-0.847,5781179.023
2011-20-10 05:00:00,0,-0.906,5772871.734
2011-20-10 06:00:00,0,-0.817,5764328.109
2011-20-10 07:00:00,0,-0.49,5755736.891
2011-20-10 08:00:00,0.201,-0.077,5747387.938
2011-20-10 09:00:00,0,0.36,5739715.391
2011-20-10 10:00:00,0,0.695,5733309.563
2011-20-10 11:00:00,0,0.927,5728157.555
2011-20-10 12:00:00,0,0.984,5723408.281
2011-20-10 13:00:00,0,0.725,5718350.203
2011-20-10 14:00:00,0,0.317,5712099.844
2011-20-10 15:00:00,0.402,-0.155,5704256.945
2011-20-10 16:00:00,0.201,-0.586,5695185.273
2011-20-10 17:00:00,0,-0.813,5685418.172
2011-20-10 18:00:00,0,-0.928,5675274.328
2011-20-10 19:00:00,0.201,-0.841,5664939.906
2011-20-10 20:00:00,0.201,-0.61,5654626.734
2011-20-10 21:00:00,0.804,-0.201,5644501.313
2011-20-10 22:00:00,0,0.322,5634979.891
2011-20-10 23:00:00,0.201,0.743,5626943.531
2011-21-10 00:00:00,0,0.873,5620468.461
2011-21-10 01:00:00,0,0.953,5614487.711
2011-21-10 02:00:00,0,0.669,5608345.516
2011-21-10 03:00:00,0,0.248,5601014.125
2011-21-10 04:00:00,0,-0.028,5592299.805
2011-21-10 05:00:00,0,-0.474,5582711.125
2011-21-10 06:00:00,0,-0.719,5572468.086
2011-21-10 07:00:00,0,-0.596,5562142.586
2011-21-10 08:00:00,0,-0.353,5551947.172
2011-21-10 09:00:00,0,-0.213,5541996.305
2011-21-10 10:00:00,0,0.318,5532489.594
2011-21-10 11:00:00,0.201,0.792,5524491.906
2011-21-10 12:00:00,0,1.014,5518324.391
2011-21-10 13:00:00,0.201,1.126,5512949.258
2011-21-10 14:00:00,0,0.864,5507509.398
2011-21-10 15:00:00,0,0.607,5501168.57
2011-21-10 16:00:00,0,0.199,5493603.645
2011-21-10 17:00:00,0,-0.397,5484499.539
2011-21-10 18:00:00,0,-0.946,5474246.512
2011-21-10 19:00:00,0,-0.934,5463456.551
2011-21-10 20:00:00,0,-0.939,5452538.543
2011-21-10 21:00:00,0,-0.684,5441590.266
2011-21-10 22:00:00,0,-0.31,5430670.105
2011-21-10 23:00:00,0,0.339,5420176.797
2011-22-10 00:00:00,0,0.721,5411163.813
2011-22-10 01:00:00,0,1.211,5403884.863
2011-22-10 02:00:00,0,1.239,5397880.816
2011-22-10 03:00:00,0.402,1.005,5391730.227
2011-22-10 04:00:00,0,0.632,5384509.641
2011-22-10 05:00:00,0,0.127,5375664.832
2011-22-10 06:00:00,0,-0.344,5365043.023
2011-22-10 07:00:00,0,-0.68,5353431.34
2011-22-10 08:00:00,0,-0.787,5341410.164
2011-22-10 09:00:00,0,-0.69,5329221.887
2011-22-10 10:00:00,0.402,-0.316,5317055.5
2011-22-10 11:00:00,0.603,0.211,5305343.707
2011-22-10 12:00:00,1.809,0.802,5295154.043
2011-22-10 13:00:00,0.804,1.201,5287398.754
2011-22-10 14:00:00,3.819,1.343,5281119.777
2011-22-10 15:00:00,1.407,1.215,5275493.203
2011-22-10 16:00:00,0,0.959,5269969.457
2011-22-10 17:00:00,0,0.296,5265472.148
2011-22-10 18:00:00,0,-0.287,5265470.752
2011-22-10 19:00:00,0,-0.952,5268072.541
2011-22-10 20:00:00,0,-1.267,5272990.639
2011-22-10 21:00:00,0,-1.249,5283757.27
2011-22-10 22:00:00,0,-0.828,5294645.098
2011-22-10 23:00:00,0,-0.435,5304248.918
2011-23-10 00:00:00,0,0.255,5312619.867
2011-23-10 01:00:00,0,1.025,5321249.328
2011-23-10 02:00:00,0,1.461,5331354.539
2011-23-10 03:00:00,0,1.549,5341466.844
2011-23-10 04:00:00,0,1.333,5350519.227
2011-23-10 05:00:00,0,0.768,5357420.805
2011-23-10 06:00:00,0,0.127,5361424.773
2011-23-10 07:00:00,0,-0.484,5362755.469
2011-23-10 08:00:00,0,-1.008,5362341.75
2011-23-10 09:00:00,0.201,-1.232,5360868.031
2011-23-10 10:00:00,0,-0.928,5358873.492
2011-23-10 11:00:00,0.201,-0.362,5356523.617
2011-23-10 12:00:00,0.201,0.172,5354338.289
2011-23-10 13:00:00,0.402,0.892,5353311.75
2011-23-10 14:00:00,0.402,1.413,5354871.289
2011-23-10 15:00:00,2.01,1.765,5358020.188
2011-23-10 16:00:00,4.422,1.601,5361835.305
2011-23-10 17:00:00,6.432,1.083,5365289.125
2011-23-10 18:00:00,3.015,0.414,5374345.422
2011-23-10 19:00:00,1.005,-0.396,5412975.617
2011-23-10 20:00:00,0,-1.127,5465722.195
2011-23-10 21:00:00,0,-1.5,5527718.367
2011-23-10 22:00:00,0,-1.405,5598895.219
2011-23-10 23:00:00,0.804,-0.961,5667575.766
2011-24-10 00:00:00,0.603,-0.167,5729318.719
2011-24-10 01:00:00,0.201,0.634,5786197.984
2011-24-10 02:00:00,0.201,1.519,5842091.547
2011-24-10 03:00:00,0.402,2.109,5898208.594
2011-24-10 04:00:00,0.402,2.157,5953609.594
2011-24-10 05:00:00,0.402,1.869,6006583.875
2011-24-10 06:00:00,0,1.096,6055343.313
2011-24-10 07:00:00,0.201,0.169,6098559.813
2011-24-10 08:00:00,0.201,-0.626,6136352.625
2011-24-10 09:00:00,0.201,-1.447,6170373.625
2011-24-10 10:00:00,0.402,-1.505,6201642.063
2011-24-10 11:00:00,0,-1.033,6231381.344
2011-24-10 12:00:00,0,-0.346,6260010.719
2011-24-10 13:00:00,0,0.363,6288443.344
2011-24-10 14:00:00,0,1.197,6318711.813
2011-24-10 15:00:00,0,1.909,6351483.875
2011-24-10 16:00:00,0,2.187,6385808.5
2011-24-10 17:00:00,0,1.882,6420353.344
2011-24-10 18:00:00,0,1.124,6453354.156
2011-24-10 19:00:00,0,0.174,6483292.063
2011-24-10 20:00:00,0,-0.788,6509675.563
2011-24-10 21:00:00,0.804,-1.691,6533791.813
2011-24-10 22:00:00,0.201,-2.039,6556530.75
2011-24-10 23:00:00,0.603,-1.807,6578987.094
2011-25-10 00:00:00,1.407,-1.14,6602618.625
2011-25-10 01:00:00,0,-0.186,6630204.719
2011-25-10 02:00:00,0,0.795,6661906.781
2011-25-10 03:00:00,0,1.675,6697258.25
2011-25-10 04:00:00,0,2.345,6734836.875
2011-25-10 05:00:00,0,2.301,6774047.469
2011-25-10 06:00:00,0,1.581,6812228.156
2011-25-10 07:00:00,0,0.727,6846885.531
2011-25-10 08:00:00,0.201,-0.306,6877340.125
2011-25-10 09:00:00,0,-1.319,6903925.563
2011-25-10 10:00:00,0,-1.877,6928213.344
2011-25-10 11:00:00,0,-1.81,6951108.938
2011-25-10 12:00:00,0,-1.349,6972839.469
2011-25-10 13:00:00,0,-0.353,6993807.844
2011-25-10 14:00:00,0.402,0.653,7015198.688
2011-25-10 15:00:00,0,1.59,7039541.563
2011-25-10 16:00:00,0,2.169,7066926.063
2011-25-10 17:00:00,0,2.516,7095760.438
2011-25-10 18:00:00,0,1.964,7124103.406
2011-25-10 19:00:00,0,1.003,7149654.531
2011-25-10 20:00:00,0,-0.021,7171457.875
2011-25-10 21:00:00,0,-1.233,7190030.5
2011-25-10 22:00:00,0,-2.176,7207083.969
2011-25-10 23:00:00,0,-2.28,7223303.219
2011-26-10 00:00:00,0,-1.909,7239013.5
2011-26-10 01:00:00,0,-1.051,7254151.5
2011-26-10 02:00:00,0,0.057,7269202.875
2011-26-10 03:00:00,0,1.201,7286133.5
2011-26-10 04:00:00,0,2.149,7306641.344
2011-26-10 05:00:00,0,2.619,7329843.719
2011-26-10 06:00:00,0,2.414,7353873.031
2011-26-10 07:00:00,0,1.475,7375885.5
2011-26-10 08:00:00,0.201,0.398,7394303.156
2011-26-10 09:00:00,0,-0.675,7409134.406
2011-26-10 10:00:00,0,-1.883,7421843.281
2011-26-10 11:00:00,0,-2.294,7433507.156
2011-26-10 12:00:00,0,-2.036,7444712.219
2011-26-10 13:00:00,0,-1.284,7455807.688
2011-26-10 14:00:00,0,-0.093,7466881.281
2011-26-10 15:00:00,0,0.916,7479213.313
2011-26-10 16:00:00,0,1.899,7494877.531
2011-26-10 17:00:00,0,2.671,7513531.313
2011-26-10 18:00:00,0,2.82,7534231.438
2011-26-10 19:00:00,0,1.965,7554175.594
2011-26-10 20:00:00,0,0.915,7570810.406
2011-26-10 21:00:00,0,-0.209,7583734.938
2011-26-10 22:00:00,0,-1.525,7593528.969
2011-26-10 23:00:00,0,-2.346,7601828.563
2011-27-10 00:00:00,0.201,-2.353,7609794.344
2011-27-10 01:00:00,0,-1.83,7617581.625
2011-27-10 02:00:00,0,-0.799,7625161.719
2011-27-10 03:00:00,0,0.429,7633016.625
2011-27-10 04:00:00,0,1.54,7643577.688
2011-27-10 05:00:00,0,2.478,7657655.188
2011-27-10 06:00:00,0.201,2.865,7674375.219
2011-27-10 07:00:00,0.402,2.338,7691360.906
2011-27-10 08:00:00,0,1.309,7705894.719
2011-27-10 09:00:00,0.402,0.176,7716829.719
2011-27-10 10:00:00,0,-1.181,7724322.219
2011-27-10 11:00:00,0,-2.304,7730041.031
2011-27-10 12:00:00,0,-2.55,7735147.125
2011-27-10 13:00:00,0,-2.053,7740042.406
2011-27-10 14:00:00,0,-1.17,7744873.563
2011-27-10 15:00:00,0,-0.088,7749812.969
2011-27-10 16:00:00,0,1.043,7756268.656
2011-27-10 17:00:00,0,2.062,7766569.625
2011-27-10 18:00:00,0,2.685,7779948.156
2011-27-10 19:00:00,0,2.538,7794560.438
2011-27-10 20:00:00,0.201,1.584,7807623.656
2011-27-10 21:00:00,0,0.486,7817258.813
2011-27-10 22:00:00,0,-0.71,7823271.188
2011-27-10 23:00:00,0,-2.013,7826942.5
2011-28-10 00:00:00,0,-2.666,7829664.469
2011-28-10 01:00:00,0,-2.359,7832022.938
2011-28-10 02:00:00,0,-1.639,7834118
2011-28-10 03:00:00,0,-0.517,7835941.969
2011-28-10 04:00:00,0,0.608,7838133.156
2011-28-10 05:00:00,0,1.775,7843493.375
2011-28-10 06:00:00,0,2.639,7852362.75
2011-28-10 07:00:00,0,2.806,7863165.719
2011-28-10 08:00:00,0,2.07,7873137
2011-28-10 09:00:00,0,0.915,7879775.719
2011-28-10 10:00:00,0,-0.227,7882438
2011-28-10 11:00:00,0,-1.557,7881991.406
2011-28-10 12:00:00,0,-2.485,7880103.844
2011-28-10 13:00:00,0,-2.551,7877655.469
2011-28-10 14:00:00,0,-1.964,7874832.281
2011-28-10 15:00:00,0,-0.948,7871627.844
2011-28-10 16:00:00,0.804,0.277,7868266.531
2011-28-10 17:00:00,0,1.297,7866964.344
2011-28-10 18:00:00,0.402,2.193,7868884.313
2011-28-10 19:00:00,0.201,2.752,7873367.656
2011-28-10 20:00:00,0,2.353,7878415.125
2011-28-10 21:00:00,0,1.431,7881448.656
2011-28-10 22:00:00,0.603,0.307,7881074.063
2011-28-10 23:00:00,0,-0.929,7877161.969
2011-29-10 00:00:00,0.603,-2.055,7871343.844
2011-29-10 01:00:00,2.01,-2.451,7864975.063
2011-29-10 02:00:00,0.804,-2.007,7858473.906
2011-29-10 03:00:00,0,-1.16,7851995.313
2011-29-10 04:00:00,0,-0.08,7845955.625
2011-29-10 05:00:00,0,0.925,7841767.094
2011-29-10 06:00:00,0,2.06,7842336.156
2011-29-10 07:00:00,0.402,2.706,7847376.969
2011-29-10 08:00:00,0,2.679,7854598.344
2011-29-10 09:00:00,0,1.925,7862491.219
2011-29-10 10:00:00,0.201,0.822,7868358.25
2011-29-10 11:00:00,5.025,-0.221,7870722.469
2011-29-10 12:00:00,0.603,-1.618,7870272.219
2011-29-10 13:00:00,0,-2.414,7868937.656
2011-29-10 14:00:00,0,-2.183,7868010.406
2011-29-10 15:00:00,0,-1.502,7868100.25
2011-29-10 16:00:00,0.201,-0.553,7868537.344
2011-29-10 17:00:00,0,0.335,7870420.563
2011-29-10 18:00:00,0,1.355,7876374.406
2011-29-10 19:00:00,0,2.286,7885987.844
2011-29-10 20:00:00,0,2.519,7897313.844
2011-29-10 21:00:00,0,2.038,7907973.125
2011-29-10 22:00:00,0,1.078,7915954.844
2011-29-10 23:00:00,0,0.032,7920090.75
2011-30-10 00:00:00,0,-1.074,7920727.063
2011-30-10 01:00:00,0,-1.941,7919473.594
2011-30-10 02:00:00,0.402,-2.167,7917329.906
2011-30-10 03:00:00,0,-1.716,7914890.344
2011-30-10 04:00:00,0,-0.841,7912217.938
2011-30-10 05:00:00,0,0.108,7909520.656
2011-30-10 06:00:00,0,1.081,7908306.938
2011-30-10 07:00:00,0,1.956,7910049.25
2011-30-10 08:00:00,0,2.448,7914080.938
2011-30-10 09:00:00,0,2.349,7919084.938
2011-30-10 10:00:00,0,1.441,7922567
2011-30-10 11:00:00,0,0.492,7922890.125
2011-30-10 12:00:00,0,-0.553,7920012.344
2011-30-10 13:00:00,0,-1.647,7914958.469
2011-30-10 14:00:00,0,-2.243,7908975.906
2011-30-10 15:00:00,0,-1.899,7902667.625
2011-30-10 16:00:00,0,-1.29,7896251.969
2011-30-10 17:00:00,0,-0.469,7889781.125
2011-30-10 18:00:00,0,0.364,7883587.688
2011-30-10 19:00:00,1.206,1.351,7879529.125
2011-30-10 20:00:00,2.814,1.937,7878423.781
2011-30-10 21:00:00,0,2.236,7879174.25
2011-30-10 22:00:00,0,1.694,7880323.688
2011-30-10 23:00:00,0,0.75,7879882.5
2011-31-10 00:00:00,0,0.057,7877526.719
2011-31-10 01:00:00,0,-0.97,7873632
2011-31-10 02:00:00,0,-1.661,7869041.813
2011-31-10 03:00:00,0,-1.505,7864906.031
2011-31-10 04:00:00,0,-1.166,7861073.906
2011-31-10 05:00:00,0,-0.394,7857045.5
2011-31-10 06:00:00,0,0.542,7853456.531
2011-31-10 07:00:00,0,1.22,7852234.688
2011-31-10 08:00:00,0,2.025,7853252.719
2011-31-10 09:00:00,0.804,2.352,7856172.5
2011-31-10 10:00:00,5.025,2.021,7859486.344
2011-31-10 11:00:00,2.01,1.259,7861381.625
2011-31-10 12:00:00,0.804,0.421,7862636.938
2011-31-10 13:00:00,1.005,-0.621,7866743.531
2011-31-10 14:00:00,0,-1.527,7874515.344
2011-31-10 15:00:00,0.201,-1.77,7884472.906
2011-31-10 16:00:00,0.402,-1.488,7899533.344
2011-31-10 17:00:00,0,-0.972,7919126.5
2011-31-10 18:00:00,0.201,-0.226,7939700.344
2011-31-10 19:00:00,0,0.339,7960558.781
2011-31-10 20:00:00,0,1.15,7982176.156
2011-31-10 21:00:00,0,1.77,8004569.375
2011-31-10 22:00:00,0,1.773,8026664.531
2011-31-10 23:00:00,0,1.259,8046581.656
11/01/2011 00:00,0,0.798,8063260.281
11/01/2011 01:00,0,-0.041,8076557.5
11/01/2011 02:00,0,-0.907,8086336
11/01/2011 03:00,0.201,-1.229,8094003.531
11/01/2011 04:00,0,-1.206,8100495.094
11/01/2011 05:00,0.201,-0.857,8106016.063
11/01/2011 06:00,0,-0.159,8110863.719
11/01/2011 07:00,0,0.393,8115633.781
11/01/2011 08:00,0,0.965,8121524.031
11/01/2011 09:00,0,1.655,8129207.625
11/01/2011 10:00,0,1.838,8138072.844
11/01/2011 11:00,0,1.553,8146459.844
11/01/2011 12:00,0,0.923,8153318.688
11/01/2011 13:00,0,0.236,8157647
11/01/2011 14:00,0,-0.674,8159467.594
11/01/2011 15:00,0,-1.279,8159719.063
11/01/2011 16:00,0,-1.452,8158970.219
11/01/2011 17:00,0,-1.262,8157664.781
11/01/2011 18:00,0,-0.793,8155983.781
11/01/2011 19:00,0,-0.257,8154180.938
11/01/2011 20:00,0,0.29,8152831.406
11/01/2011 21:00,0,0.956,8152662.813
11/01/2011 22:00,0,1.507,8154387.031
11/01/2011 23:00,0.201,1.581,8157236.688
11/02/2011 00:00,0,1.258,8159904.219
11/02/2011 01:00,0.201,0.755,8161181.688
11/02/2011 02:00,0.201,0.238,8160449.75
11/02/2011 03:00,0.603,-0.362,8157845.844
11/02/2011 04:00,0.402,-0.59,8154032.5
11/02/2011 05:00,0.201,-0.584,8149838.375
11/02/2011 06:00,0,-0.357,8145556.031
11/02/2011 07:00,0,0.124,8141329.438
11/02/2011 08:00,0.201,0.698,8138002.688
11/02/2011 09:00,0.201,1.131,8136730.094
11/02/2011 10:00,0.201,1.67,8137275.5
11/02/2011 11:00,0.402,1.891,8139216.906
11/02/2011 12:00,0.603,1.64,8141409.375
11/02/2011 13:00,0.402,1.187,8142463.5
11/02/2011 14:00,0.402,0.668,8141956.063
11/02/2011 15:00,0,-0.029,8139745.688
11/02/2011 16:00,0.402,-0.57,8135834.688
11/02/2011 17:00,1.407,-0.757,8131242.344
11/02/2011 18:00,0.603,-0.664,8126683.094
11/02/2011 19:00,0,-0.365,8122671.469
11/02/2011 20:00,0.402,0.05,8120274.688
11/02/2011 21:00,0,0.414,8120068.813
11/02/2011 22:00,0,0.96,8122042.844
11/02/2011 23:00,0,1.431,8126462.813
11/03/2011 00:00,0,1.561,8133124.469
11/03/2011 01:00,0,1.246,8140531.563
11/03/2011 02:00,0,0.797,8146795.281
11/03/2011 03:00,0,0.439,8151391.219
11/03/2011 04:00,0,0.023,8154277.625
11/03/2011 05:00,0,-0.359,8155417.719
11/03/2011 06:00,0,-0.392,8155419.094
11/03/2011 07:00,0,-0.309,8154746.406
11/03/2011 08:00,0,0.098,8153898.031
11/03/2011 09:00,0.201,0.515,8153507.281
11/03/2011 10:00,0,0.935,8154255.688
11/03/2011 11:00,0,1.415,8156207.781
11/03/2011 12:00,0,1.68,8159027.938
11/03/2011 13:00,0,1.489,8161959.813
11/03/2011 14:00,0,1.18,8163757.813
11/03/2011 15:00,0,0.684,8164106.375
11/03/2011 16:00,0,0.107,8162481.25
11/03/2011 17:00,0,-0.379,8158798.125
11/03/2011 18:00,0,-0.653,8153950.156
11/03/2011 19:00,0,-0.751,8148589.156
11/03/2011 20:00,0,-0.558,8143016.563
11/03/2011 21:00,1.407,-0.202,8137313.5
11/03/2011 22:00,1.407,0.148,8131797.781
11/03/2011 23:00,0,0.691,8127325.875
11/04/2011 00:00,0,1.089,8125177
11/04/2011 01:00,0,1.265,8125920.594
11/04/2011 02:00,0.201,1.114,8127723.781
11/04/2011 03:00,0,0.81,8129162.031
11/04/2011 04:00,0,0.387,8130792.25
11/04/2011 05:00,0,0.014,8131272.344
11/04/2011 06:00,0,-0.318,8130255.188
11/04/2011 07:00,0,-0.569,8127952.75
11/04/2011 08:00,0,-0.501,8124716.375
11/04/2011 09:00,0,-0.114,8120793.531
11/04/2011 10:00,0,0.183,8116702.844
11/04/2011 11:00,0,0.653,8113239.531
11/04/2011 12:00,0,1.079,8111080.625
11/04/2011 13:00,0,1.288,8109665.875
11/04/2011 14:00,0,1.283,8108398.219
11/04/2011 15:00,2.211,1.026,8106444
11/04/2011 16:00,0,0.527,8103143.719
11/04/2011 17:00,0,-0.066,8098152.313
11/04/2011 18:00,0,-0.518,8091764.719
11/04/2011 19:00,0,-0.954,8084616.563
11/04/2011 20:00,0,-0.975,8077033.375
11/04/2011 21:00,0,-0.802,8069108.344
11/04/2011 22:00,0,-0.517,8060910.781
11/04/2011 23:00,0,-0.069,8052843.281
11/05/2011 00:00,0,0.466,8045612.281
11/05/2011 01:00,0.201,0.957,8040006.625
11/05/2011 02:00,0,1.16,8035776.688
11/05/2011 03:00,0,1.069,8031652.031
11/05/2011 04:00,0,0.698,8026736.844
11/05/2011 05:00,0,0.334,8020600.781
11/05/2011 06:00,0,-0.099,8013049.031
11/05/2011 07:00,0,-0.675,8004164.188
11/05/2011 08:00,0,-0.896,7994290.219
11/05/2011 09:00,0,-0.828,7983889.969
11/05/2011 10:00,0,-0.556,7973302.406
11/05/2011 11:00,0.201,-0.107,7962845.75
11/05/2011 12:00,0,0.377,7953023.219
11/05/2011 13:00,0,0.8,7944540.438
11/05/2011 14:00,0,1.197,7937425.5
11/05/2011 15:00,0,1.201,7931107.719
11/05/2011 16:00,0,0.901,7924374.469
11/05/2011 17:00,0,0.336,7916209.281
11/05/2011 18:00,0,-0.192,7906147.063
11/05/2011 19:00,0,-0.794,7894727.375
11/05/2011 20:00,0,-1.173,7882541.75
11/05/2011 21:00,0,-1.247,7870021.688
11/05/2011 22:00,0,-1.086,7857335.5
11/05/2011 23:00,0,-0.656,7844520.5
11/06/2011 00:00,0,-0.152,7831847.063
11/06/2011 01:00,0,0.343,7819824
11/06/2011 02:00,0,0.878,7809177
11/06/2011 03:00,0,1.179,7799983.594
11/06/2011 04:00,0,0.95,7791105.938
11/06/2011 05:00,0,0.66,7781439.688
11/06/2011 06:00,0,0.129,7770531.844
11/06/2011 07:00,0,-0.556,7757997.656
11/06/2011 08:00,0,-0.955,7744359.25
11/06/2011 09:00,0,-1.215,7730224.141
11/06/2011 10:00,0,-1.19,7715779.531
11/06/2011 11:00,0,-0.78,7701231.828
11/06/2011 12:00,0,-0.24,7686813.891
11/06/2011 13:00,0,0.27,7672968.25
11/06/2011 14:00,0,0.884,7660590.609
11/06/2011 15:00,0,1.215,7650094.688
11/06/2011 16:00,0,1.116,7640209.984
11/06/2011 17:00,0,0.894,7629673.531
11/06/2011 18:00,0,0.213,7617813.531
11/06/2011 19:00,0,-0.502,7603982.109
11/06/2011 20:00,0,-1.07,7588873.219
11/06/2011 21:00,0,-1.446,7573225.438
11/06/2011 22:00,0,-1.61,7557373.906
11/06/2011 23:00,0,-1.205,7541418.844
11/07/2011 00:00,0,-0.571,7525486.781
11/07/2011 01:00,0,-0.14,7509847.5
11/07/2011 02:00,0,0.58,7494949.953
11/07/2011 03:00,0,1.022,7482050.922
11/07/2011 04:00,0,1.273,7470581.703
11/07/2011 05:00,0,1.128,7459542.094
11/07/2011 06:00,0.201,0.573,7447662.844
11/07/2011 07:00,0,-0.109,7433958.891
11/07/2011 08:00,0,-0.769,7418489.781
11/07/2011 09:00,0,-1.202,7401957.688
11/07/2011 10:00,0,-1.462,7385042.188
11/07/2011 11:00,0,-1.371,7367994.531
11/07/2011 12:00,0.201,-0.685,7350903.5
11/07/2011 13:00,0,-0.114,7333984.609
11/07/2011 14:00,0,0.494,7317873.297
11/07/2011 15:00,0,1.194,7303834.969
11/07/2011 16:00,0,1.357,7291704.469
11/07/2011 17:00,0,1.274,7280000.656
11/07/2011 18:00,0,0.868,7267700.969
11/07/2011 19:00,0,0.09,7253739.375
11/07/2011 20:00,0,-0.671,7237696.203
11/07/2011 21:00,0,-1.291,7220481.641
11/07/2011 22:00,0,-1.621,7202832.641
11/07/2011 23:00,0,-1.353,7185058.078
11/08/2011 00:00,0,-0.944,7167257.25
11/08/2011 01:00,0,-0.299,7149613.047
11/08/2011 02:00,0,0.369,7132627.672
11/08/2011 03:00,0,1.116,7117521.531
11/08/2011 04:00,0,1.546,7104744.641
11/08/2011 05:00,0,1.657,7093197.547
11/08/2011 06:00,0,1.255,7081517.547
11/08/2011 07:00,0,0.476,7068182.547
11/08/2011 08:00,0,-0.075,7052595.875
11/08/2011 09:00,0,-0.922,7035423.266
11/08/2011 10:00,0,-1.518,7017347.813
11/08/2011 11:00,0,-1.441,6998959.234
11/08/2011 12:00,0,-0.988,6980465.305
11/08/2011 13:00,0,-0.456,6961958.344
11/08/2011 14:00,0,0.275,6944023.477
11/08/2011 15:00,0,1.071,6928064.195
11/08/2011 16:00,0,1.553,6914730.633
11/08/2011 17:00,0,1.741,6902780.273
11/08/2011 18:00,0,1.362,6890745.867
11/08/2011 19:00,0,0.698,6877138.492
11/08/2011 20:00,0,-0.037,6861258.867
11/08/2011 21:00,0,-0.809,6843378.367
11/08/2011 22:00,0,-1.507,6824491.18
11/08/2011 23:00,0,-1.589,6805247.172
11/09/2011 00:00,0,-1.164,6785909.414
11/09/2011 01:00,0,-0.613,6766610.313
11/09/2011 02:00,0,0.163,6747727.656
11/09/2011 03:00,0.201,0.878,6730467.734
11/09/2011 04:00,0.201,1.553,6715894.102
11/09/2011 05:00,0,1.922,6703425.32
11/09/2011 06:00,0,1.754,6691747.117
11/09/2011 07:00,0.402,1.071,6679025.164
11/09/2011 08:00,0.201,0.231,6664005.211
11/09/2011 09:00,0,-0.405,6646637.281
11/09/2011 10:00,0,-1.312,6627921.219
11/09/2011 11:00,0,-1.618,6608584.594
11/09/2011 12:00,0,-1.405,6589090.711
11/09/2011 13:00,0,-0.816,6569608.961
11/09/2011 14:00,0.201,-0.033,6550379.219
11/09/2011 15:00,0,0.733,6532373.891
11/09/2011 16:00,0,1.41,6517050.891
11/09/2011 17:00,0,1.821,6503956.883
11/09/2011 18:00,0,1.925,6492128.352
11/09/2011 19:00,0,1.269,6479928.879
11/09/2011 20:00,0,0.445,6465428.113
11/09/2011 21:00,0,-0.359,6448310.816
11/09/2011 22:00,0,-1.191,6429449.926
11/09/2011 23:00,0,-1.651,6409857.289
11/10/2011 00:00,0,-1.491,6390090.465
11/10/2011 01:00,0,-0.998,6370326.559
11/10/2011 02:00,0,-0.215,6350723.961
11/10/2011 03:00,0,0.568,6332032.867
11/10/2011 04:00,0.201,1.297,6315900.504
11/10/2011 05:00,0,1.863,6302372.324
11/10/2011 06:00,0,2.031,6290507.105
11/10/2011 07:00,0,1.511,6278511.578
11/10/2011 08:00,0,0.7,6264482.852
11/10/2011 09:00,0,-0.122,6247858.965
11/10/2011 10:00,0,-1.007,6229160.438
11/10/2011 11:00,0,-1.729,6209494.379
11/10/2011 12:00,0,-1.765,6189533.84
11/10/2011 13:00,0,-1.376,6169475.1
11/10/2011 14:00,0,-0.66,6149301.615
11/10/2011 15:00,0,0.256,6129479.375
11/10/2011 16:00,0,0.972,6111580.326
11/10/2011 17:00,0,1.567,6096431.342
11/10/2011 18:00,0,1.975,6083346.627
11/10/2011 19:00,0,1.6,6070824.545
11/10/2011 20:00,0,0.909,6056688.598
11/10/2011 21:00,0,0.017,6040088.086
11/10/2011 22:00,0,-0.935,6021103.076
11/10/2011 23:00,0,-1.601,6000921.068
11/11/2011 00:00,0,-1.72,5980408.423
11/11/2011 01:00,0.201,-1.374,5959865.707
11/11/2011 02:00,0,-0.739,5939395.217
11/11/2011 03:00,0,0.227,5919311.766
11/11/2011 04:00,0,0.986,5901175.902
11/11/2011 05:00,0,1.691,5886069.295
11/11/2011 06:00,0,2.085,5873285.955
11/11/2011 07:00,0,2.011,5861501.137
11/11/2011 08:00,0.603,1.308,5848734.16
11/11/2011 09:00,0.402,0.49,5833464.533
11/11/2011 10:00,2.01,-0.353,5815578.645
11/11/2011 11:00,5.829,-1.178,5795998.213
11/11/2011 12:00,0.402,-1.595,5776089.901
11/11/2011 13:00,0,-1.456,5756697.504
11/11/2011 14:00,0,-0.744,5737862.41
11/11/2011 15:00,0,0.127,5719821.724
11/11/2011 16:00,0,0.975,5705056.117
11/11/2011 17:00,0,1.563,5695373.814
11/11/2011 18:00,0,2.057,5690293.324
11/11/2011 19:00,0,2.269,5689728.963
11/11/2011 20:00,0,1.771,5689440.805
11/11/2011 21:00,0,0.913,5686411.809
11/11/2011 22:00,0,-0.158,5679600.605
11/11/2011 23:00,0,-0.971,5669791.404
11/12/2011 00:00,0,-1.364,5658542.934
11/12/2011 01:00,0,-1.274,5646696.053
11/12/2011 02:00,0.201,-0.774,5634391.424
11/12/2011 03:00,0,0,5621888.875
11/12/2011 04:00,0,0.688,5610460.285
11/12/2011 05:00,0,1.344,5601374.453
11/12/2011 06:00,0,1.918,5594478.236
11/12/2011 07:00,0,1.975,5588931.205
11/12/2011 08:00,0,1.495,5582773.666
11/12/2011 09:00,0,0.648,5574408.125
11/12/2011 10:00,0,-0.184,5563043.201
11/12/2011 11:00,0,-1.096,5549376.695
11/12/2011 12:00,0,-1.96,5534676.037
11/12/2011 13:00,0,-1.951,5519538.867
11/12/2011 14:00,0,-1.577,5504112.129
11/12/2011 15:00,0,-0.861,5488629.137
11/12/2011 16:00,0,0.001,5473411.203
11/12/2011 17:00,0,0.746,5459359.635
11/12/2011 18:00,0,1.41,5447949.27
11/12/2011 19:00,0,1.878,5438923.529
11/12/2011 20:00,0,1.623,5430772.719
11/12/2011 21:00,0,0.778,5421039.705
11/12/2011 22:00,0,-0.029,5408439.305
11/12/2011 23:00,0,-0.763,5393352.512
2011-13-11 00:00:00,0,-1.708,5377070.469
2011-13-11 01:00:00,0,-1.81,5360404.828
2011-13-11 02:00:00,0,-1.36,5343707.017
2011-13-11 03:00:00,0,-0.8,5327049.426
2011-13-11 04:00:00,0,0.182,5310720.921
2011-13-11 05:00:00,0,0.923,5296134.285
2011-13-11 06:00:00,0,1.571,5284404.377
2011-13-11 07:00:00,0,2.104,5275043.837
2011-13-11 08:00:00,0,1.923,5266845.218
2011-13-11 09:00:00,0,1.271,5257461.794
2011-13-11 10:00:00,0,0.481,5245561.604
2011-13-11 11:00:00,0,-0.354,5230941.83
2011-13-11 12:00:00,0,-1.327,5214442.524
2011-13-11 13:00:00,0,-1.689,5197191.361
2011-13-11 14:00:00,0,-1.554,5179773.228
2011-13-11 15:00:00,0,-1.086,5162375.322
2011-13-11 16:00:00,0,-0.186,5145170.386
2011-13-11 17:00:00,0,0.55,5128980.028
2011-13-11 18:00:00,0,1.165,5115340.271
2011-13-11 19:00:00,0,1.687,5104224.767
2011-13-11 20:00:00,0,1.895,5094721.564
2011-13-11 21:00:00,0,1.411,5085142.458
2011-13-11 22:00:00,0,0.531,5073399.06
2011-13-11 23:00:00,0,-0.242,5058733.228
2011-14-11 00:00:00,0,-1.088,5042084.344
2011-14-11 01:00:00,0,-1.542,5024588.271
2011-14-11 02:00:00,0,-1.366,5006866.904
2011-14-11 03:00:00,0,-1.017,4989076.787
2011-14-11 04:00:00,0,-0.233,4971357.262
2011-14-11 05:00:00,0,0.541,4954493.219
2011-14-11 06:00:00,0,1.311,4940390.98
2011-14-11 07:00:00,0,1.821,4929256.927
2011-14-11 08:00:00,0,2.072,4919914.645
2011-14-11 09:00:00,0,1.875,4910993.797
2011-14-11 10:00:00,0,1.022,4900537.416
2011-14-11 11:00:00,0,0.275,4887240.823
2011-14-11 12:00:00,0,-0.721,4871366.486
2011-14-11 13:00:00,0,-1.628,4853892.627
2011-14-11 14:00:00,0,-1.775,4835850.401
2011-14-11 15:00:00,0,-1.371,4817708.658
2011-14-11 16:00:00,0,-0.902,4799583.553
2011-14-11 17:00:00,0,-0.116,4781658.916
2011-14-11 18:00:00,0,0.542,4764744.149
2011-14-11 19:00:00,0,1.139,4750249.733
2011-14-11 20:00:00,0,1.682,4738293.308
2011-14-11 21:00:00,0,1.611,4727720.936
2011-14-11 22:00:00,0,0.855,4716175.18
2011-14-11 23:00:00,0,0.126,4702081.065
2011-15-11 00:00:00,0,-0.558,4685719.732
2011-15-11 01:00:00,0,-1.301,4668173.632
2011-15-11 02:00:00,0,-1.49,4650171.765
2011-15-11 03:00:00,0,-1.276,4632082.997
2011-15-11 04:00:00,0,-0.715,4614061.544
2011-15-11 05:00:00,0,0.074,4596389.283
2011-15-11 06:00:00,0,0.733,4580114.203
2011-15-11 07:00:00,0,1.288,4566606.62
2011-15-11 08:00:00,0,1.735,4555364.962
2011-15-11 09:00:00,0,1.808,4545476.775
2011-15-11 10:00:00,0,1.255,4535109.967
2011-15-11 11:00:00,0,0.517,4522486.168
2011-15-11 12:00:00,0,-0.3,4507238.446
2011-15-11 13:00:00,0,-1.105,4490135.192
2011-15-11 14:00:00,0,-1.612,4472291.103
2011-15-11 15:00:00,0,-1.552,4454266.052
2011-15-11 16:00:00,0,-1.143,4436203.429
2011-15-11 17:00:00,0,-0.603,4418179.029
2011-15-11 18:00:00,0,0.087,4400503.403
2011-15-11 19:00:00,0,0.808,4384240.159
2011-15-11 20:00:00,0,1.335,4370919.493
2011-15-11 21:00:00,0,1.538,4359497.255
2011-15-11 22:00:00,0,1.302,4348426.042
2011-15-11 23:00:00,0,0.697,4336102.049
2011-16-11 00:00:00,0,0.049,4321580.862
2011-16-11 01:00:00,0,-0.675,4305108.642
2011-16-11 02:00:00,0,-1.287,4287606.008
2011-16-11 03:00:00,0,-1.296,4269728.163
2011-16-11 04:00:00,0,-0.929,4251825.872
2011-16-11 05:00:00,0,-0.379,4234105.934
2011-16-11 06:00:00,0,0.225,4216960.64
2011-16-11 07:00:00,0,0.747,4201315.62
2011-16-11 08:00:00,0,1.36,4188268.152
2011-16-11 09:00:00,0,1.651,4177405.625
2011-16-11 10:00:00,0,1.529,4167273.494
2011-16-11 11:00:00,0,0.904,4156090.865
2011-16-11 12:00:00,0,0.239,4142609.255
2011-16-11 13:00:00,0,-0.427,4126905.59
2011-16-11 14:00:00,0,-1.156,4109913.505
2011-16-11 15:00:00,0,-1.457,4092365.891
2011-16-11 16:00:00,0.603,-1.336,4074703.295
2011-16-11 17:00:00,1.608,-0.948,4057118.109
2011-16-11 18:00:00,0.201,-0.44,4039776.602
2011-16-11 19:00:00,0,0.146,4023036.691
2011-16-11 20:00:00,0,0.781,4007814.263
2011-16-11 21:00:00,0.201,1.263,3995443.545
2011-16-11 22:00:00,0,1.401,3984859.439
2011-16-11 23:00:00,0,1.045,3974316.789
2011-17-11 00:00:00,0,0.46,3962277.581
2011-17-11 01:00:00,0,-0.123,3948143.091
2011-17-11 02:00:00,0,-0.673,3932553.138
2011-17-11 03:00:00,0,-1.092,3916266.38
2011-17-11 04:00:00,0.201,-1.12,3899720.066
2011-17-11 05:00:00,0,-0.827,3883203.43
2011-17-11 06:00:00,0,-0.261,3866951.212
2011-17-11 07:00:00,0,0.31,3851402.828
2011-17-11 08:00:00,0.804,0.771,3837447.21
2011-17-11 09:00:00,1.608,1.326,3825981.382
2011-17-11 10:00:00,1.407,1.54,3816561.6
2011-17-11 11:00:00,2.412,1.429,3807838.678
2011-17-11 12:00:00,2.211,1.055,3798603.126
2011-17-11 13:00:00,2.211,0.528,3788127.561
2011-17-11 14:00:00,0.804,-0.21,3776167.584
2011-17-11 15:00:00,1.206,-0.763,3766335.004
2011-17-11 16:00:00,0.402,-0.891,3765897.319
2011-17-11 17:00:00,0,-0.885,3774715.04
2011-17-11 18:00:00,0,-0.585,3790436.619
2011-17-11 19:00:00,0.201,-0.008,3813683.934
2011-17-11 20:00:00,0,0.375,3840154.1
2011-17-11 21:00:00,0.201,0.92,3867423.842
2011-17-11 22:00:00,0.201,1.375,3895161.934
2011-17-11 23:00:00,0.402,1.403,3921451.902
2011-18-11 00:00:00,0.201,1.095,3944738.879
2011-18-11 01:00:00,0,0.555,3964186.707
2011-18-11 02:00:00,0,-0.068,3979371.664
2011-18-11 03:00:00,0.201,-0.467,3991368.023
2011-18-11 04:00:00,0.201,-0.785,4001445.305
2011-18-11 05:00:00,0.201,-0.881,4010183.57
2011-18-11 06:00:00,0,-0.569,4018237.023
2011-18-11 07:00:00,0.201,-0.111,4026050.867
2011-18-11 08:00:00,0,0.326,4034023.469
2011-18-11 09:00:00,0,0.946,4042735.016
2011-18-11 10:00:00,0.603,1.188,4053214.563
2011-18-11 11:00:00,3.216,1.42,4064128.203
2011-18-11 12:00:00,0,1.252,4074877.078
2011-18-11 13:00:00,0.402,0.805,4084775.281
2011-18-11 14:00:00,0.201,0.316,4093965.648
2011-18-11 15:00:00,0.402,-0.306,4102191.422
2011-18-11 16:00:00,0.804,-0.85,4109716.258
2011-18-11 17:00:00,0.402,-1.148,4117703.539
2011-18-11 18:00:00,0.201,-0.934,4125937.297
2011-18-11 19:00:00,0.201,-0.779,4133783.5
2011-18-11 20:00:00,0,-0.298,4141356.984
2011-18-11 21:00:00,0.201,0.123,4149050.555
2011-18-11 22:00:00,0.402,0.831,4157598.938
2011-18-11 23:00:00,1.206,1.174,4168397.82
2011-19-11 00:00:00,0.402,1.342,4180301.609
2011-19-11 01:00:00,0,1.043,4192138.766
2011-19-11 02:00:00,0.603,0.657,4202775.516
2011-19-11 03:00:00,0.804,0.112,4211959.07
2011-19-11 04:00:00,0.804,-0.307,4219834.844
2011-19-11 05:00:00,0.201,-0.687,4227518.406
2011-19-11 06:00:00,0,-0.779,4235651.328
2011-19-11 07:00:00,0,-0.679,4244587.938
2011-19-11 08:00:00,0.201,-0.196,4254587.766
2011-19-11 09:00:00,0,0.232,4265704.594
2011-19-11 10:00:00,0,0.668,4277992.531
2011-19-11 11:00:00,0,1.045,4292220.953
2011-19-11 12:00:00,0,1.383,4307877.578
2011-19-11 13:00:00,0,1.173,4323320.313
2011-19-11 14:00:00,0,0.766,4336868.5
2011-19-11 15:00:00,0,0.246,4347826.25
2011-19-11 16:00:00,0,-0.37,4356301.938
2011-19-11 17:00:00,0,-0.928,4362852.219
2011-19-11 18:00:00,0,-1.187,4368182.703
2011-19-11 19:00:00,0,-1.257,4372876.563
2011-19-11 20:00:00,0,-1.071,4376911.203
2011-19-11 21:00:00,0,-0.563,4380385.391
2011-19-11 22:00:00,0,0.007,4383778.641
2011-19-11 23:00:00,0,0.625,4387807.641
2011-20-11 00:00:00,0,1.091,4394081.359
2011-20-11 01:00:00,0,1.214,4401878.438
2011-20-11 02:00:00,0,1.122,4409481.734
2011-20-11 03:00:00,0,0.718,4416035.359
2011-20-11 04:00:00,0,0.124,4420384.328
2011-20-11 05:00:00,0,-0.348,4422526.688
2011-20-11 06:00:00,0,-0.811,4423453.969
2011-20-11 07:00:00,0,-1.09,4423721.391
2011-20-11 08:00:00,0,-0.894,4423434.328
2011-20-11 09:00:00,0,-0.461,4422914.906
2011-20-11 10:00:00,0,-0.096,4422553.703
2011-20-11 11:00:00,0,0.545,4422877.531
2011-20-11 12:00:00,0,1.09,4425302.859
2011-20-11 13:00:00,0,1.302,4429546.906
2011-20-11 14:00:00,0,1.28,4434213.344
2011-20-11 15:00:00,0,0.994,4438256.906
2011-20-11 16:00:00,0,0.397,4440702.266
2011-20-11 17:00:00,0,-0.26,4440663.922
2011-20-11 18:00:00,0,-0.891,4438824.391
2011-20-11 19:00:00,0.201,-1.296,4436071.367
2011-20-11 20:00:00,0.201,-1.377,4432984.008
2011-20-11 21:00:00,0.804,-1.165,4429792.227
2011-20-11 22:00:00,0,-0.634,4426507.469
2011-20-11 23:00:00,0,-0.057,4423457.836
2011-21-11 00:00:00,0,0.705,4421519.43
2011-21-11 01:00:00,0,1.245,4422579.836
2011-21-11 02:00:00,0,1.488,4425690.719
2011-21-11 03:00:00,0.201,1.343,4429236.188
2011-21-11 04:00:00,0.201,0.782,4431631.609
2011-21-11 05:00:00,0,0.239,4431849.953
2011-21-11 06:00:00,0.201,-0.456,4429972.586
2011-21-11 07:00:00,0.603,-1.109,4426736.734
2011-21-11 08:00:00,0,-1.365,4422899.195
2011-21-11 09:00:00,0.201,-1.197,4418927.609
2011-21-11 10:00:00,1.005,-0.763,4414993.016
2011-21-11 11:00:00,0.201,-0.232,4411284.844
2011-21-11 12:00:00,0.201,0.436,4408362.844
2011-21-11 13:00:00,0,1.01,4407715.945
2011-21-11 14:00:00,0.201,1.388,4409730.695
2011-21-11 15:00:00,1.206,1.463,4413021.586
2011-21-11 16:00:00,1.206,1.07,4416313.289
2011-21-11 17:00:00,1.608,0.397,4418172.938
2011-21-11 18:00:00,0.804,-0.38,4418148.219
2011-21-11 19:00:00,0.201,-1.173,4417760.578
2011-21-11 20:00:00,0,-1.603,4418722.109
2011-21-11 21:00:00,0,-1.754,4421824.828
2011-21-11 22:00:00,0,-1.487,4426566.109
2011-21-11 23:00:00,0,-0.809,4433198.461
2011-22-11 00:00:00,0,-0.092,4441747.258
2011-22-11 01:00:00,0,0.742,4451700.641
2011-22-11 02:00:00,0,1.421,4464602.711
2011-22-11 03:00:00,0,1.659,4479215.711
2011-22-11 04:00:00,0,1.453,4493193.695
2011-22-11 05:00:00,0,0.906,4505232.859
2011-22-11 06:00:00,0,0.103,4513994.211
2011-22-11 07:00:00,0,-0.713,4519465.625
2011-22-11 08:00:00,0,-1.411,4523175.672
2011-22-11 09:00:00,0,-1.769,4525802.969
2011-22-11 10:00:00,0,-1.571,4527673.813
2011-22-11 11:00:00,0,-0.98,4529108.484
2011-22-11 12:00:00,0.201,-0.202,4530197.086
2011-22-11 13:00:00,0,0.456,4531752.711
2011-22-11 14:00:00,0,1.242,4535530.391
2011-22-11 15:00:00,0,1.789,4542198.492
2011-22-11 16:00:00,0,1.792,4550152.469
2011-22-11 17:00:00,0,1.24,4557085.133
2011-22-11 18:00:00,0,0.445,4561266.039
2011-22-11 19:00:00,0,-0.396,4562159.203
2011-22-11 20:00:00,0,-1.287,4560841.258
2011-22-11 21:00:00,0,-1.856,4558666.93
2011-22-11 22:00:00,0,-1.926,4556255.008
2011-22-11 23:00:00,0,-1.493,4553645.125
2011-23-11 00:00:00,0,-0.673,4550789.773
2011-23-11 01:00:00,0,0.167,4547980.445
2011-23-11 02:00:00,0,1.116,4547046.977
2011-23-11 03:00:00,0,1.874,4550149.633
2011-23-11 04:00:00,0,2.159,4555554.867
2011-23-11 05:00:00,0,1.859,4561129.172
2011-23-11 06:00:00,0,1.056,4564719.25
2011-23-11 07:00:00,0,0.222,4565016.242
2011-23-11 08:00:00,0,-0.771,4562306.93
2011-23-11 09:00:00,0,-1.625,4557973.773
2011-23-11 10:00:00,0,-1.947,4553085.383
2011-23-11 11:00:00,0,-1.592,4547997.234
2011-23-11 12:00:00,0,-0.96,4542715.734
2011-23-11 13:00:00,1.005,-0.23,4537387.25
2011-23-11 14:00:00,0,0.659,4532971.406
2011-23-11 15:00:00,0,1.62,4532174.578
2011-23-11 16:00:00,0.201,2.098,4534872.492
2011-23-11 17:00:00,0.201,1.979,4538884.977
2011-23-11 18:00:00,0.402,1.447,4541931.461
2011-23-11 19:00:00,0.603,0.559,4542528.219
2011-23-11 20:00:00,0.603,-0.47,4539944.25
2011-23-11 21:00:00,0.402,-1.56,4535374.641
2011-23-11 22:00:00,0.201,-2.063,4530407.992
2011-23-11 23:00:00,0.804,-2.044,4526008.992
2011-24-11 00:00:00,0.402,-1.453,4523101.141
2011-24-11 01:00:00,0.402,-0.521,4523017.93
2011-24-11 02:00:00,0.201,0.374,4527024.484
2011-24-11 03:00:00,0,1.389,4536915.883
2011-24-11 04:00:00,0,2.181,4553412.219
2011-24-11 05:00:00,0,2.419,4574387.617
2011-24-11 06:00:00,0,1.85,4595855.203
2011-24-11 07:00:00,0,1.003,4614391.766
2011-24-11 08:00:00,0,0.026,4628589.195
2011-24-11 09:00:00,0,-1.029,4638654.398
2011-24-11 10:00:00,0,-1.815,4646382.445
2011-24-11 11:00:00,0,-2.083,4652680.727
2011-24-11 12:00:00,0,-1.527,4658097.984
2011-24-11 13:00:00,0,-0.746,4662608.172
2011-24-11 14:00:00,0.201,0.185,4666632.336
2011-24-11 15:00:00,1.005,1.164,4672260.445
2011-24-11 16:00:00,1.608,2.212,4681875.563
2011-24-11 17:00:00,1.005,2.658,4694850.43
2011-24-11 18:00:00,1.608,2.4,4708813.852
2011-24-11 19:00:00,1.206,1.532,4721199.68
2011-24-11 20:00:00,1.005,0.464,4731405.383
2011-24-11 21:00:00,0.804,-0.629,4741268.438
2011-24-11 22:00:00,0.402,-1.837,4754435.555
2011-24-11 23:00:00,0.402,-2.426,4770924.992
2011-25-11 00:00:00,0.603,-1.931,4791208.961
2011-25-11 01:00:00,0,-1.325,4815823.094
2011-25-11 02:00:00,0.201,-0.445,4842882.922
2011-25-11 03:00:00,0.804,0.712,4870791.313
2011-25-11 04:00:00,0,1.792,4901805.047
2011-25-11 05:00:00,0.201,2.482,4935590.313
2011-25-11 06:00:00,0,2.701,4970207.547
2011-25-11 07:00:00,0,1.999,5002609.141
2011-25-11 08:00:00,2.01,0.878,5029619.891
2011-25-11 09:00:00,0.201,-0.144,5051093.906
2011-25-11 10:00:00,0.603,-1.369,5068518.203
2011-25-11 11:00:00,0.402,-2.35,5083742.25
2011-25-11 12:00:00,0,-2.331,5098110.031
2011-25-11 13:00:00,0,-1.963,5111993.094
2011-25-11 14:00:00,0,-1.196,5125741.406
2011-25-11 15:00:00,0,-0.057,5140077.797
2011-25-11 16:00:00,0,0.984,5156364.359
2011-25-11 17:00:00,0,1.869,5176745.25
2011-25-11 18:00:00,0,2.246,5199563.906
2011-25-11 19:00:00,0.804,1.889,5222211
2011-25-11 20:00:00,0.201,1.06,5242241.984
2011-25-11 21:00:00,0.402,0.112,5258285.953
2011-25-11 22:00:00,0,-0.999,5270878.281
2011-25-11 23:00:00,0,-1.985,5281496.406
2011-26-11 00:00:00,0,-2.301,5291328.688
2011-26-11 01:00:00,0,-1.989,5300802.297
2011-26-11 02:00:00,0.402,-1.129,5309909.641
2011-26-11 03:00:00,0,0.074,5318884.781
2011-26-11 04:00:00,0,1.014,5329491.688
2011-26-11 05:00:00,0,2.071,5344060.078
2011-26-11 06:00:00,0,2.645,5362191.203
2011-26-11 07:00:00,0,2.644,5381877.203
2011-26-11 08:00:00,0,1.788,5400195.734
2011-26-11 09:00:00,0,0.721,5414558.234
2011-26-11 10:00:00,0.201,-0.329,5424738.5
2011-26-11 11:00:00,2.412,-1.704,5432110.984
2011-26-11 12:00:00,0.201,-2.374,5438148.813
2011-26-11 13:00:00,0,-2.244,5443954.453
2011-26-11 14:00:00,0,-1.707,5449851.547
2011-26-11 15:00:00,0,-0.721,5455917.016
2011-26-11 16:00:00,0,0.383,5462490.875
2011-26-11 17:00:00,0,1.421,5472193.906
2011-26-11 18:00:00,0,2.282,5486401.609
2011-26-11 19:00:00,0.201,2.668,5503880.406
2011-26-11 20:00:00,0,2.191,5521843.75
2011-26-11 21:00:00,0,1.305,5537183.063
2011-26-11 22:00:00,0.201,0.349,5548556.359
2011-26-11 23:00:00,0.603,-0.828,5556337.984
2011-27-11 00:00:00,2.211,-1.599,5562207.938
2011-27-11 01:00:00,1.206,-1.73,5567522.766
2011-27-11 02:00:00,0.402,-1.6,5572684.188
2011-27-11 03:00:00,0,-0.85,5578166.078
2011-27-11 04:00:00,0.402,0.174,5585075.234
2011-27-11 05:00:00,0,0.977,5596700.031
2011-27-11 06:00:00,0,2.002,5614902.453
2011-27-11 07:00:00,0,2.319,5638860.547
2011-27-11 08:00:00,0,2.06,5665043.016
2011-27-11 09:00:00,0,1.265,5689460.094
2011-27-11 10:00:00,0,0.115,5709628.281
2011-27-11 11:00:00,0,-1.084,5725276.844
2011-27-11 12:00:00,0,-2.117,5738531.125
2011-27-11 13:00:00,0,-2.747,5750405.375
2011-27-11 14:00:00,0,-2.298,5760946.469
2011-27-11 15:00:00,0,-1.746,5770608.219
2011-27-11 16:00:00,0,-0.76,5779468.375
2011-27-11 17:00:00,0,0.272,5787999.094
2011-27-11 18:00:00,0,1.235,5798523.5
2011-27-11 19:00:00,0,1.973,5812182.25
2011-27-11 20:00:00,0,2.123,5827363.688
2011-27-11 21:00:00,0,1.454,5841776.781
2011-27-11 22:00:00,0,0.666,5853274.156
2011-27-11 23:00:00,0,-0.288,5861241.031
2011-28-11 00:00:00,0,-1.446,5866527.25
2011-28-11 01:00:00,0,-2.191,5870409.438
2011-28-11 02:00:00,0,-1.978,5873813.938
2011-28-11 03:00:00,0,-1.458,5876927.969
2011-28-11 04:00:00,0,-0.656,5879675.25
2011-28-11 05:00:00,0,0.331,5882494.594
2011-28-11 06:00:00,0,1.331,5887790.844
2011-28-11 07:00:00,0,2.168,5896789
2011-28-11 08:00:00,0,2.537,5908226.188
2011-28-11 09:00:00,0,2.196,5919852.75
2011-28-11 10:00:00,0,1.303,5929241.469
2011-28-11 11:00:00,0,0.349,5935126.031
2011-28-11 12:00:00,0,-0.636,5937568.906
2011-28-11 13:00:00,0,-1.747,5938069.719
2011-28-11 14:00:00,0,-2.081,5937676.469
2011-28-11 15:00:00,0,-1.74,5936770.609
2011-28-11 16:00:00,0,-1.094,5935642.641
2011-28-11 17:00:00,0.402,-0.335,5934524
2011-28-11 18:00:00,0,0.497,5933949.75
2011-28-11 19:00:00,1.005,1.478,5936205.219
2011-28-11 20:00:00,2.412,2.128,5941960.188
2011-28-11 21:00:00,1.608,2.288,5949560.797
2011-28-11 22:00:00,0.804,1.543,5956636.297
2011-28-11 23:00:00,1.005,0.71,5961305.656
2011-29-11 00:00:00,1.005,-0.054,5963852.156
2011-29-11 01:00:00,1.608,-0.932,5966312.953
2011-29-11 02:00:00,1.407,-1.585,5970698.766
2011-29-11 03:00:00,4.824,-1.419,5979582.5
2011-29-11 04:00:00,4.221,-0.963,6002252.016
2011-29-11 05:00:00,1.608,-0.01,6048966.141
2011-29-11 06:00:00,1.608,0.774,6115030.094
2011-29-11 07:00:00,1.206,1.495,6198041.969
2011-29-11 08:00:00,2.613,2.198,6296156.781
2011-29-11 09:00:00,2.412,2.378,6403683.094
2011-29-11 10:00:00,2.814,1.871,6516187.656
2011-29-11 11:00:00,0.804,1.064,6631211.063
2011-29-11 12:00:00,0,0.125,6747332.375
2011-29-11 13:00:00,0,-0.809,6863994.688
2011-29-11 14:00:00,0,-1.718,6981469.844
2011-29-11 15:00:00,0.603,-1.787,7098668.813
2011-29-11 16:00:00,0,-1.466,7213213.688
2011-29-11 17:00:00,0.201,-0.98,7320367
2011-29-11 18:00:00,0,-0.267,7401359.906
2011-29-11 19:00:00,0,0.566,7475025.719
2011-29-11 20:00:00,0.201,1.396,7548433.188
2011-29-11 21:00:00,0.603,1.753,7622344.594
2011-29-11 22:00:00,1.206,1.575,7695187
2011-29-11 23:00:00,0,1.016,7765378.375
2011-30-11 00:00:00,0.201,0.259,7831971.344
2011-30-11 01:00:00,0,-0.463,7893905.281
2011-30-11 02:00:00,0.603,-1.303,7951386.531
2011-30-11 03:00:00,0.402,-1.58,8001666.313
2011-30-11 04:00:00,0.201,-1.253,8044262.375
2011-30-11 05:00:00,0,-0.833,8083709.25
2011-30-11 06:00:00,0,-0.082,8121690.563
2011-30-11 07:00:00,0.402,0.61,8159324.656
2011-30-11 08:00:00,0,1.383,8198282.719
2011-30-11 09:00:00,0,1.808,8238929.844
2011-30-11 10:00:00,0,1.939,8279726.875
2011-30-11 11:00:00,0,1.425,8318833.469
2011-30-11 12:00:00,0,0.798,8355145.406
2011-30-11 13:00:00,0,0.003,8388374.875
2011-30-11 14:00:00,0.201,-0.98,8418766.594
2011-30-11 15:00:00,0.201,-1.412,8447479.844
2011-30-11 16:00:00,0.603,-1.314,8475168.719
2011-30-11 17:00:00,1.206,-1.068,8502270.719
2011-30-11 18:00:00,1.809,-0.538,8529446.156
2011-30-11 19:00:00,0.603,0.208,8557750.125
2011-30-11 20:00:00,0,0.877,8589300.563
2011-30-11 21:00:00,0.603,1.598,8624523.5
2011-30-11 22:00:00,3.618,1.667,8662472.25
2011-30-11 23:00:00,1.407,1.487,8704088.188
12/01/2011 00:00,0.201,0.9,8751253.375
12/01/2011 01:00,0.402,0.521,8801449.188
12/01/2011 02:00,0.201,-0.308,8851943.688
12/01/2011 03:00,0,-1.043,8903944.063
12/01/2011 04:00,0,-1.26,8957681.5
12/01/2011 05:00,0,-0.978,9010858.125
12/01/2011 06:00,0,-0.51,9061920.125
12/01/2011 07:00,0.201,-0.016,9110941.125
12/01/2011 08:00,0.201,0.49,9158191.438
12/01/2011 09:00,0,1.19,9204568.313
12/01/2011 10:00,0.201,1.612,9250596.438
12/01/2011 11:00,1.005,1.583,9295476.5
12/01/2011 12:00,0,1.079,9338117.5
12/01/2011 13:00,0,0.454,9377690.75
12/01/2011 14:00,0,-0.226,9414204.5
12/01/2011 15:00,0,-0.953,9448258.5
12/01/2011 16:00,0,-1.31,9480799.813
12/01/2011 17:00,0,-1.349,9512462.188
12/01/2011 18:00,0,-1.178,9543476.188
12/01/2011 19:00,0,-0.593,9573724.438
12/01/2011 20:00,0,-0.099,9603468.938
12/01/2011 21:00,0,0.481,9633424.688
12/01/2011 22:00,0,0.974,9664455.875
12/01/2011 23:00,0,1.207,9696263.25
12/02/2011 00:00,0,1.004,9727915.938
12/02/2011 01:00,0,0.636,9758388.563
12/02/2011 02:00,0,0.132,9787029
12/02/2011 03:00,0,-0.396,9813744.188
12/02/2011 04:00,0,-0.879,9839081.438
12/02/2011 05:00,0,-1.061,9863603.063
12/02/2011 06:00,0,-0.854,9887576.25
12/02/2011 07:00,0,-0.616,9911358.938
12/02/2011 08:00,0,-0.011,9935061.063
12/02/2011 09:00,0.603,0.554,9959380.875
12/02/2011 10:00,0.201,1.027,9985240.813
12/02/2011 11:00,0.603,1.398,10012503.81
12/02/2011 12:00,1.608,1.401,10040560.94
12/02/2011 13:00,1.608,1.147,10068274.63
12/02/2011 14:00,1.206,0.549,10094974.5
12/02/2011 15:00,1.809,-0.002,10120317.69
12/02/2011 16:00,1.407,-0.62,10145096.25
12/02/2011 17:00,2.412,-0.921,10171181.38
12/02/2011 18:00,1.005,-0.968,10202002.13
12/02/2011 19:00,0.603,-0.778,10242626.13
12/02/2011 20:00,0.603,-0.383,10292706.31
12/02/2011 21:00,1.005,0.022,10349979.44
12/02/2011 22:00,0.402,0.465,10415057
12/02/2011 23:00,0,0.982,10486374.75
12/03/2011 00:00,0.201,1.239,10561195.94
12/03/2011 01:00,0,0.94,10635946.25
12/03/2011 02:00,0,0.595,10708334.19
12/03/2011 03:00,0,0.156,10777069.56
12/03/2011 04:00,0,-0.198,10841521.94
12/03/2011 05:00,0.201,-0.507,10902262.25
12/03/2011 06:00,0,-0.83,10958890.69
12/03/2011 07:00,0,-0.877,11011783.56
12/03/2011 08:00,0,-0.446,11060975.56
12/03/2011 09:00,0,-0.058,11106592.88
12/03/2011 10:00,0,0.334,11149606.81
12/03/2011 11:00,0,0.706,11190980.81
12/03/2011 12:00,0,1.055,11231312.25
12/03/2011 13:00,0,1.088,11270907.38
12/03/2011 14:00,0,0.802,11308814.69
12/03/2011 15:00,0,0.324,11344174.75
12/03/2011 16:00,0,-0.237,11376850.13
12/03/2011 17:00,0,-0.743,11407156.63
12/03/2011 18:00,0,-1.002,11436108.94
12/03/2011 19:00,0,-1.056,11464022.19
12/03/2011 20:00,0,-0.905,11491045.75
12/03/2011 21:00,0,-0.587,11517447.13
12/03/2011 22:00,0,-0.171,11543587.06
12/03/2011 23:00,0,0.35,11569789.75
12/04/2011 00:00,0,0.684,11596781.69
12/04/2011 01:00,0,0.932,11624386.75
12/04/2011 02:00,0.201,0.995,11652250.25
12/04/2011 03:00,0,0.655,11679555.88
12/04/2011 04:00,0,0.317,11705646.94
12/04/2011 05:00,0,-0.16,11730232.19
12/04/2011 06:00,0.402,-0.538,11753535.56
12/04/2011 07:00,0,-0.77,11776164.19
12/04/2011 08:00,0,-0.667,11798513.56
12/04/2011 09:00,0.201,-0.465,11820475
12/04/2011 10:00,2.211,-0.121,11842417.88
12/04/2011 11:00,0.804,0.376,11865028.44
12/04/2011 12:00,0.603,0.833,11889164
12/04/2011 13:00,0.603,1.025,11914773.25
12/04/2011 14:00,0,1.091,11941447.75
12/04/2011 15:00,0.201,0.897,11969080.13
12/04/2011 16:00,1.005,0.507,11997042.63
12/04/2011 17:00,1.005,-0.084,12024541.44
12/04/2011 18:00,0,-0.511,12051661.19
12/04/2011 19:00,0.603,-0.859,12079510.19
12/04/2011 20:00,0,-0.997,12108098.19
12/04/2011 21:00,0.603,-0.847,12137042.38
12/04/2011 22:00,0,-0.56,12166160.81
12/04/2011 23:00,0,-0.175,12195957.88
12/05/2011 00:00,0,0.371,12226461.69
12/05/2011 01:00,0.201,0.829,12258032.81
12/05/2011 02:00,0.201,1.073,12290223.81
12/05/2011 03:00,0,1.016,12322227.31
12/05/2011 04:00,0.201,0.72,12353683.5
12/05/2011 05:00,0,0.248,12383738.31
12/05/2011 06:00,0.402,-0.237,12411900.94
12/05/2011 07:00,0.402,-0.737,12438609.25
12/05/2011 08:00,0,-1.015,12464307
12/05/2011 09:00,0.402,-0.949,12489345.06
12/05/2011 10:00,0,-0.775,12514111.81
12/05/2011 11:00,0,-0.434,12538650.5
12/05/2011 12:00,0,0.111,12563250.13
12/05/2011 13:00,0,0.526,12588703.44
12/05/2011 14:00,0,0.83,12614957.56
12/05/2011 15:00,0,0.97,12641553.38
12/05/2011 16:00,0,0.807,12668140.81
12/05/2011 17:00,0.201,0.326,12693686.69
12/05/2011 18:00,0,-0.255,12717483.13
12/05/2011 19:00,0,-0.723,12739991.63
12/05/2011 20:00,0,-0.972,12761865.5
12/05/2011 21:00,0,-1.202,12783542.13
12/05/2011 22:00,0.201,-1.036,12804874.69
12/05/2011 23:00,0,-0.601,12826080.31
12/06/2011 00:00,0,-0.162,12847516.63
12/06/2011 01:00,0.201,0.436,12869683.75
12/06/2011 02:00,0,0.853,12893000.38
12/06/2011 03:00,0,1.166,12917123.13
12/06/2011 04:00,0,1.094,12941637.5
12/06/2011 05:00,0,0.672,12965626.63
12/06/2011 06:00,0,0.248,12988422.13
12/06/2011 07:00,0,-0.323,13009700
12/06/2011 08:00,0,-0.798,13029774.13
12/06/2011 09:00,0.201,-1.113,13049215.88
12/06/2011 10:00,0.402,-1.116,13068153.88
12/06/2011 11:00,0.603,-0.861,13086876.13
12/06/2011 12:00,0.603,-0.346,13105923.63
12/06/2011 13:00,0,0.22,13126716.75
12/06/2011 14:00,0,0.773,13150527.5
12/06/2011 15:00,2.01,1.149,13176734.75
12/06/2011 16:00,0.603,1.236,13204304.88
12/06/2011 17:00,0.603,0.987,13232378.88
12/06/2011 18:00,0.201,0.47,13259944.25
12/06/2011 19:00,0,-0.165,13286452
12/06/2011 20:00,1.809,-0.744,13311969
12/06/2011 21:00,0.201,-1.131,13337045.63
12/06/2011 22:00,0.603,-1.114,13362761.5
12/06/2011 23:00,0.402,-0.771,13389390.13
12/07/2011 00:00,0.201,-0.395,13416732.75
12/07/2011 01:00,0.201,0.045,13445278
12/07/2011 02:00,0.603,0.725,13475800.38
12/07/2011 03:00,0,1.268,13509249.25
12/07/2011 04:00,0,1.415,13545305.63
12/07/2011 05:00,0.402,1.08,13582268.5
12/07/2011 06:00,0,0.644,13618165.5
12/07/2011 07:00,0,0.12,13651980.75
12/07/2011 08:00,0,-0.569,13683558.63
12/07/2011 09:00,0,-1.191,13713359.88
12/07/2011 10:00,0.201,-1.553,13741748.25
12/07/2011 11:00,0,-1.374,13769215.5
12/07/2011 12:00,0,-0.914,13795743.13
12/07/2011 13:00,0,-0.299,13821526.38
12/07/2011 14:00,0,0.215,13846887.75
12/07/2011 15:00,0,0.389,13872275.13
12/07/2011 16:00,0.201,1.182,13898100.38
12/07/2011 17:00,0,1.124,13924672.25
12/07/2011 18:00,0,0.644,13950187.63
12/07/2011 19:00,0,0.004,13973390.38
12/07/2011 20:00,0,-0.562,13994340.13
12/07/2011 21:00,0,-1.179,14014077.38
12/07/2011 22:00,0,-1.42,14032807.88
12/07/2011 23:00,0.201,-1.319,14050749.75
12/08/2011 00:00,0.201,-0.931,14068442.38
12/08/2011 01:00,0.201,-0.275,14086188.75
12/08/2011 02:00,0,0.49,14104783.5
12/08/2011 03:00,0.201,1.308,14125269.88
12/08/2011 04:00,0.201,1.772,14147822.13
12/08/2011 05:00,0.402,1.872,14171471
12/08/2011 06:00,0,1.708,14195096.38
12/08/2011 07:00,0.201,1.157,14217637.38
12/08/2011 08:00,0.804,0.553,14238131
12/08/2011 09:00,1.407,-0.14,14256765.13
12/08/2011 10:00,2.412,-0.712,14274387.25
12/08/2011 11:00,0.402,-1.197,14293156.63
12/08/2011 12:00,0,-1.009,14315796
12/08/2011 13:00,0,-0.398,14342142.25
12/08/2011 14:00,0,0.191,14370813.13
12/08/2011 15:00,0.201,0.829,14404593.13
12/08/2011 16:00,0.201,1.413,14444937.25
12/08/2011 17:00,0,1.486,14486751.75
12/08/2011 18:00,0.201,1.3,14526805.13
12/08/2011 19:00,0,0.838,14563709.75
12/08/2011 20:00,0,0.12,14596358.75
12/08/2011 21:00,0,-0.712,14625005.5
12/08/2011 22:00,0.201,-1.245,14651118.63
12/08/2011 23:00,0,-1.584,14675587.63
12/09/2011 00:00,0,-1.178,14698960.13
12/09/2011 01:00,0,-0.752,14721301.63
12/09/2011 02:00,0,-0.031,14743084
12/09/2011 03:00,0,0.709,14765723.25
12/09/2011 04:00,0,1.287,14790078.38
12/09/2011 05:00,0,1.779,14815489
12/09/2011 06:00,0.603,1.601,14840860.88
12/09/2011 07:00,0,0.99,14864742.5
12/09/2011 08:00,0.201,0.443,14886297.5
12/09/2011 09:00,0,-0.371,14905673
12/09/2011 10:00,0,-1.39,14923157.5
12/09/2011 11:00,0,-1.678,14939717.5
12/09/2011 12:00,0,-1.434,14955827.5
12/09/2011 13:00,0,-1.153,14971591.25
12/09/2011 14:00,0,-0.562,14987350.25
12/09/2011 15:00,0,0.084,15003544.75
12/09/2011 16:00,0,1.056,15021684.63
12/09/2011 17:00,0,1.499,15042104.63
12/09/2011 18:00,0,1.532,15063384.63
12/09/2011 19:00,0,1.15,15085406.13
12/09/2011 20:00,0,0.512,15106075.25
12/09/2011 21:00,0,-0.228,15124354.13
12/09/2011 22:00,0,-1.146,15140645.38
12/09/2011 23:00,0,-1.725,15155902.88
12/10/2011 00:00,0,-1.662,15170776.75
12/10/2011 01:00,0,-1.118,15185282.88
12/10/2011 02:00,0,-0.447,15199655.38
12/10/2011 03:00,0,0.258,15214711.13
12/10/2011 04:00,0,0.991,15231537.13
12/10/2011 05:00,0,1.634,15250397.63
12/10/2011 06:00,0.402,1.928,15270662.38
12/10/2011 07:00,0.201,1.611,15290695.5
12/10/2011 08:00,0,0.815,15308811.38
12/10/2011 09:00,0,0.036,15324204.25
12/10/2011 10:00,0,-0.757,15337364.13
12/10/2011 11:00,0.201,-1.494,15349397
12/10/2011 12:00,0,-1.751,15361069
12/10/2011 13:00,0,-1.416,15372587.75
12/10/2011 14:00,0,-0.827,15383866.88
12/10/2011 15:00,0,-0.01,15395387.5
12/10/2011 16:00,0,0.781,15408636.63
12/10/2011 17:00,0,1.493,15424285.25
12/10/2011 18:00,0,1.836,15441588.25
12/10/2011 19:00,0,1.864,15459413.5
12/10/2011 20:00,0.201,1.243,15476279.63
12/10/2011 21:00,0,0.408,15490778.63
12/10/2011 22:00,0,-0.411,15502779.63
12/10/2011 23:00,1.206,-1.329,15513149.88
12/11/2011 00:00,1.809,-1.695,15522974.5
12/11/2011 01:00,0,-1.283,15532794.38
12/11/2011 02:00,0,-0.785,15542872.88
12/11/2011 03:00,0,0,15553697.5
12/11/2011 04:00,0,0.727,15567069.63
12/11/2011 05:00,0,1.472,15583719
12/11/2011 06:00,0,1.984,15602966.63
12/11/2011 07:00,0.402,2.05,15623472
12/11/2011 08:00,0.804,1.488,15643370.13
12/11/2011 09:00,0,0.555,15661041.88
12/11/2011 10:00,1.608,-0.18,15676216.25
12/11/2011 11:00,0.402,-0.986,15690124.25
12/11/2011 12:00,2.01,-1.895,15704381.38
12/11/2011 13:00,0.804,-1.813,15720811
12/11/2011 14:00,0.603,-1.243,15741348.13
12/11/2011 15:00,0,-0.559,15766530.13
12/11/2011 16:00,0.201,0.22,15795464
12/11/2011 17:00,0,1.034,15828721.13
12/11/2011 18:00,0.804,1.553,15865788.63
12/11/2011 19:00,0,1.976,15904326.13
12/11/2011 20:00,0.201,1.566,15942522.88
12/11/2011 21:00,0.201,0.753,15977906.75
12/11/2011 22:00,0.201,0.052,16009770.75
12/11/2011 23:00,0.201,-0.88,16038532.63
12/12/2011 00:00,0.402,-1.563,16065619
12/12/2011 01:00,0.201,-1.539,16092044.75
12/12/2011 02:00,0,-1.219,16117737.88
12/12/2011 03:00,0,-0.528,16143002.13
12/12/2011 04:00,0.402,0.358,16168749.75
12/12/2011 05:00,1.005,0.995,16196225.38
12/12/2011 06:00,0,1.639,16225210.88
12/12/2011 07:00,0,2.02,16255306.38
12/12/2011 08:00,0.201,1.814,16285385.75
12/12/2011 09:00,0,1.032,16313918
12/12/2011 10:00,0,0.204,16340077.63
12/12/2011 11:00,0,-0.689,16363973.5
12/12/2011 12:00,0,-1.599,16386343.63
12/12/2011 13:00,0.201,-1.812,16407997.5
12/12/2011 14:00,1.608,-1.539,16429105.25
12/12/2011 15:00,1.407,-0.945,16449938.75
12/12/2011 16:00,1.206,0.07,16471790.88
12/12/2011 17:00,0.201,0.888,16498489.5
12/12/2011 18:00,0,1.525,16530567.38
12/12/2011 19:00,1.809,2.157,16566805
12/12/2011 20:00,2.412,2.329,16605965.88
12/12/2011 21:00,1.608,1.652,16646601.13
12/12/2011 22:00,0.201,0.74,16686615.75
12/12/2011 23:00,0,-0.119,16724998
2011-13-12 00:00:00,0.201,-0.982,16762473.88
2011-13-12 01:00:00,0.201,-1.422,16799733
2011-13-12 02:00:00,0,-1.158,16836098.38
2011-13-12 03:00:00,0,-0.598,16870806.5
2011-13-12 04:00:00,0,0.162,16904133.63
2011-13-12 05:00:00,0.201,0.982,16937891
2011-13-12 06:00:00,0.804,1.817,16972721.25
2011-13-12 07:00:00,0.402,2.493,17008957.38
2011-13-12 08:00:00,0.402,2.5,17045409.13
2011-13-12 09:00:00,0.603,2.023,17080376.25
2011-13-12 10:00:00,0.603,1.387,17112898.88
2011-13-12 11:00:00,0.201,0.464,17142424.38
2011-13-12 12:00:00,0.402,-0.589,17168831.13
2011-13-12 13:00:00,0.804,-1.34,17193095.25
2011-13-12 14:00:00,0.603,-1.505,17216612
2011-13-12 15:00:00,0.402,-1.135,17239836
2011-13-12 16:00:00,0,-0.51,17263339.38
2011-13-12 17:00:00,0.201,0.287,17287872.63
2011-13-12 18:00:00,0.201,0.978,17314768.13
2011-13-12 19:00:00,0.201,1.869,17344182.13
2011-13-12 20:00:00,0.201,1.975,17375224.25
2011-13-12 21:00:00,0.201,1.7,17405761.13
2011-13-12 22:00:00,0,1.196,17434686.5
2011-13-12 23:00:00,0,0.374,17461117.38
2011-14-12 00:00:00,0,-0.633,17484527.75
2011-14-12 01:00:00,0.201,-1.286,17505927.63
2011-14-12 02:00:00,0.804,-1.551,17526416.75
2011-14-12 03:00:00,0,-1.138,17546479
2011-14-12 04:00:00,0,-0.527,17566189.25
2011-14-12 05:00:00,0.201,0.377,17586271
2011-14-12 06:00:00,0,0.952,17607861
2011-14-12 07:00:00,0.201,1.725,17631063.88
2011-14-12 08:00:00,0,2.207,17655663.88
2011-14-12 09:00:00,0,2.062,17680421.63
2011-14-12 10:00:00,0.603,1.358,17703365
2011-14-12 11:00:00,0.201,0.702,17723755
2011-14-12 12:00:00,0.201,-0.271,17741322.13
2011-14-12 13:00:00,0.804,-1.222,17756603.38
2011-14-12 14:00:00,2.211,-1.626,17771059.88
2011-14-12 15:00:00,0.603,-1.63,17785331.13
2011-14-12 16:00:00,0.402,-1.104,17799959.75
2011-14-12 17:00:00,0.603,-0.353,17815572.75
2011-14-12 18:00:00,1.005,0.295,17833492.25
2011-14-12 19:00:00,0.201,1.094,17855496
2011-14-12 20:00:00,0,1.789,17882235.25
2011-14-12 21:00:00,0,1.829,17911610.38
2011-14-12 22:00:00,0,1.363,17940860
2011-14-12 23:00:00,0,0.657,17968161.38
2011-15-12 00:00:00,0,-0.128,17992810.63
2011-15-12 01:00:00,0,-0.969,18015125.88
2011-15-12 02:00:00,0,-1.608,18036047.63
2011-15-12 03:00:00,0,-1.611,18056378.38
2011-15-12 04:00:00,0,-1.234,18075987.88
2011-15-12 05:00:00,0.201,-0.421,18095187
2011-15-12 06:00:00,0.804,0.151,18115064.5
2011-15-12 07:00:00,0,0.858,18136623.88
2011-15-12 08:00:00,0.402,1.497,18160731.63
2011-15-12 09:00:00,2.814,1.766,18187014.38
2011-15-12 10:00:00,2.613,1.466,18214937.88
2011-15-12 11:00:00,0.201,0.718,18245819.63
2011-15-12 12:00:00,0,-0.082,18279674
2011-15-12 13:00:00,0,-0.922,18315768
2011-15-12 14:00:00,0,-1.664,18352897.13
2011-15-12 15:00:00,0,-2.112,18389950.38
2011-15-12 16:00:00,0.201,-1.721,18425584.5
2011-15-12 17:00:00,0,-1.246,18459185.25
2011-15-12 18:00:00,0,-0.567,18490869.13
2011-15-12 19:00:00,0,0.209,18521955.88
2011-15-12 20:00:00,0,0.995,18553642.63
2011-15-12 21:00:00,0,1.534,18585872.75
2011-15-12 22:00:00,0,1.611,18617814.75
2011-15-12 23:00:00,0,1.102,18647976.75
2011-16-12 00:00:00,0,0.412,18675152.5
2011-16-12 01:00:00,0,-0.304,18699410
2011-16-12 02:00:00,0,-0.979,18721238.13
2011-16-12 03:00:00,0,-1.338,18741621.63
2011-16-12 04:00:00,0,-1.257,18760889.88
2011-16-12 05:00:00,0,-0.87,18779328.38
2011-16-12 06:00:00,0,-0.173,18797404.5
2011-16-12 07:00:00,0,0.488,18816080.88
2011-16-12 08:00:00,0,1.179,18836041.13
2011-16-12 09:00:00,0,1.729,18857393.25
2011-16-12 10:00:00,0,1.775,18879117.75
2011-16-12 11:00:00,0,1.41,18899728.63
2011-16-12 12:00:00,0,0.791,18918231.75
2011-16-12 13:00:00,0.402,0.059,18934256.5
2011-16-12 14:00:00,0.201,-0.893,18947863.63
2011-16-12 15:00:00,0,-1.591,18960142.25
2011-16-12 16:00:00,0,-1.71,18971867.13
2011-16-12 17:00:00,0,-1.542,18983244.75
2011-16-12 18:00:00,0.201,-1.204,18994452.38
2011-16-12 19:00:00,0.201,-0.385,19005702.25
2011-16-12 20:00:00,0.201,0.117,19017726.38
2011-16-12 21:00:00,0.201,0.801,19030969.5
2011-16-12 22:00:00,0.201,1.27,19045795.5
2011-16-12 23:00:00,0,1.131,19061092.88
2011-17-12 00:00:00,0,0.577,19075356.63
2011-17-12 01:00:00,0,0.047,19087961.88
2011-17-12 02:00:00,0,-0.743,19099026.88
2011-17-12 03:00:00,0.201,-1.365,19109088.75
2011-17-12 04:00:00,0,-1.581,19118842.5
2011-17-12 05:00:00,0,-1.464,19128463
2011-17-12 06:00:00,0,-1.174,19137769.88
2011-17-12 07:00:00,0,-0.448,19147021
2011-17-12 08:00:00,0,0.106,19156960.75
2011-17-12 09:00:00,0,0.713,19168061.13
2011-17-12 10:00:00,0,1.118,19180472.13
2011-17-12 11:00:00,0,1.222,19193370.88
2011-17-12 12:00:00,0,0.786,19205586.25
2011-17-12 13:00:00,0.201,0.188,19216072
2011-17-12 14:00:00,0,-0.436,19224667
2011-17-12 15:00:00,0,-1.298,19231896.75
2011-17-12 16:00:00,0,-1.728,19238571.25
2011-17-12 17:00:00,0,-1.861,19244929.75
2011-17-12 18:00:00,0,-1.591,19251027
2011-17-12 19:00:00,0,-1.133,19256953.5
2011-17-12 20:00:00,0,-0.537,19262773
2011-17-12 21:00:00,0,0.105,19269112.25
2011-17-12 22:00:00,0,0.788,19276971.63
2011-17-12 23:00:00,0,1.142,19286334.5
2011-18-12 00:00:00,0,1.107,19295952.63
2011-18-12 01:00:00,0,0.598,19304568.88
2011-18-12 02:00:00,0,-0.039,19311379.38
2011-18-12 03:00:00,0,-0.59,19316511.75
2011-18-12 04:00:00,0,-1.135,19320636
2011-18-12 05:00:00,0,-1.46,19324341.75
2011-18-12 06:00:00,0,-1.376,19327777
2011-18-12 07:00:00,0,-1.004,19330986.13
2011-18-12 08:00:00,0,-0.404,19334307
2011-18-12 09:00:00,0,0.07,19338283.13
2011-18-12 10:00:00,0,0.705,19343404.5
2011-18-12 11:00:00,0,1.025,19349801
2011-18-12 12:00:00,0,1.198,19356833.88
2011-18-12 13:00:00,0.201,0.811,19363501.88
2011-18-12 14:00:00,0,0.254,19368626.5
2011-18-12 15:00:00,0,-0.303,19372038.25
2011-18-12 16:00:00,0,-1.062,19374086.5
2011-18-12 17:00:00,0,-1.575,19375496.63
2011-18-12 18:00:00,0,-1.604,19376743.13
2011-18-12 19:00:00,0,-1.393,19377852.88
2011-18-12 20:00:00,0,-0.978,19378836.88
2011-18-12 21:00:00,0,-0.42,19379842.38
2011-18-12 22:00:00,0,0.268,19381569.63
2011-18-12 23:00:00,0,0.906,19384972.38
2011-19-12 00:00:00,0,1.408,19390011.25
2011-19-12 01:00:00,0,1.239,19395511.13
2011-19-12 02:00:00,0.603,0.804,19400008
2011-19-12 03:00:00,0.804,0.435,19403111.13
2011-19-12 04:00:00,0.804,-0.201,19404800
2011-19-12 05:00:00,0.603,-0.845,19405139.88
2011-19-12 06:00:00,0.603,-1.03,19404892.25
2011-19-12 07:00:00,0.804,-1.05,19404612
2011-19-12 08:00:00,1.608,-0.729,19404676.38
2011-19-12 09:00:00,2.01,-0.181,19405833.38
2011-19-12 10:00:00,0.402,0.194,19410842.13
2011-19-12 11:00:00,0.201,0.763,19424678.13
2011-19-12 12:00:00,0,1.357,19445041.63
2011-19-12 13:00:00,0,1.331,19468545.13
2011-19-12 14:00:00,0,1.065,19492486.25
2011-19-12 15:00:00,0,0.612,19515136.38
2011-19-12 16:00:00,0,0.02,19535901.25
2011-19-12 17:00:00,0,-0.762,19554366.25
2011-19-12 18:00:00,0,-1.285,19570980.75
2011-19-12 19:00:00,0,-1.399,19586363.5
2011-19-12 20:00:00,0,-1.367,19600859.75
2011-19-12 21:00:00,0,-0.902,19614517.5
2011-19-12 22:00:00,0,-0.482,19627531
2011-19-12 23:00:00,0,0.166,19640390.38
2011-20-12 00:00:00,0,0.908,19654143.5
2011-20-12 01:00:00,0,1.335,19669041.88
2011-20-12 02:00:00,0,1.262,19683906.75
2011-20-12 03:00:00,0,0.881,19697493.38
2011-20-12 04:00:00,0,0.399,19709118.5
2011-20-12 05:00:00,0,-0.297,19718523.38
2011-20-12 06:00:00,0,-0.837,19726015.5
2011-20-12 07:00:00,0,-1.371,19732334.63
2011-20-12 08:00:00,0,-1.452,19737894.13
2011-20-12 09:00:00,0,-1.009,19742829
2011-20-12 10:00:00,0,-0.577,19747505.75
2011-20-12 11:00:00,0,-0.144,19752154.13
2011-20-12 12:00:00,0,0.661,19757556.25
2011-20-12 13:00:00,0,1.056,19764369
2011-20-12 14:00:00,0,1.261,19771639.75
2011-20-12 15:00:00,0,1.22,19778765.63
2011-20-12 16:00:00,0.201,0.732,19784708.25
2011-20-12 17:00:00,0.603,0.011,19788495.75
2011-20-12 18:00:00,1.206,-0.639,19790381.88
2011-20-12 19:00:00,0.603,-1.129,19791237
2011-20-12 20:00:00,1.608,-1.425,19791851.63
2011-20-12 21:00:00,0.804,-1.375,19792809.13
2011-20-12 22:00:00,0,-1.098,19795737.5
2011-20-12 23:00:00,0,-0.477,19802541.88
2011-21-12 00:00:00,0,0.273,19813440.88
2011-21-12 01:00:00,0,0.982,19827977.88
2011-21-12 02:00:00,0.201,1.326,19844441.38
2011-21-12 03:00:00,0,1.449,19861634.38
2011-21-12 04:00:00,0,1.196,19878583
2011-21-12 05:00:00,0,0.549,19893769
2011-21-12 06:00:00,0.201,-0.187,19906592
2011-21-12 07:00:00,0.201,-0.944,19917513.38
2011-21-12 08:00:00,0,-1.444,19927391.5
2011-21-12 09:00:00,0.201,-1.542,19936807.75
2011-21-12 10:00:00,0,-1.303,19946053.5
2011-21-12 11:00:00,0,-0.798,19955059
2011-21-12 12:00:00,0,-0.21,19964127.13
2011-21-12 13:00:00,0,0.547,19974308.5
2011-21-12 14:00:00,0,1.116,19986039.88
2011-21-12 15:00:00,0,1.456,19998636.5
2011-21-12 16:00:00,0,1.336,20011047.25
2011-21-12 17:00:00,0,0.735,20021857.38
2011-21-12 18:00:00,0,0.113,20030221.5
2011-21-12 19:00:00,0,-0.66,20036334.63
2011-21-12 20:00:00,0,-1.357,20041017.13
2011-21-12 21:00:00,0,-1.672,20044957
2011-21-12 22:00:00,0,-1.697,20048271.25
2011-21-12 23:00:00,0,-1.143,20050968.38
2011-22-12 00:00:00,0,-0.492,20053241.75
2011-22-12 01:00:00,0,0.217,20056007.25
2011-22-12 02:00:00,0,1.037,20060300.38
2011-22-12 03:00:00,0,1.659,20066402.75
2011-22-12 04:00:00,0,1.757,20073182.75
2011-22-12 05:00:00,0,1.319,20078978.63
2011-22-12 06:00:00,0,0.611,20082705.25
2011-22-12 07:00:00,0,-0.166,20083863.25
2011-22-12 08:00:00,0,-0.951,20083045.38
2011-22-12 09:00:00,0,-1.595,20081146.38
2011-22-12 10:00:00,0,-1.71,20078840
2011-22-12 11:00:00,0,-1.477,20076280.63
2011-22-12 12:00:00,0,-0.841,20073362
2011-22-12 13:00:00,0,-0.142,20070586.13
2011-22-12 14:00:00,0,0.694,20069036.38
2011-22-12 15:00:00,0,1.435,20069539.5
2011-22-12 16:00:00,0,1.772,20071502.63
2011-22-12 17:00:00,0,1.658,20073519.5
2011-22-12 18:00:00,0,1.08,20074259.25
2011-22-12 19:00:00,0,0.267,20072745
2011-22-12 20:00:00,0,-0.535,20068916.88
2011-22-12 21:00:00,0,-1.262,20063577.5
2011-22-12 22:00:00,0,-1.707,20057647.88
2011-22-12 23:00:00,0.402,-1.572,20051521.75
2011-23-12 00:00:00,1.206,-1.046,20045091
2011-23-12 01:00:00,1.809,-0.407,20038803.5
2011-23-12 02:00:00,2.613,0.416,20033720.25
2011-23-12 03:00:00,1.407,1.367,20031368.13
2011-23-12 04:00:00,0.804,1.908,20034062.5
2011-23-12 05:00:00,0,2.026,20044138.38
2011-23-12 06:00:00,0,1.551,20058938.13
2011-23-12 07:00:00,0,0.676,20074279.88
2011-23-12 08:00:00,0,-0.17,20087883.13
2011-23-12 09:00:00,0,-1.16,20099726.38
2011-23-12 10:00:00,0,-1.885,20110056
2011-23-12 11:00:00,0,-2.026,20119742.13
2011-23-12 12:00:00,0,-1.672,20128568.25
2011-23-12 13:00:00,0,-0.977,20136386.75
2011-23-12 14:00:00,0,-0.136,20143782.13
2011-23-12 15:00:00,0,0.715,20152072.25
2011-23-12 16:00:00,0.402,1.526,20162004.75
2011-23-12 17:00:00,0,1.818,20172835.25
2011-23-12 18:00:00,0,1.512,20183126.88
2011-23-12 19:00:00,0,0.853,20191459.38
2011-23-12 20:00:00,0,0.095,20196924
2011-23-12 21:00:00,0,-1.052,20199677.13
2011-23-12 22:00:00,0,-1.832,20200907
2011-23-12 23:00:00,0,-2.177,20201502.5
2011-24-12 00:00:00,0,-2.007,20201500.5
2011-24-12 01:00:00,0,-1.32,20201065.63
2011-24-12 02:00:00,0,-0.428,20200265.75
2011-24-12 03:00:00,0,0.469,20200154.38
2011-24-12 04:00:00,0,1.628,20202527.13
2011-24-12 05:00:00,0.201,2.042,20206903.63
2011-24-12 06:00:00,0.201,2.073,20211449.75
2011-24-12 07:00:00,0.201,1.44,20214796.5
2011-24-12 08:00:00,0.201,0.586,20215655
2011-24-12 09:00:00,0,-0.413,20213531.63
2011-24-12 10:00:00,0,-1.458,20209356.75
2011-24-12 11:00:00,0,-2.22,20204550.75
2011-24-12 12:00:00,0,-2.182,20199326.5
2011-24-12 13:00:00,0,-1.668,20193744.13
2011-24-12 14:00:00,0.804,-0.82,20187920
2011-24-12 15:00:00,0.804,-0.09,20182393.5
2011-24-12 16:00:00,1.608,1.051,20178775.63
2011-24-12 17:00:00,1.206,1.786,20177969.25
2011-24-12 18:00:00,0.201,2.119,20178904.88
2011-24-12 19:00:00,0.201,1.805,20180646.5
2011-24-12 20:00:00,0.603,0.991,20181935.88
2011-24-12 21:00:00,0.201,-0.018,20181936.25
2011-24-12 22:00:00,0,-1.018,20181169.5
2011-24-12 23:00:00,0.603,-1.893,20181109.88
2011-25-12 00:00:00,0.201,-2.081,20182544.25
2011-25-12 01:00:00,0,-1.778,20185073.13
2011-25-12 02:00:00,0.201,-1.068,20188670.5
2011-25-12 03:00:00,0.201,-0.047,20193508.25
2011-25-12 04:00:00,0,1.028,20201266
2011-25-12 05:00:00,0,1.929,20212628.5
2011-25-12 06:00:00,0.201,2.413,20226122.88
2011-25-12 07:00:00,0.201,2.214,20239884.25
2011-25-12 08:00:00,0.201,1.587,20252133
2011-25-12 09:00:00,0.201,0.547,20261621
2011-25-12 10:00:00,0,-0.623,20268056.13
2011-25-12 11:00:00,0,-1.626,20272915.88
2011-25-12 12:00:00,0,-2.338,20277614.88
2011-25-12 13:00:00,0.402,-2.204,20282053.75
2011-25-12 14:00:00,0.603,-1.636,20286094.5
2011-25-12 15:00:00,0.402,-0.753,20290032
2011-25-12 16:00:00,0,0.175,20295009.75
2011-25-12 17:00:00,0.201,1.265,20302980.25
2011-25-12 18:00:00,0,1.924,20314224.88
2011-25-12 19:00:00,0,2.216,20327790.75
2011-25-12 20:00:00,0,1.78,20341878.75
2011-25-12 21:00:00,0,0.785,20354164.25
2011-25-12 22:00:00,0,-0.08,20363781.75
2011-25-12 23:00:00,0,-1.188,20371218.88
2011-26-12 00:00:00,0,-1.922,20377561.75
2011-26-12 01:00:00,0,-1.939,20383215.63
2011-26-12 02:00:00,0,-1.572,20388297.38
2011-26-12 03:00:00,0,-0.751,20392861.75
2011-26-12 04:00:00,0,0.279,20397489.75
2011-26-12 05:00:00,0,1.336,20404170.25
2011-26-12 06:00:00,0,2.232,20413225.88
2011-26-12 07:00:00,0,2.621,20423507.88
2011-26-12 08:00:00,0,2.179,20433147.63
2011-26-12 09:00:00,0,1.239,20440150
2011-26-12 10:00:00,0,0.33,20443787
2011-26-12 11:00:00,0,-0.77,20444510
2011-26-12 12:00:00,0.201,-1.906,20443446.5
2011-26-12 13:00:00,0,-2.385,20441712
2011-26-12 14:00:00,0,-1.997,20439432.5
2011-26-12 15:00:00,0,-1.334,20436617
2011-26-12 16:00:00,0,-0.331,20433609.25
2011-26-12 17:00:00,0,0.583,20431671.88
2011-26-12 18:00:00,0,1.488,20432037.38
2011-26-12 19:00:00,0,2.125,20434361.5
2011-26-12 20:00:00,0,2.282,20437477.63
2011-26-12 21:00:00,0,1.599,20439592.25
2011-26-12 22:00:00,0,0.602,20438850.63
2011-26-12 23:00:00,0,-0.449,20434953.63
2011-27-12 00:00:00,0,-1.536,20428987.13
2011-27-12 01:00:00,0.402,-2.11,20422414.5
2011-27-12 02:00:00,1.005,-2.044,20415653.75
2011-27-12 03:00:00,2.211,-1.551,20408756.5
2011-27-12 04:00:00,1.809,-0.653,20401868.5
2011-27-12 05:00:00,0.804,0.416,20396116.75
2011-27-12 06:00:00,0.402,1.346,20393371.13
2011-27-12 07:00:00,0.201,2.041,20394003.88
2011-27-12 08:00:00,0,2.336,20397655.75
2011-27-12 09:00:00,0,1.855,20402762.25
2011-27-12 10:00:00,0,0.856,20406862.75
2011-27-12 11:00:00,0,-0.076,20408566.75
2011-27-12 12:00:00,0,-1.206,20408348.25
2011-27-12 13:00:00,0,-2.233,20407269
2011-27-12 14:00:00,0,-2.307,20405874.25
2011-27-12 15:00:00,0,-1.802,20404120.5
2011-27-12 16:00:00,0,-1.152,20401964.5
2011-27-12 17:00:00,0,-0.158,20399688.38
2011-27-12 18:00:00,0,0.71,20398718.25
2011-27-12 19:00:00,0,1.606,20399919.38
2011-27-12 20:00:00,0,2.081,20402795.38
2011-27-12 21:00:00,0.201,2.126,20406059.75
2011-27-12 22:00:00,0.804,1.218,20407861.25
2011-27-12 23:00:00,4.02,0.396,20406864.13
2011-28-12 00:00:00,1.809,-0.591,20403943
2011-28-12 01:00:00,1.407,-1.467,20403401.5
2011-28-12 02:00:00,0,-1.953,20407070.38
2011-28-12 03:00:00,0,-1.545,20412711
2011-28-12 04:00:00,0,-0.855,20419227.63
2011-28-12 05:00:00,0,0.081,20426472.5
2011-28-12 06:00:00,0.402,1.044,20435661.13
2011-28-12 07:00:00,0,1.711,20446902.13
2011-28-12 08:00:00,0,2.249,20459393.63
2011-28-12 09:00:00,0.402,2.275,20472143.13
2011-28-12 10:00:00,1.206,1.552,20483437.13
2011-28-12 11:00:00,0.201,0.734,20492024.25
2011-28-12 12:00:00,0.402,-0.352,20498079.25
2011-28-12 13:00:00,0.201,-1.567,20502314
2011-28-12 14:00:00,0,-2.175,20506077.5
2011-28-12 15:00:00,0,-2.159,20509679.88
2011-28-12 16:00:00,0.201,-1.78,20513026.75
2011-28-12 17:00:00,0,-1.11,20516027
2011-28-12 18:00:00,0,-0.307,20518869.13
2011-28-12 19:00:00,0,0.613,20522707.5
2011-28-12 20:00:00,0,1.182,20528239.38
2011-28-12 21:00:00,0.201,1.599,20534742.63
2011-28-12 22:00:00,0,1.154,20540974.38
2011-28-12 23:00:00,0,0.377,20544940.75
2011-29-12 00:00:00,0.201,-0.24,20546363.63
2011-29-12 01:00:00,0.201,-1.005,20545952.13
2011-29-12 02:00:00,0.402,-1.653,20544389.13
2011-29-12 03:00:00,1.206,-1.738,20542423
2011-29-12 04:00:00,0.603,-1.404,20540224.75
2011-29-12 05:00:00,0.603,-0.84,20537917.75
2011-29-12 06:00:00,0,0.042,20536166.75
2011-29-12 07:00:00,0,0.867,20536421.75
2011-29-12 08:00:00,0.402,1.538,20538998.5
2011-29-12 09:00:00,0.201,1.875,20543138.13
2011-29-12 10:00:00,0.201,1.689,20547556.38
2011-29-12 11:00:00,0.402,0.939,20550570.5
2011-29-12 12:00:00,0.201,0.254,20551143.63
2011-29-12 13:00:00,0.201,-0.724,20549537.63
2011-29-12 14:00:00,0.804,-1.743,20546603.13
2011-29-12 15:00:00,0.201,-2.153,20543243.5
2011-29-12 16:00:00,0.201,-1.897,20539733.63
2011-29-12 17:00:00,0,-1.388,20536150.63
2011-29-12 18:00:00,0,-0.718,20532561.5
2011-29-12 19:00:00,0,-0.147,20529506
2011-29-12 20:00:00,0,0.6,20527893.13
2011-29-12 21:00:00,0.201,1.187,20528308.88
2011-29-12 22:00:00,0,1.378,20529954.38
2011-29-12 23:00:00,0,0.853,20531159.25
2011-30-12 00:00:00,0,0.176,20530325.88
2011-30-12 01:00:00,0,-0.466,20527603.5
2011-30-12 02:00:00,0,-1.271,20523503.38
2011-30-12 03:00:00,0,-1.835,20518789.25
2011-30-12 04:00:00,0.201,-1.768,20513879.75
2011-30-12 05:00:00,0,-1.246,20508617.63
2011-30-12 06:00:00,0.603,-0.599,20503197.88
2011-30-12 07:00:00,0.402,0.088,20498350.25
2011-30-12 08:00:00,0.201,0.779,20495038
2011-30-12 09:00:00,0.402,1.42,20493662.75
2011-30-12 10:00:00,0.402,1.645,20493771.38
2011-30-12 11:00:00,0.603,1.346,20494022.88
2011-30-12 12:00:00,2.01,0.736,20493284.75
2011-30-12 13:00:00,1.206,-0.153,20491374.5
2011-30-12 14:00:00,0.201,-0.93,20490346.5
2011-30-12 15:00:00,1.809,-1.363,20493069.63
2011-30-12 16:00:00,0.402,-1.587,20499365.38
2011-30-12 17:00:00,0.201,-1.396,20508724
2011-30-12 18:00:00,0.201,-0.879,20520604.38
2011-30-12 19:00:00,0.201,-0.342,20534336.38
2011-30-12 20:00:00,0,0.227,20549725.75
2011-30-12 21:00:00,0,0.954,20566925.13
2011-30-12 22:00:00,0,1.234,20585690.63
2011-30-12 23:00:00,0.201,1.259,20604554.75
2011-31-12 00:00:00,0,0.836,20621762.13
2011-31-12 01:00:00,0,0.144,20636297
2011-31-12 02:00:00,0,-0.462,20648345
2011-31-12 03:00:00,0.402,-1.044,20658655.5
2011-31-12 04:00:00,1.005,-1.333,20667988.88
2011-31-12 05:00:00,0.402,-1.19,20676599.5
2011-31-12 06:00:00,0.201,-0.73,20685438.38
2011-31-12 07:00:00,0,-0.241,20695279.5
2011-31-12 08:00:00,0.603,0.358,20706491.75
2011-31-12 09:00:00,0.402,0.923,20719462.38
2011-31-12 10:00:00,0.402,1.311,20733985.38
2011-31-12 11:00:00,0,1.517,20749470.5
2011-31-12 12:00:00,0,1.114,20765080.13
2011-31-12 13:00:00,0,0.434,20779543.5
2011-31-12 14:00:00,0.201,-0.156,20792589.25
2011-31-12 15:00:00,0.402,-0.734,20804516.88
2011-31-12 16:00:00,0,-1.214,20816094.13
2011-31-12 17:00:00,0,-1.324,20828257
2011-31-12 18:00:00,0.201,-1.054,20841948.38
2011-31-12 19:00:00,0,-0.6,20856982
2011-31-12 20:00:00,0,-0.081,20872918.63
2011-31-12 21:00:00,0,0.452,20889474.38
2011-31-12 22:00:00,1.206,0.906,20906678.75
2011-31-12 23:00:00,0,1.33,20924421.38
01/01/2012 00:00,0.603,1.275,20942246.75
01/01/2012 01:00,0,0.678,20958510.13
01/01/2012 02:00,0,0.436,20972921.63
01/01/2012 03:00,1.005,-0.212,20985468.25
01/01/2012 04:00,3.618,-0.658,20995996.13
01/01/2012 05:00,0.201,-0.742,21005564.25
01/01/2012 06:00,0.402,-0.754,21014829.63
01/01/2012 07:00,0,-0.434,21023605.5
01/01/2012 08:00,0,0.05,21032655.75
01/01/2012 09:00,0.804,0.38,21042221.13
01/01/2012 10:00,0,0.968,21052537.25
01/01/2012 11:00,0,1.355,21063888.88
01/01/2012 12:00,0.603,1.368,21075569.13
01/01/2012 13:00,0.402,0.952,21086281.38
01/01/2012 14:00,0.402,0.478,21095393.25
01/01/2012 15:00,0.402,0.052,21103348.25
01/01/2012 16:00,0,-0.504,21110351.38
01/01/2012 17:00,0.603,-0.878,21116596
01/01/2012 18:00,0.804,-0.892,21122360.13
01/01/2012 19:00,0.201,-0.78,21128055.38
01/01/2012 20:00,0,-0.235,21134084.88
01/01/2012 21:00,0,0.099,21140974.38
01/01/2012 22:00,0,0.455,21148759.75
01/01/2012 23:00,0.201,0.98,21157585.88
01/02/2012 00:00,0.201,1.274,21167349.88
01/02/2012 01:00,0.804,0.962,21177010.88
01/02/2012 02:00,0.402,0.658,21185657
01/02/2012 03:00,0.603,0.232,21193188.13
01/02/2012 04:00,0,-0.13,21199784.13
01/02/2012 05:00,0.201,-0.351,21205731.75
01/02/2012 06:00,0.402,-0.696,21211266.75
01/02/2012 07:00,0.201,-0.62,21216450.88
01/02/2012 08:00,0.603,-0.28,21221725.88
01/02/2012 09:00,0.201,0.028,21227444.13
01/02/2012 10:00,0.804,0.434,21233873.75
01/02/2012 11:00,0.402,0.783,21241268.88
01/02/2012 12:00,0.603,1.047,21249557.88
01/02/2012 13:00,1.206,1.088,21258455
01/02/2012 14:00,0.804,0.707,21267153.25
01/02/2012 15:00,0.804,0.461,21275151.75
01/02/2012 16:00,0.201,-0.057,21282528.75
01/02/2012 17:00,1.206,-0.631,21289522.25
01/02/2012 18:00,0.201,-0.825,21296812.5
01/02/2012 19:00,0.402,-0.826,21304938.88
01/02/2012 20:00,0.603,-0.665,21313964.25
01/02/2012 21:00,0.201,-0.401,21323702.25
01/02/2012 22:00,0.603,-0.018,21334211
01/02/2012 23:00,2.01,0.547,21346085.25
01/03/2012 00:00,3.618,0.886,21359669
01/03/2012 01:00,3.216,1.613,21377258.88
01/03/2012 02:00,2.814,1.649,21405861
01/03/2012 03:00,0.804,1.226,21448948.38
01/03/2012 04:00,0.201,0.844,21500661.38
01/03/2012 05:00,0.201,0.845,21559631.63
01/03/2012 06:00,0,0.129,21624571.63
01/03/2012 07:00,0,-0.83,21693122.25
01/03/2012 08:00,0.201,-0.5,21763504.25
01/03/2012 09:00,0,-0.247,21832734.63
01/03/2012 10:00,0.201,0.041,21895829.25
01/03/2012 11:00,1.005,0.397,21951810.5
01/03/2012 12:00,0.402,0.446,22003363.25
01/03/2012 13:00,0.201,0.654,22051429.5
01/03/2012 14:00,0,0.949,22095748.38
01/03/2012 15:00,0,0.752,22136572.63
01/03/2012 16:00,0,0.447,22174256
01/03/2012 17:00,0,-0.003,22208881.25
01/03/2012 18:00,0.603,-0.3,22240525.5
01/03/2012 19:00,0.402,-0.805,22269124.75
01/03/2012 20:00,0.603,-1.136,22295285
01/03/2012 21:00,0.201,-0.868,22319964.88
01/03/2012 22:00,0,-0.603,22343635.5
01/03/2012 23:00,0,-0.287,22366677.25
01/04/2012 00:00,0,0.099,22389189.5
01/04/2012 01:00,0,0.587,22411731.25
01/04/2012 02:00,0,0.773,22434114.25
01/04/2012 03:00,0,0.538,22455508.25
01/04/2012 04:00,0.402,0.493,22475592.75
01/04/2012 05:00,0,0.169,22494359.13
01/04/2012 06:00,0,-0.313,22511352
01/04/2012 07:00,0,-0.571,22526796
01/04/2012 08:00,0,-0.992,22541040.38
01/04/2012 09:00,0.201,-0.862,22554521.63
01/04/2012 10:00,0,-0.559,22567496.13
01/04/2012 11:00,0.201,-0.36,22580102.25
01/04/2012 12:00,0,0.114,22592770.63
01/04/2012 13:00,0,0.584,22606218.13
01/04/2012 14:00,0.201,0.956,22620387.25
01/04/2012 15:00,0.201,1.126,22635062.13
01/04/2012 16:00,0.402,1.04,22649541.63
01/04/2012 17:00,0.603,0.761,22663290
01/04/2012 18:00,2.613,0.073,22675557.75
01/04/2012 19:00,2.211,-0.174,22686531.25
01/04/2012 20:00,1.005,-0.477,22697615.25
01/04/2012 21:00,1.809,-0.561,22710391.88
01/04/2012 22:00,0.603,-0.536,22726945.25
01/04/2012 23:00,0.402,-0.344,22748667.88
01/05/2012 00:00,0.201,0.019,22775328.88
01/05/2012 01:00,0.402,0.566,22805848.88
01/05/2012 02:00,0.201,1.064,22840037.13
01/05/2012 03:00,0,1.106,22875856.38
01/05/2012 04:00,0,1.155,22913098.88
01/05/2012 05:00,0,0.817,22953559.75
01/05/2012 06:00,0.201,0.389,22995289.75
01/05/2012 07:00,0,-0.031,23037165.5
01/05/2012 08:00,0,-0.795,23077213.5
01/05/2012 09:00,0,-1.081,23114397.63
01/05/2012 10:00,0,-1.036,23148530.13
01/05/2012 11:00,0,-0.905,23179884.25
01/05/2012 12:00,0,-0.645,23208968.5
01/05/2012 13:00,0,-0.285,23236501.88
01/05/2012 14:00,0,0.271,23263486.63
01/05/2012 15:00,0,0.638,23290244.75
01/05/2012 16:00,0,0.873,23316608.88
01/05/2012 17:00,0,0.426,23341618.63
01/05/2012 18:00,0,0.016,23364498.13
01/05/2012 19:00,0,-0.363,23385601
01/05/2012 20:00,0,-0.824,23404971
01/05/2012 21:00,0,-1.271,23422966.88
01/05/2012 22:00,0,-1.541,23440042
01/05/2012 23:00,0,-1.368,23456333.88
01/06/2012 00:00,0,-0.736,23471916.13
01/06/2012 01:00,0,-0.226,23487242.88
01/06/2012 02:00,0,0.256,23502779.5
01/06/2012 03:00,0,0.795,23519128.25
01/06/2012 04:00,0,1.061,23536160.5
01/06/2012 05:00,0,1.046,23552956.88
01/06/2012 06:00,0,0.742,23568880.5
01/06/2012 07:00,0,0.079,23582945.75
01/06/2012 08:00,0,-0.558,23595069.63
01/06/2012 09:00,0.201,-0.964,23605892.75
01/06/2012 10:00,0.603,-1.224,23616027.88
01/06/2012 11:00,0,-1.37,23625695.38
01/06/2012 12:00,0.201,-1.012,23635074.5
01/06/2012 13:00,0,-0.444,23644482.38
01/06/2012 14:00,0,0.194,23654557.75
01/06/2012 15:00,0.402,0.741,23665893.38
01/06/2012 16:00,0,1.181,23678504
01/06/2012 17:00,0.201,1.188,23691511.63
01/06/2012 18:00,0,0.951,23703965.75
01/06/2012 19:00,0.603,0.451,23715251.25
01/06/2012 20:00,0,-0.243,23724884.63
01/06/2012 21:00,0.201,-0.876,23733217.38
01/06/2012 22:00,0,-1.239,23741033
01/06/2012 23:00,0,-1.328,23749016.5
01/07/2012 00:00,0,-1.088,23757479
01/07/2012 01:00,0.201,-0.469,23766712.75
01/07/2012 02:00,0,0.063,23777267.13
01/07/2012 03:00,0,0.712,23789540
01/07/2012 04:00,0,1.213,23803675.25
01/07/2012 05:00,0,1.415,23818946.88
01/07/2012 06:00,0,1.176,23834234.63
01/07/2012 07:00,0,0.561,23848285
01/07/2012 08:00,0,-0.067,23860345.88
01/07/2012 09:00,0,-0.857,23870773.25
01/07/2012 10:00,0,-1.42,23880125.13
01/07/2012 11:00,0,-1.645,23889132.88
01/07/2012 12:00,0,-1.576,23897964.13
01/07/2012 13:00,0,-1.129,23906464.88
01/07/2012 14:00,0,-0.395,23914901.75
01/07/2012 15:00,0,0.324,23924092.75
01/07/2012 16:00,0,0.921,23934735.38
01/07/2012 17:00,0,1.247,23946603.5
01/07/2012 18:00,0,1.139,23958517.63
01/07/2012 19:00,0,0.75,23969480.38
01/07/2012 20:00,0,0.049,23978599.25
01/07/2012 21:00,0,-0.727,23985809
01/07/2012 22:00,0,-1.393,23991926.88
01/07/2012 23:00,0,-1.662,23997582.13
01/08/2012 00:00,0,-1.561,24002968.38
01/08/2012 01:00,0.201,-1.11,24008186.13
01/08/2012 02:00,0,-0.389,24013475.38
01/08/2012 03:00,0,0.348,24019597.75
01/08/2012 04:00,0.201,1.136,24027497.88
01/08/2012 05:00,0.201,1.575,24037099.63
01/08/2012 06:00,0,1.606,24047311.63
01/08/2012 07:00,0,1.249,24056980.88
01/08/2012 08:00,0,0.503,24064974.75
01/08/2012 09:00,0.201,-0.305,24070740.75
01/08/2012 10:00,0,-1.175,24074920.63
01/08/2012 11:00,0,-1.756,24078473.5
01/08/2012 12:00,0,-1.887,24081780.38
01/08/2012 13:00,0,-1.535,24084869.5
01/08/2012 14:00,0,-0.905,24087850
01/08/2012 15:00,0,-0.06,24091225.13
01/08/2012 16:00,0,0.672,24096086.38
01/08/2012 17:00,0,1.315,24102829.38
01/08/2012 18:00,0,1.584,24110837.88
01/08/2012 19:00,0,1.339,24118735.75
01/08/2012 20:00,0,0.78,24125322.13
01/08/2012 21:00,0,-0.074,24129836.38
01/08/2012 22:00,0,-0.956,24132447.38
01/08/2012 23:00,0,-1.554,24134179.25
01/09/2012 00:00,0,-1.666,24135749
01/09/2012 01:00,0,-1.463,24137206.5
01/09/2012 02:00,0,-0.789,24138480.5
01/09/2012 03:00,0,0.157,24140280.25
01/09/2012 04:00,0,0.871,24143900
01/09/2012 05:00,0.201,1.521,24149424.13
01/09/2012 06:00,0.804,1.935,24156400.25
01/09/2012 07:00,0.201,1.683,24163626
01/09/2012 08:00,0,1.007,24169533
01/09/2012 09:00,0,0.165,24173211.75
01/09/2012 10:00,0,-0.815,24174706.25
01/09/2012 11:00,0,-1.708,24175200
01/09/2012 12:00,0,-2.126,24175835.75
01/09/2012 13:00,0,-2.038,24176769.63
01/09/2012 14:00,0,-1.602,24177847.13
01/09/2012 15:00,0,-0.714,24178964.25
01/09/2012 16:00,0,0.135,24180829.25
01/09/2012 17:00,0,0.954,24184592.75
01/09/2012 18:00,0,1.496,24190312.38
01/09/2012 19:00,0,1.655,24196987.13
01/09/2012 20:00,0,1.166,24203161.88
01/09/2012 21:00,0,0.307,24207206.63
01/09/2012 22:00,0,-0.601,24208796.5
01/09/2012 23:00,0,-1.393,24209008.13
01/10/2012 00:00,0,-2.01,24208815.13
01/10/2012 01:00,0,-2.013,24208455
01/10/2012 02:00,0,-1.478,24207818
01/10/2012 03:00,0,-0.656,24206970.13
01/10/2012 04:00,0,0.296,24206892.13
01/10/2012 05:00,0,1.073,24208820.38
01/10/2012 06:00,0,1.746,24212702.5
01/10/2012 07:00,0,2.008,24217715.75
01/10/2012 08:00,0.201,1.598,24222339.38
01/10/2012 09:00,0.201,0.74,24225027.38
01/10/2012 10:00,0.201,-0.135,24225103.25
01/10/2012 11:00,0.402,-1.182,24223312.13
01/10/2012 12:00,0.402,-2.015,24220814.63
01/10/2012 13:00,0.402,-2.294,24218341.25
01/10/2012 14:00,0,-1.922,24216242.88
01/10/2012 15:00,0.402,-1.202,24214762.5
01/10/2012 16:00,0.402,-0.237,24214686.88
01/10/2012 17:00,0.201,0.619,24217479.13
01/10/2012 18:00,1.206,1.383,24223940.88
01/10/2012 19:00,0.603,1.855,24233332.38
01/10/2012 20:00,0.402,1.812,24244447.5
01/10/2012 21:00,0.402,1.028,24255519.38
01/10/2012 22:00,0.804,-0.025,24265297.75
01/10/2012 23:00,1.608,-0.856,24274712.25
01/11/2012 00:00,2.01,-1.681,24285718
01/11/2012 01:00,0.603,-2.136,24299953.5
01/11/2012 02:00,0.402,-1.882,24318558.88
01/11/2012 03:00,1.407,-1.241,24340930.5
01/11/2012 04:00,1.407,-0.207,24365934.38
01/11/2012 05:00,0.402,0.576,24394048.13
01/11/2012 06:00,0,1.435,24425645.13
01/11/2012 07:00,0,1.93,24459897.63
01/11/2012 08:00,0,1.952,24495418.25
01/11/2012 09:00,0,1.335,24529533.38
01/11/2012 10:00,0,0.331,24559575.25
01/11/2012 11:00,0,-0.68,24584952.75
01/11/2012 12:00,0.402,-1.688,24606519.38
01/11/2012 13:00,0,-2.414,24625997.25
01/11/2012 14:00,0.402,-2.384,24644198.88
01/11/2012 15:00,0,-1.771,24661946.13
01/11/2012 16:00,0,-0.906,24679569.88
01/11/2012 17:00,0,-0.125,24697579.25
01/11/2012 18:00,0.201,0.922,24717254.5
01/11/2012 19:00,0,1.59,24738965.63
01/11/2012 20:00,0,1.979,24761600.5
01/11/2012 21:00,0.201,1.583,24783684.38
01/11/2012 22:00,0.402,0.548,24803178.5
01/11/2012 23:00,0,-0.282,24819723.5
01/12/2012 00:00,0,-1.179,24834466.25
01/12/2012 01:00,0,-1.995,24848117.38
01/12/2012 02:00,0,-2.096,24861372.75
01/12/2012 03:00,0,-1.653,24874057.38
01/12/2012 04:00,0.201,-0.862,24886056.38
01/12/2012 05:00,0,0.152,24898043
01/12/2012 06:00,0.402,1.016,24911484.88
01/12/2012 07:00,0,1.723,24926791.13
01/12/2012 08:00,0,2.01,24943145.63
01/12/2012 09:00,1.206,1.753,24959417.25
01/12/2012 10:00,1.005,0.994,24974018.13
01/12/2012 11:00,0,-0.093,24985958.13
01/12/2012 12:00,0,-1.078,24995739.13
01/12/2012 13:00,0,-2.16,25005026.75
01/12/2012 14:00,0,-2.571,25014390.38
01/12/2012 15:00,0,-2.194,25023456.38
01/12/2012 16:00,0,-1.64,25032062.25
01/12/2012 17:00,0,-0.796,25040373.5
01/12/2012 18:00,0,0.154,25048953
01/12/2012 19:00,0,1.151,25059207.38
01/12/2012 20:00,0,1.714,25071178.88
01/12/2012 21:00,0,1.753,25083467.13
01/12/2012 22:00,0,1.057,25094303
01/12/2012 23:00,0,0.146,25102436
2012-13-01 00:00:00,0,-0.602,25107995.63
2012-13-01 01:00:00,0,-1.734,25111870.88
2012-13-01 02:00:00,0,-2.399,25114935.88
2012-13-01 03:00:00,0,-2.066,25117568.63
2012-13-01 04:00:00,0,-1.477,25119698.38
2012-13-01 05:00:00,0,-0.628,25121321.63
2012-13-01 06:00:00,0,0.312,25123522.38
2012-13-01 07:00:00,0,1.09,25127432.38
2012-13-01 08:00:00,0.201,1.698,25132993
2012-13-01 09:00:00,0.402,1.928,25139378.25
2012-13-01 10:00:00,0.201,1.481,25145208.75
2012-13-01 11:00:00,0,0.562,25148788.75
2012-13-01 12:00:00,0,-0.368,25149558.13
2012-13-01 13:00:00,0,-1.502,25148346.25
2012-13-01 14:00:00,0,-2.359,25146417.13
2012-13-01 15:00:00,0,-2.377,25144253.25
2012-13-01 16:00:00,0,-1.944,25141860.75
2012-13-01 17:00:00,0,-1.383,25139113.63
2012-13-01 18:00:00,0,-0.434,25136206.5
2012-13-01 19:00:00,0,0.542,25134307.5
2012-13-01 20:00:00,0,1.306,25134507.63
2012-13-01 21:00:00,0,1.729,25136289.13
2012-13-01 22:00:00,0,1.594,25138388.25
2012-13-01 23:00:00,0,0.919,25139236.5
2012-14-01 00:00:00,0,0.067,25137770.13
2012-14-01 01:00:00,0,-0.96,25134138.63
2012-14-01 02:00:00,0,-1.801,25129302.88
2012-14-01 03:00:00,0,-2.027,25124164.38
2012-14-01 04:00:00,0,-1.676,25118871
2012-14-01 05:00:00,0,-1.125,25113424.13
2012-14-01 06:00:00,0,-0.29,25107994.5
2012-14-01 07:00:00,0,0.513,25103664.25
2012-14-01 08:00:00,0,1.395,25101494.75
2012-14-01 09:00:00,0,1.83,25101151.75
2012-14-01 10:00:00,0,1.829,25101350
2012-14-01 11:00:00,0,1.309,25100615
2012-14-01 12:00:00,0,0.42,25097675.63
2012-14-01 13:00:00,0,-0.543,25092222.75
2012-14-01 14:00:00,0,-1.479,25085252.5
2012-14-01 15:00:00,0,-2.105,25077749.63
2012-14-01 16:00:00,0.201,-1.89,25070004.63
2012-14-01 17:00:00,0,-1.587,25062115.5
2012-14-01 18:00:00,0,-0.839,25054105.63
2012-14-01 19:00:00,0,-0.114,25046489.25
2012-14-01 20:00:00,0,0.9,25040472
2012-14-01 21:00:00,0,1.478,25036565.5
2012-14-01 22:00:00,0,1.842,25033790.5
2012-14-01 23:00:00,0,1.651,25031192.88
2012-15-01 00:00:00,0,0.757,25026995.88
2012-15-01 01:00:00,0,-0.048,25020218.63
2012-15-01 02:00:00,0,-0.836,25011517
2012-15-01 03:00:00,0,-1.644,25001747.88
2012-15-01 04:00:00,0,-1.648,24991719
2012-15-01 05:00:00,0,-1.222,24981531.5
2012-15-01 06:00:00,0,-0.767,24971260
2012-15-01 07:00:00,0,0.09,24961492.5
2012-15-01 08:00:00,0,0.807,24953204
2012-15-01 09:00:00,0,1.418,24946606.5
2012-15-01 10:00:00,0,1.93,24941449.13
2012-15-01 11:00:00,0,1.758,24936704.38
2012-15-01 12:00:00,0,1.072,24930617.25
2012-15-01 13:00:00,0,0.344,24922229.5
2012-15-01 14:00:00,0,-0.559,24911558.75
2012-15-01 15:00:00,0,-1.5,24899428.38
2012-15-01 16:00:00,0,-1.79,24886844.38
2012-15-01 17:00:00,0,-1.671,24874066.75
2012-15-01 18:00:00,0,-1.418,24861089.75
2012-15-01 19:00:00,0,-0.583,24848003.25
2012-15-01 20:00:00,0,0.056,24835510.25
2012-15-01 21:00:00,0,0.719,24824179.25
2012-15-01 22:00:00,0,1.435,24814530.25
2012-15-01 23:00:00,0,1.618,24806037.38
2012-16-01 00:00:00,0,1.157,24797022.25
2012-16-01 01:00:00,0,0.593,24786320.88
2012-16-01 02:00:00,0,-0.112,24773658.75
2012-16-01 03:00:00,0,-0.917,24759240.88
2012-16-01 04:00:00,0,-1.443,24743764.63
2012-16-01 05:00:00,0,-1.555,24727965.25
2012-16-01 06:00:00,0,-1.199,24711916.13
2012-16-01 07:00:00,0,-0.582,24695757.25
2012-16-01 08:00:00,0,-0.01,24680043.5
2012-16-01 09:00:00,0,0.576,24665299.5
2012-16-01 10:00:00,0,1.307,24652138.88
2012-16-01 11:00:00,0,1.555,24640205.38
2012-16-01 12:00:00,0,1.339,24628112.25
2012-16-01 13:00:00,0,0.838,24614755.75
2012-16-01 14:00:00,0,0.242,24599467
2012-16-01 15:00:00,0,-0.646,24582118.38
2012-16-01 16:00:00,0,-1.205,24563412
2012-16-01 17:00:00,0,-1.567,24544136
2012-16-01 18:00:00,0,-1.418,24524555.5
2012-16-01 19:00:00,0,-1.048,24504666.5
2012-16-01 20:00:00,0,-0.558,24484672.13
2012-16-01 21:00:00,0,0.033,24465026
2012-16-01 22:00:00,0,0.796,24446539
2012-16-01 23:00:00,0,1.333,24429640.25
2012-17-01 00:00:00,0,1.534,24413497.25
2012-17-01 01:00:00,0,1.092,24396747.5
2012-17-01 02:00:00,0,0.578,24378264.25
2012-17-01 03:00:00,0,-0.003,24357911.5
2012-17-01 04:00:00,0,-0.725,24335814
2012-17-01 05:00:00,1.206,-1.222,24312491
2012-17-01 06:00:00,1.809,-1.297,24288696.13
2012-17-01 07:00:00,1.809,-1.085,24264800.25
2012-17-01 08:00:00,0.804,-0.647,24241004.13
2012-17-01 09:00:00,0,-0.06,24217778.25
2012-17-01 10:00:00,0,0.44,24195643.63
2012-17-01 11:00:00,0,1.073,24175457.88
2012-17-01 12:00:00,0,1.39,24158144.88
2012-17-01 13:00:00,0,1.185,24142184.25
2012-17-01 14:00:00,0,0.79,24125726.38
2012-17-01 15:00:00,0,0.372,24108209.5
2012-17-01 16:00:00,0,-0.254,24089330.63
2012-17-01 17:00:00,0,-1.082,24069187.88
2012-17-01 18:00:00,0,-1.229,24048321.88
2012-17-01 19:00:00,0,-1.195,24027274.13
2012-17-01 20:00:00,0,-1.024,24006019.25
2012-17-01 21:00:00,0,-0.47,23984782.75
2012-17-01 22:00:00,0,0.027,23963978.75
2012-17-01 23:00:00,0,0.622,23944151.88
2012-18-01 00:00:00,0,1.28,23925988.5
2012-18-01 01:00:00,0,1.407,23908819.25
2012-18-01 02:00:00,0,1.127,23891255.25
2012-18-01 03:00:00,0.201,0.756,23872501.88
2012-18-01 04:00:00,1.206,0.202,23852171.25
2012-18-01 05:00:00,0.201,-0.469,23830298.5
2012-18-01 06:00:00,0,-1.058,23807439.5
2012-18-01 07:00:00,0,-1.235,23784160.13
2012-18-01 08:00:00,0,-1.246,23760949.38
2012-18-01 09:00:00,0,-0.838,23738061.63
2012-18-01 10:00:00,0,-0.38,23715841.25
2012-18-01 11:00:00,0,0.161,23694518.75
2012-18-01 12:00:00,0,0.764,23674570.63
2012-18-01 13:00:00,0,1.053,23655945
2012-18-01 14:00:00,0,1.11,23637668.5
2012-18-01 15:00:00,0,0.856,23618976.88
2012-18-01 16:00:00,0,0.381,23599142
2012-18-01 17:00:00,0,-0.216,23577816.63
2012-18-01 18:00:00,0,-0.886,23555116.25
2012-18-01 19:00:00,0,-1.228,23531580.88
2012-18-01 20:00:00,0,-1.305,23507774.38
2012-18-01 21:00:00,0,-1.214,23483802.38
2012-18-01 22:00:00,0,-0.793,23459626.75
2012-18-01 23:00:00,0.201,-0.284,23435604
2012-19-01 00:00:00,0.603,0.488,23412534.88
2012-19-01 01:00:00,2.01,1.07,23391205.75
2012-19-01 02:00:00,0.804,1.35,23371055
2012-19-01 03:00:00,0.201,1.247,23351199.88
2012-19-01 04:00:00,0.201,0.868,23330850.5
2012-19-01 05:00:00,0.603,0.328,23309482.38
2012-19-01 06:00:00,0.201,-0.19,23287167.88
2012-19-01 07:00:00,0,-0.941,23264391.13
2012-19-01 08:00:00,0,-1.285,23241683
2012-19-01 09:00:00,0,-1.293,23219684.75
2012-19-01 10:00:00,1.206,-0.971,23198528
2012-19-01 11:00:00,0.201,-0.6,23178042.25
2012-19-01 12:00:00,0.201,0.097,23158513.13
2012-19-01 13:00:00,0.201,0.578,23140507.75
2012-19-01 14:00:00,0.402,1.035,23124109
2012-19-01 15:00:00,0.201,1.271,23108814.75
2012-19-01 16:00:00,0,1.087,23093702.38
2012-19-01 17:00:00,0,0.542,23077709
2012-19-01 18:00:00,0.201,-0.04,23060218.13
2012-19-01 19:00:00,0,-0.719,23041411.88
2012-19-01 20:00:00,0,-1.251,23021803
2012-19-01 21:00:00,0,-1.388,23001801.38
2012-19-01 22:00:00,0,-1.479,22981615.38
2012-19-01 23:00:00,0,-0.991,22961191.88
2012-20-01 00:00:00,0,-0.263,22940891
2012-20-01 01:00:00,0,0.352,22921442.5
2012-20-01 02:00:00,0.201,1.018,22903467.13
2012-20-01 03:00:00,0,1.454,22886824.63
2012-20-01 04:00:00,0,1.422,22870567.25
2012-20-01 05:00:00,0,1.08,22853544.25
2012-20-01 06:00:00,0,0.477,22834956.25
2012-20-01 07:00:00,0.603,-0.308,22814386.88
2012-20-01 08:00:00,0,-1.097,22792172.88
2012-20-01 09:00:00,0,-1.506,22769251.25
2012-20-01 10:00:00,0,-1.658,22746191.13
2012-20-01 11:00:00,0,-1.389,22722891.13
2012-20-01 12:00:00,0,-0.822,22699438.5
2012-20-01 13:00:00,0,-0.29,22676311.5
2012-20-01 14:00:00,0,0.445,22654191.13
2012-20-01 15:00:00,0,1.161,22633826.63
2012-20-01 16:00:00,0,1.497,22614851.5
2012-20-01 17:00:00,0.201,1.214,22595936.25
2012-20-01 18:00:00,0,0.726,22575740.63
2012-20-01 19:00:00,0.201,0.132,22553772.88
2012-20-01 20:00:00,0,-0.657,22530140.88
2012-20-01 21:00:00,0.201,-1.302,22505421
2012-20-01 22:00:00,0,-1.569,22480386.75
2012-20-01 23:00:00,0.201,-1.556,22455297.13
2012-21-01 00:00:00,0.402,-0.884,22430137.38
2012-21-01 01:00:00,0.201,-0.198,22405501.88
2012-21-01 02:00:00,0.201,0.429,22382246
2012-21-01 03:00:00,0.201,1.266,22361081
2012-21-01 04:00:00,0.402,1.81,22342103.25
2012-21-01 05:00:00,0.402,1.769,22324197.88
2012-21-01 06:00:00,0,1.324,22306108
2012-21-01 07:00:00,0.201,0.492,22286846.63
2012-21-01 08:00:00,0,-0.356,22266215.88
2012-21-01 09:00:00,0,-1.208,22245267.25
2012-21-01 10:00:00,0,-1.861,22224853.38
2012-21-01 11:00:00,0,-1.953,22205152.88
2012-21-01 12:00:00,0,-1.552,22185856.25
2012-21-01 13:00:00,0,-0.937,22166728.25
2012-21-01 14:00:00,0,-0.275,22147845
2012-21-01 15:00:00,0,0.609,22130275.75
2012-21-01 16:00:00,0,1.448,22115052.88
2012-21-01 17:00:00,0,1.642,22101218.5
2012-21-01 18:00:00,0,1.348,22086987.88
2012-21-01 19:00:00,0,0.7,22071197.13
2012-21-01 20:00:00,0,-0.043,22053117.13
2012-21-01 21:00:00,0,-0.905,22032982.38
2012-21-01 22:00:00,0,-1.667,22011747.63
2012-21-01 23:00:00,0,-1.965,21990093.38
2012-22-01 00:00:00,0,-1.72,21968117.88
2012-22-01 01:00:00,0,-1.037,21945806
2012-22-01 02:00:00,0,-0.17,21923536.5
2012-22-01 03:00:00,0,0.729,21902574.75
2012-22-01 04:00:00,0,1.623,21883898.88
2012-22-01 05:00:00,0,2.083,21866997.88
2012-22-01 06:00:00,0,1.931,21850387.88
2012-22-01 07:00:00,0,1.296,21832539.25
2012-22-01 08:00:00,0,0.451,21812283.75
2012-22-01 09:00:00,0,-0.574,21789383.75
2012-22-01 10:00:00,0,-1.689,21764935.63
2012-22-01 11:00:00,0,-2.219,21740039.13
2012-22-01 12:00:00,0,-2.23,21714817
2012-22-01 13:00:00,0,-1.803,21689438
2012-22-01 14:00:00,0,-1.037,21663841.75
2012-22-01 15:00:00,0,-0.148,21638384.13
2012-22-01 16:00:00,0,0.91,21614663.5
2012-22-01 17:00:00,0,1.516,21593189.13
2012-22-01 18:00:00,0,1.792,21572771.25
2012-22-01 19:00:00,0,1.512,21552235.75
2012-22-01 20:00:00,0,0.64,21529917.5
2012-22-01 21:00:00,0,-0.214,21505047.5
2012-22-01 22:00:00,0,-1.163,21478308.88
2012-22-01 23:00:00,0,-1.91,21450785.75
2012-23-01 00:00:00,0,-2.147,21423150
2012-23-01 01:00:00,0,-1.688,21395377.5
2012-23-01 02:00:00,0,-0.944,21367401.88
2012-23-01 03:00:00,0,0.044,21339787.38
2012-23-01 04:00:00,0,1.025,21314229.63
2012-23-01 05:00:00,0,1.767,21291171
2012-23-01 06:00:00,0,2.213,21269853.63
2012-23-01 07:00:00,0,2.045,21248965.5
2012-23-01 08:00:00,0,1.14,21226502.75
2012-23-01 09:00:00,0.201,0.111,21201183.13
2012-23-01 10:00:00,0,-0.941,21173368.38
2012-23-01 11:00:00,0,-2.018,21144499.75
2012-23-01 12:00:00,0,-2.346,21115473.25
2012-23-01 13:00:00,0,-2.309,21086265
2012-23-01 14:00:00,0,-1.768,21056969.38
2012-23-01 15:00:00,0.201,-0.731,21027652.25
2012-23-01 16:00:00,0,0.289,20999147
2012-23-01 17:00:00,0.201,1.129,20972950.5
2012-23-01 18:00:00,0,1.846,20949039.25
2012-23-01 19:00:00,0,1.911,20926361.63
2012-23-01 20:00:00,0,1.349,20902960
2012-23-01 21:00:00,0,0.506,20877469.5
2012-23-01 22:00:00,0,-0.486,20849482.13
2012-23-01 23:00:00,0,-1.484,20819847
2012-24-01 00:00:00,0,-2.15,20789737.5
2012-24-01 01:00:00,0.402,-2.037,20759547.38
2012-24-01 02:00:00,2.613,-1.443,20729419.75
2012-24-01 03:00:00,1.809,-0.5,20699581
2012-24-01 04:00:00,4.623,0.514,20671308.13
2012-24-01 05:00:00,3.216,1.529,20646439.13
2012-24-01 06:00:00,0,2.177,20625860.63
2012-24-01 07:00:00,0.201,2.412,20622669
2012-24-01 08:00:00,0,1.952,20628326.63
2012-24-01 09:00:00,0.201,0.976,20636189.13
2012-24-01 10:00:00,0,-0.162,20643236.88
2012-24-01 11:00:00,0,-1.301,20647965.38
2012-24-01 12:00:00,0,-2.235,20650636.38
2012-24-01 13:00:00,0.201,-2.521,20651266.75
2012-24-01 14:00:00,0,-2.177,20650198.25
2012-24-01 15:00:00,0.201,-1.32,20647646.38
2012-24-01 16:00:00,0.603,-0.297,20644122.25
2012-24-01 17:00:00,0.402,0.696,20641564.38
2012-24-01 18:00:00,0.201,1.532,20641461.38
2012-24-01 19:00:00,0,2.088,20643725.25
2012-24-01 20:00:00,0,2.012,20647468.63
2012-24-01 21:00:00,0,1.25,20650538.5
2012-24-01 22:00:00,0.201,0.236,20651271.75
2012-24-01 23:00:00,0,-0.744,20649378.5
2012-25-01 00:00:00,0,-1.731,20646010.38
2012-25-01 01:00:00,0,-2.151,20642125.63
2012-25-01 02:00:00,0,-1.811,20637781
2012-25-01 03:00:00,0,-1.1,20632927
2012-25-01 04:00:00,0,-0.138,20627834.25
2012-25-01 05:00:00,0,0.842,20623839
2012-25-01 06:00:00,0,1.821,20622081.63
2012-25-01 07:00:00,0,2.528,20622300.25
2012-25-01 08:00:00,0,2.589,20623174.75
2012-25-01 09:00:00,0,1.881,20622473
2012-25-01 10:00:00,0,0.831,20618478.75
2012-25-01 11:00:00,0.201,-0.148,20611053.13
2012-25-01 12:00:00,1.407,-1.243,20601055.5
2012-25-01 13:00:00,2.01,-2.198,20590025.13
2012-25-01 14:00:00,2.01,-2.008,20578866.88
2012-25-01 15:00:00,0.804,-1.441,20569153.38
2012-25-01 16:00:00,1.005,-0.593,20564695.13
2012-25-01 17:00:00,1.206,0.192,20565225.88
2012-25-01 18:00:00,0.804,1.022,20571544.5
2012-25-01 19:00:00,0,1.907,20584572.38
2012-25-01 20:00:00,0.201,2.244,20603092.5
2012-25-01 21:00:00,0,1.76,20623981.5
2012-25-01 22:00:00,0,0.837,20643812.25
2012-25-01 23:00:00,0,-0.12,20660199.88
2012-26-01 00:00:00,0,-1.043,20672961.25
2012-26-01 01:00:00,0,-1.854,20682952.88
2012-26-01 02:00:00,0,-1.989,20691023.88
2012-26-01 03:00:00,0.201,-1.517,20697667.25
2012-26-01 04:00:00,0,-0.721,20703193.38
2012-26-01 05:00:00,0,0.319,20708720
2012-26-01 06:00:00,0,1.24,20715970.25
2012-26-01 07:00:00,0.402,1.965,20724890.63
2012-26-01 08:00:00,0,2.428,20735012
2012-26-01 09:00:00,0.201,2.032,20744790.88
2012-26-01 10:00:00,0.201,1.185,20751928.38
2012-26-01 11:00:00,0,0.181,20755658.5
2012-26-01 12:00:00,0,-0.892,20756349.5
2012-26-01 13:00:00,0,-2.04,20755612.13
2012-26-01 14:00:00,0,-2.466,20754341.88
2012-26-01 15:00:00,0,-1.988,20752524.25
2012-26-01 16:00:00,0.201,-1.383,20750322.5
2012-26-01 17:00:00,0.201,-0.494,20747756.5
2012-26-01 18:00:00,0.201,0.319,20745887
2012-26-01 19:00:00,0.402,1.328,20746055.88
2012-26-01 20:00:00,0.201,1.814,20748266.75
2012-26-01 21:00:00,0,1.848,20751374
2012-26-01 22:00:00,0,1.072,20754010.88
2012-26-01 23:00:00,0.201,0.119,20754964.25
2012-27-01 00:00:00,0.201,-0.659,20754432.13
2012-27-01 01:00:00,0,-1.572,20753237.38
2012-27-01 02:00:00,0,-2.299,20752107.63
2012-27-01 03:00:00,0,-2.067,20751108.75
2012-27-01 04:00:00,0,-1.41,20749952
2012-27-01 05:00:00,0,-0.552,20748573.88
2012-27-01 06:00:00,0,0.356,20747893.13
2012-27-01 07:00:00,0,1.137,20749311.5
2012-27-01 08:00:00,0,1.739,20752524.5
2012-27-01 09:00:00,0,1.982,20756628.25
2012-27-01 10:00:00,0,1.431,20759924.75
2012-27-01 11:00:00,0,0.443,20760656.5
2012-27-01 12:00:00,0,-0.364,20758492.25
2012-27-01 13:00:00,0,-1.431,20754380.88
2012-27-01 14:00:00,0,-2.282,20749576.13
2012-27-01 15:00:00,0,-2.284,20744396.5
2012-27-01 16:00:00,0,-1.738,20738909.75
2012-27-01 17:00:00,0,-1.082,20733055.13
2012-27-01 18:00:00,0,-0.309,20727161.75
2012-27-01 19:00:00,0,0.507,20722256
2012-27-01 20:00:00,0,1.19,20719233.75
2012-27-01 21:00:00,0,1.553,20717514.5
2012-27-01 22:00:00,0,1.359,20715837.38
2012-27-01 23:00:00,0,0.549,20712403.88
2012-28-01 00:00:00,0,-0.22,20706435.88
2012-28-01 01:00:00,0,-0.972,20698643.5
2012-28-01 02:00:00,0,-1.842,20689966.13
2012-28-01 03:00:00,0,-2.094,20681059.63
2012-28-01 04:00:00,0,-1.62,20671849.5
2012-28-01 05:00:00,0,-1.05,20662371.13
2012-28-01 06:00:00,0,-0.248,20652904.13
2012-28-01 07:00:00,0,0.465,20644511.13
2012-28-01 08:00:00,0,1.171,20638002.25
2012-28-01 09:00:00,0,1.624,20633022.75
2012-28-01 10:00:00,0.402,1.505,20628373.75
2012-28-01 11:00:00,0.603,0.89,20622528.5
2012-28-01 12:00:00,0.201,0.129,20614525.75
2012-28-01 13:00:00,0.402,-0.732,20604395.38
2012-28-01 14:00:00,0.402,-1.697,20593138.38
2012-28-01 15:00:00,0.201,-2.091,20581739.5
2012-28-01 16:00:00,0,-1.837,20570239.75
2012-28-01 17:00:00,0.201,-1.34,20558730.5
2012-28-01 18:00:00,0,-0.623,20547367.88
2012-28-01 19:00:00,0,-0.009,20536630.63
2012-28-01 20:00:00,0.201,0.746,20527481.38
2012-28-01 21:00:00,0.603,1.245,20520404.5
2012-28-01 22:00:00,0.804,1.366,20514359.25
2012-28-01 23:00:00,0.804,0.889,20508163
2012-29-01 00:00:00,1.206,0.31,20501143
2012-29-01 01:00:00,1.206,-0.416,20493743.5
2012-29-01 02:00:00,1.206,-1.129,20487810.38
2012-29-01 03:00:00,1.407,-1.756,20485894.13
2012-29-01 04:00:00,0.603,-1.71,20488790.75
2012-29-01 05:00:00,1.005,-1.165,20495960.25
2012-29-01 06:00:00,0.603,-0.589,20506803.88
2012-29-01 07:00:00,1.407,-0.053,20521192.75
2012-29-01 08:00:00,0.804,0.669,20539810.75
2012-29-01 09:00:00,0.804,1.174,20564007
2012-29-01 10:00:00,3.015,1.343,20593281
2012-29-01 11:00:00,0.603,1.168,20627478.25
2012-29-01 12:00:00,0.603,0.534,20666592
2012-29-01 13:00:00,0,-0.261,20706987.75
2012-29-01 14:00:00,0,-0.933,20745939
2012-29-01 15:00:00,0,-1.592,20782485.13
2012-29-01 16:00:00,0,-1.786,20815731
2012-29-01 17:00:00,0,-1.436,20844994.25
2012-29-01 18:00:00,0,-0.938,20870585.88
2012-29-01 19:00:00,0,-0.405,20892952.88
2012-29-01 20:00:00,0,0.225,20913247
2012-29-01 21:00:00,0,0.767,20933039
2012-29-01 22:00:00,0,1.036,20952564.5
2012-29-01 23:00:00,0,1.02,20971300.25
2012-30-01 00:00:00,0,0.581,20988278.63
2012-30-01 01:00:00,0.201,-0.08,21002630.38
2012-30-01 02:00:00,0,-0.611,21014572.88
2012-30-01 03:00:00,0,-1.196,21025006.5
2012-30-01 04:00:00,0.201,-1.477,21034485.75
2012-30-01 05:00:00,0.804,-1.306,21043069.25
2012-30-01 06:00:00,1.005,-0.938,21050956.88
2012-30-01 07:00:00,0,-0.434,21058769.75
2012-30-01 08:00:00,0,0.115,21066965.5
2012-30-01 09:00:00,1.005,0.687,21076211.5
2012-30-01 10:00:00,0.402,0.948,21086280.5
2012-30-01 11:00:00,0,1.003,21096566.38
2012-30-01 12:00:00,0,0.8,21106425.75
2012-30-01 13:00:00,0,0.254,21114738.13
2012-30-01 14:00:00,0,-0.483,21121113.25
2012-30-01 15:00:00,0,-0.955,21126205.38
2012-30-01 16:00:00,0,-1.327,21130776.88
2012-30-01 17:00:00,0,-1.394,21135108.63
2012-30-01 18:00:00,0,-1.07,21139106.13
2012-30-01 19:00:00,0,-0.606,21143064.25
2012-30-01 20:00:00,0,-0.262,21147147.88
2012-30-01 21:00:00,0,0.292,21151865.13
2012-30-01 22:00:00,0,0.654,21157709
2012-30-01 23:00:00,0,0.885,21164112.13
2012-31-01 00:00:00,0,0.736,21170300.25
2012-31-01 01:00:00,0,0.368,21175448.63
2012-31-01 02:00:00,0,-0.169,21179058.25
2012-31-01 03:00:00,0,-0.626,21181337.13
2012-31-01 04:00:00,0,-1.004,21182703.75
2012-31-01 05:00:00,0,-1.21,21183562.5
2012-31-01 06:00:00,0,-1.07,21184045.88
2012-31-01 07:00:00,0,-0.741,21184389.38
2012-31-01 08:00:00,0,-0.413,21184698.13
2012-31-01 09:00:00,0,0.039,21185371.13
2012-31-01 10:00:00,0,0.432,21186901.25
2012-31-01 11:00:00,0,0.662,21189068.25
2012-31-01 12:00:00,0,0.775,21191488.88
2012-31-01 13:00:00,0,0.456,21193407.75
2012-31-01 14:00:00,0,-0.159,21193875.13
2012-31-01 15:00:00,0,-0.464,21193107.38
2012-31-01 16:00:00,0,-0.838,21191543.5
2012-31-01 17:00:00,0,-1.187,21189429.5
2012-31-01 18:00:00,0,-1.109,21186925
2012-31-01 19:00:00,0,-0.907,21184269.38
2012-31-01 20:00:00,0,-0.568,21181671.63
2012-31-01 21:00:00,0,-0.202,21179239.75
2012-31-01 22:00:00,0,0.231,21177401.5
2012-31-01 23:00:00,0,0.476,21176378.88
02/01/2012 00:00,0,0.676,21175772.38
02/01/2012 01:00,0,0.641,21175214.63
02/01/2012 02:00,0,0.267,21174032.38
02/01/2012 03:00,0,-0.144,21171568.38
02/01/2012 04:00,0,-0.454,21168098.25
02/01/2012 05:00,0,-0.737,21164012.88
02/01/2012 06:00,0,-0.958,21159552.63
02/01/2012 07:00,0,-0.868,21154761.88
02/01/2012 08:00,0,-0.637,21149876.25
02/01/2012 09:00,0,-0.466,21145069.5
02/01/2012 10:00,0,-0.03,21140600.25
02/01/2012 11:00,0,0.299,21136782.75
02/01/2012 12:00,0,0.512,21133536.75
02/01/2012 13:00,0,0.606,21130630.25
02/01/2012 14:00,0,0.344,21127424
02/01/2012 15:00,0,-0.061,21123100.38
02/01/2012 16:00,0,-0.285,21117792.88
02/01/2012 17:00,0,-0.597,21111859.88
02/01/2012 18:00,0,-0.987,21105366.5
02/01/2012 19:00,0,-0.913,21098454
02/01/2012 20:00,0,-0.737,21091393.25
02/01/2012 21:00,0,-0.538,21084351.75
02/01/2012 22:00,0,-0.302,21077448.63
02/01/2012 23:00,0,0.094,21070978.13
02/02/2012 00:00,0,0.388,21065137.13
02/02/2012 01:00,0,0.59,21059799.5
02/02/2012 02:00,0,0.59,21054622.13
02/02/2012 03:00,0,0.293,21048927.88
02/02/2012 04:00,0,-0.008,21042240.38
02/02/2012 05:00,0,-0.291,21034714
02/02/2012 06:00,0,-0.659,21026429.38
02/02/2012 07:00,0,-0.892,21017495.88
02/02/2012 08:00,0,-0.909,21008166.88
02/02/2012 09:00,0,-0.82,20998656.88
02/02/2012 10:00,0,-0.617,20989090.5
02/02/2012 11:00,0,-0.174,20979688.38
02/02/2012 12:00,0,0.137,20970872.13
02/02/2012 13:00,0,0.367,20962487.75
02/02/2012 14:00,0.201,0.502,20954365.88
02/02/2012 15:00,0,0.452,20946203.38
02/02/2012 16:00,0,0.251,20937501.63
02/02/2012 17:00,0,-0.094,20927882
02/02/2012 18:00,0,-0.552,20917222.88
02/02/2012 19:00,0,-0.799,20905745.88
02/02/2012 20:00,0,-0.801,20893901.13
02/02/2012 21:00,0,-0.805,20881822.25
02/02/2012 22:00,0,-0.693,20869539.38
02/02/2012 23:00,0,-0.314,20857238
02/03/2012 00:00,0,0.115,20845338.25
02/03/2012 01:00,0,0.448,20834064.63
02/03/2012 02:00,0,0.63,20823317.75
02/03/2012 03:00,0,0.699,20812666.63
02/03/2012 04:00,0,0.548,20801666.88
02/03/2012 05:00,0,0.254,20789795.25
02/03/2012 06:00,0,-0.151,20776723.88
02/03/2012 07:00,0,-0.619,20762479.25
02/03/2012 08:00,0,-0.925,20747307.63
02/03/2012 09:00,0,-0.972,20731555.13
02/03/2012 10:00,0,-0.882,20715480.13
02/03/2012 11:00,0,-0.778,20699146
02/03/2012 12:00,0,-0.282,20682729.63
02/03/2012 13:00,0,0.193,20666831.13
02/03/2012 14:00,0,0.471,20651587.25
02/03/2012 15:00,0,0.655,20636666.88
02/03/2012 16:00,0,0.64,20621617.75
02/03/2012 17:00,0,0.326,20605775
02/03/2012 18:00,0,0.032,20588687.88
02/03/2012 19:00,0,-0.418,20570392.63
02/03/2012 20:00,0,-0.88,20550956.63
02/03/2012 21:00,0,-1.027,20530797
02/03/2012 22:00,0,-1.015,20510197.88
02/03/2012 23:00,0,-0.789,20489280
02/04/2012 00:00,0,-0.389,20468259.88
02/04/2012 01:00,0,0.057,20447577.25
02/04/2012 02:00,0,0.519,20427676.88
02/04/2012 03:00,0.201,0.886,20408703.63
02/04/2012 04:00,0.201,0.933,20390177
02/04/2012 05:00,0.402,0.71,20371169.13
02/04/2012 06:00,0,0.384,20351109.5
02/04/2012 07:00,0,-0.179,20329711.88
02/04/2012 08:00,0,-0.704,20306986.63
02/04/2012 09:00,0,-1.021,20283519.63
02/04/2012 10:00,0,-1.314,20259665.63
02/04/2012 11:00,0,-1.056,20235610.13
02/04/2012 12:00,0,-0.625,20211558.25
02/04/2012 13:00,0.402,-0.211,20187855.88
02/04/2012 14:00,2.412,0.311,20165053.38
02/04/2012 15:00,1.407,0.798,20143622
02/04/2012 16:00,0.804,0.886,20123410.63
02/04/2012 17:00,0,0.864,20103723.63
02/04/2012 18:00,0,0.491,20083806
02/04/2012 19:00,0,-0.195,20063139
02/04/2012 20:00,0,-0.637,20042311.63
02/04/2012 21:00,0,-1.138,20021622
02/04/2012 22:00,0,-1.476,20000828
02/04/2012 23:00,0,-1.451,19979843.75
02/05/2012 00:00,0,-0.875,19958754
02/05/2012 01:00,0,-0.456,19937781.25
02/05/2012 02:00,0,0.163,19917462
02/05/2012 03:00,0,0.727,19898520.88
02/05/2012 04:00,0,1.006,19880819
02/05/2012 05:00,0,1.064,19863528.5
02/05/2012 06:00,0,0.862,19845945.25
02/05/2012 07:00,0,0.102,19826865.88
02/05/2012 08:00,0,-0.609,19805864.13
02/05/2012 09:00,0,-1.134,19783782.75
02/05/2012 10:00,0,-1.678,19761316.5
02/05/2012 11:00,0.201,-1.851,19738809.25
02/05/2012 12:00,0.201,-1.534,19716158.25
02/05/2012 13:00,0,-0.997,19693393.75
02/05/2012 14:00,0,-0.358,19670872.63
02/05/2012 15:00,0,0.414,19649470.25
02/05/2012 16:00,0,0.888,19629731.63
02/05/2012 17:00,0,1.024,19610873.88
02/05/2012 18:00,0,0.9,19592012.5
02/05/2012 19:00,0,0.393,19572171.63
02/05/2012 20:00,0,-0.429,19550565.13
02/05/2012 21:00,0,-1.047,19527474.75
02/05/2012 22:00,0.201,-1.618,19503811
02/05/2012 23:00,0,-1.872,19480041.88
02/06/2012 00:00,0,-1.529,19456224.5
02/06/2012 01:00,0,-1.057,19432260
02/06/2012 02:00,0,-0.379,19408413.88
02/06/2012 03:00,0,0.431,19385679.38
02/06/2012 04:00,0.201,0.992,19364876.75
02/06/2012 05:00,0,1.242,19345322.75
02/06/2012 06:00,0,1.216,19326094.88
02/06/2012 07:00,0.201,0.658,19305920.13
02/06/2012 08:00,0,-0.172,19283652.63
02/06/2012 09:00,0,-0.921,19259690.75
02/06/2012 10:00,0,-1.794,19235009.13
02/06/2012 11:00,0.201,-2.23,19210281.88
02/06/2012 12:00,0,-2.125,19185596.88
02/06/2012 13:00,0,-1.656,19160869.88
02/06/2012 14:00,0,-0.947,19136082
02/06/2012 15:00,0,-0.108,19111654.5
02/06/2012 16:00,0.201,0.681,19088865.38
02/06/2012 17:00,0.402,1.223,19068092
02/06/2012 18:00,0.201,1.356,19048468.25
02/06/2012 19:00,0,0.914,19028567
02/06/2012 20:00,0,0.146,19006911.25
02/06/2012 21:00,0,-0.725,18983339
02/06/2012 22:00,0,-1.466,18958786.63
02/06/2012 23:00,0,-2.113,18934029.63
02/07/2012 00:00,0,-2.069,18909208.5
02/07/2012 01:00,0,-1.611,18884347.75
02/07/2012 02:00,0,-0.882,18859440.13
02/07/2012 03:00,0,0.038,18835020.38
02/07/2012 04:00,0,0.834,18812556.13
02/07/2012 05:00,0,1.379,18792186.13
02/07/2012 06:00,0,1.716,18773165.63
02/07/2012 07:00,0,1.405,18754253.63
02/07/2012 08:00,0,0.463,18733466.88
02/07/2012 09:00,0,-0.313,18710208.38
02/07/2012 10:00,0,-1.355,18685422.13
02/07/2012 11:00,0,-2.233,18660121.75
02/07/2012 12:00,0,-2.458,18634669
02/07/2012 13:00,0,-2.142,18609083
02/07/2012 14:00,0,-1.442,18583430.63
02/07/2012 15:00,0,-0.521,18557792.88
02/07/2012 16:00,0,0.49,18533273.13
02/07/2012 17:00,0,1.231,18511237.5
02/07/2012 18:00,0,1.721,18491180.13
02/07/2012 19:00,0,1.731,18471952.88
02/07/2012 20:00,0,0.883,18451515.25
02/07/2012 21:00,0,-0.048,18428246.13
02/07/2012 22:00,0,-0.921,18402741.13
02/07/2012 23:00,0,-1.937,18376363.5
02/08/2012 00:00,0,-2.333,18349849.88
02/08/2012 01:00,0,-1.999,18323238.13
02/08/2012 02:00,0,-1.397,18296499.5
02/08/2012 03:00,0,-0.439,18269759.63
02/08/2012 04:00,0,0.566,18244316.38
02/08/2012 05:00,0,1.403,18221600.38
02/08/2012 06:00,0,1.906,18200999.5
02/08/2012 07:00,0,2.057,18181412.5
02/08/2012 08:00,0.201,1.362,18160973.88
02/08/2012 09:00,0.201,0.372,18138021.75
02/08/2012 10:00,0.804,-0.623,18112348.75
02/08/2012 11:00,1.005,-1.778,18085301.88
02/08/2012 12:00,0.804,-2.459,18058357.5
02/08/2012 13:00,0.603,-2.437,18031506.5
02/08/2012 14:00,0.201,-1.966,18004973.38
02/08/2012 15:00,0.201,-1.063,17980057.75
02/08/2012 16:00,0,0.001,17958363.63
02/08/2012 17:00,0,0.949,17941162.38
02/08/2012 18:00,0,1.722,17928050.13
02/08/2012 19:00,0,2.105,17917384.5
02/08/2012 20:00,0,1.645,17906946.63
02/08/2012 21:00,0,0.676,17894518
02/08/2012 22:00,0,-0.338,17879294.63
02/08/2012 23:00,0,-1.435,17862111.88
02/09/2012 00:00,0,-2.389,17844240.5
02/09/2012 01:00,0,-2.453,17826162
02/09/2012 02:00,0,-1.99,17807927.25
02/09/2012 03:00,0,-1.141,17789513.75
02/09/2012 04:00,0,-0.062,17770906.5
02/09/2012 05:00,0,0.875,17753242.38
02/09/2012 06:00,0,1.787,17737713.75
02/09/2012 07:00,0,2.206,17724081.5
02/09/2012 08:00,0,1.938,17710587.38
02/09/2012 09:00,0,1.004,17695189.63
02/09/2012 10:00,0.201,-0.113,17676652.25
02/09/2012 11:00,0,-1.187,17655494.88
02/09/2012 12:00,0,-2.298,17633352.75
02/09/2012 13:00,0,-2.865,17611023.63
02/09/2012 14:00,0,-2.621,17588615.63
02/09/2012 15:00,0,-1.835,17566105.88
02/09/2012 16:00,0,-0.752,17543504.25
02/09/2012 17:00,0,0.331,17521563.75
02/09/2012 18:00,0,1.324,17502265.75
02/09/2012 19:00,0.201,1.954,17485310.38
02/09/2012 20:00,1.407,2.082,17469596.25
02/09/2012 21:00,0,1.341,17453066
02/09/2012 22:00,0,0.2,17433741.63
02/09/2012 23:00,0,-0.849,17411537.13
02/10/2012 00:00,0,-1.948,17388385.63
02/10/2012 01:00,0,-2.7,17365461.13
02/10/2012 02:00,0.402,-2.586,17342613.13
02/10/2012 03:00,0,-1.719,17319717.25
02/10/2012 04:00,0,-0.825,17296944.88
02/10/2012 05:00,0,0.272,17275028.75
02/10/2012 06:00,0,1.362,17256040
02/10/2012 07:00,0,1.989,17239749.88
02/10/2012 08:00,0,2.306,17224854.5
02/10/2012 09:00,0,1.79,17209727.88
02/10/2012 10:00,0,0.591,17191855.63
02/10/2012 11:00,0,-0.55,17170485.88
02/10/2012 12:00,0,-1.572,17147323
02/10/2012 13:00,0,-2.753,17123719.25
02/10/2012 14:00,0,-2.992,17099921.25
02/10/2012 15:00,0,-2.381,17075967.63
02/10/2012 16:00,0.201,-1.489,17051796.75
02/10/2012 17:00,0,-0.378,17027597.25
02/10/2012 18:00,0,0.644,17004752.13
02/10/2012 19:00,0,1.58,16984934.88
02/10/2012 20:00,0,2.124,16967522.63
02/10/2012 21:00,0,1.933,16950861.5
02/10/2012 22:00,0,1.003,16932622.13
02/10/2012 23:00,0.804,-0.241,16911158.5
02/11/2012 00:00,0,-1.265,16887254.38
02/11/2012 01:00,0.402,-2.277,16862790.88
02/11/2012 02:00,0.603,-2.687,16838328.25
02/11/2012 03:00,0.804,-2.27,16813876.88
02/11/2012 04:00,0.201,-1.554,16789554.63
02/11/2012 05:00,1.005,-0.4,16765527.38
02/11/2012 06:00,0.402,0.611,16743316.63
02/11/2012 07:00,0.201,1.5,16725486.75
02/11/2012 08:00,0,2.028,16712203.88
02/11/2012 09:00,0,2.143,16701290.63
02/11/2012 10:00,0,1.301,16690120
02/11/2012 11:00,0,0.24,16676939.38
02/11/2012 12:00,0,-0.842,16661837.13
02/11/2012 13:00,0,-2.013,16645561.63
02/11/2012 14:00,0,-2.879,16628764.88
02/11/2012 15:00,0,-2.66,16611427.63
02/11/2012 16:00,0,-2.022,16593671.5
02/11/2012 17:00,0,-1.135,16575372.13
02/11/2012 18:00,0,-0.061,16557003.5
02/11/2012 19:00,0,0.96,16540544
02/11/2012 20:00,0,1.629,16526704.13
02/11/2012 21:00,0,2.019,16514249.88
02/11/2012 22:00,0,1.578,16501542.75
02/11/2012 23:00,0,0.519,16486115.38
02/12/2012 00:00,0,-0.455,16467464.75
02/12/2012 01:00,0,-1.56,16446984.63
02/12/2012 02:00,0,-2.494,16425853.63
02/12/2012 03:00,0,-2.556,16404354.38
02/12/2012 04:00,0,-1.918,16382609.75
02/12/2012 05:00,0,-1.228,16360610
02/12/2012 06:00,0,-0.19,16338643.88
02/12/2012 07:00,0,0.739,16318189.75
02/12/2012 08:00,0.201,1.502,16300276.63
02/12/2012 09:00,0,1.951,16284264.25
02/12/2012 10:00,0,1.732,16268656.63
02/12/2012 11:00,0,0.767,16251115.5
02/12/2012 12:00,0,-0.155,16230531.63
02/12/2012 13:00,0.201,-1.183,16207719.88
02/12/2012 14:00,0,-2.306,16183943.13
02/12/2012 15:00,0,-2.711,16160015.38
02/12/2012 16:00,0,-2.371,16135943.75
02/12/2012 17:00,0,-1.805,16111824.13
02/12/2012 18:00,0,-0.777,16087541.63
02/12/2012 19:00,0,0.098,16063655.5
02/12/2012 20:00,0,0.887,16041696.25
02/12/2012 21:00,0,1.594,16022071.5
02/12/2012 22:00,0,1.727,16003873.5
02/12/2012 23:00,0,1.034,15984903.75
2012-13-02 00:00:00,0,0.139,15963456.88
2012-13-02 01:00:00,0,-0.766,15939582.38
2012-13-02 02:00:00,0.201,-1.759,15914546.38
2012-13-02 03:00:00,0,-2.365,15889283.88
2012-13-02 04:00:00,0,-2.259,15863970.25
2012-13-02 05:00:00,0,-1.788,15838511.88
2012-13-02 06:00:00,0.201,-0.966,15812914.5
2012-13-02 07:00:00,0.201,-0.159,15787421.25
2012-13-02 08:00:00,0,0.707,15763383.88
2012-13-02 09:00:00,0,1.3,15741792.75
2012-13-02 10:00:00,0,1.662,15721813.25
2012-13-02 11:00:00,0,1.272,15701814.38
2012-13-02 12:00:00,0,0.524,15680096.5
2012-13-02 13:00:00,0,-0.362,15656145.63
2012-13-02 14:00:00,0,-1.349,15630576.25
2012-13-02 15:00:00,0,-2.283,15604507
2012-13-02 16:00:00,0,-2.413,15578358.75
2012-13-02 17:00:00,0,-2.038,15552150.38
2012-13-02 18:00:00,0,-1.578,15525936.88
2012-13-02 19:00:00,0,-0.672,15499709.5
2012-13-02 20:00:00,0,-0.034,15473926.63
2012-13-02 21:00:00,0,0.828,15449643.38
2012-13-02 22:00:00,0,1.412,15427473.63
2012-13-02 23:00:00,0,1.246,15406107
2012-14-02 00:00:00,0,0.555,15383560.25
2012-14-02 01:00:00,0,-0.022,15359134.75
2012-14-02 02:00:00,0,-0.845,15333183
2012-14-02 03:00:00,0,-1.789,15306344
2012-14-02 04:00:00,0,-2.213,15279261.25
2012-14-02 05:00:00,0,-2.022,15252020.88
2012-14-02 06:00:00,0,-1.519,15224719
2012-14-02 07:00:00,0,-0.829,15197445.38
2012-14-02 08:00:00,0,-0.298,15170457
2012-14-02 09:00:00,0,0.396,15144350
2012-14-02 10:00:00,0,1.008,15120146.63
2012-14-02 11:00:00,0,1.213,15097455.75
2012-14-02 12:00:00,0,0.84,15074721.88
2012-14-02 13:00:00,0,0.191,15050567
2012-14-02 14:00:00,0,-0.592,15024634.63
2012-14-02 15:00:00,0,-1.292,14997469.38
2012-14-02 16:00:00,0,-1.847,14969830.88
2012-14-02 17:00:00,0,-2.066,14942011.38
2012-14-02 18:00:00,0,-1.734,14914084
2012-14-02 19:00:00,0,-1.218,14886100.5
2012-14-02 20:00:00,0,-0.685,14858188.88
2012-14-02 21:00:00,0,-0.047,14830704.5
2012-14-02 22:00:00,0,0.612,14804514.63
2012-14-02 23:00:00,0,0.991,14779966.25
2012-15-02 00:00:00,0,0.978,14756123.75
2012-15-02 01:00:00,0,0.465,14731682.13
2012-15-02 02:00:00,0,-0.194,14705666.13
2012-15-02 03:00:00,0,-0.792,14678302.88
2012-15-02 04:00:00,0,-1.457,14650284.63
2012-15-02 05:00:00,0,-1.834,14622045.25
2012-15-02 06:00:00,0,-1.66,14593754.5
2012-15-02 07:00:00,0.201,-1.405,14565467.38
2012-15-02 08:00:00,0,-1.051,14537177.5
2012-15-02 09:00:00,0,-0.399,14509027.13
2012-15-02 10:00:00,0.201,0.236,14481582
2012-15-02 11:00:00,0,0.479,14455338.88
2012-15-02 12:00:00,0,0.872,14430151.88
2012-15-02 13:00:00,0,0.597,14405475.63
2012-15-02 14:00:00,0,0.095,14379848.25
2012-15-02 15:00:00,0,-0.454,14353010.63
2012-15-02 16:00:00,0,-1.036,14325313.63
2012-15-02 17:00:00,0,-1.548,14297111
2012-15-02 18:00:00,0,-1.597,14268601.88
2012-15-02 19:00:00,0,-1.49,14239908.88
2012-15-02 20:00:00,0,-1.272,14211161.75
2012-15-02 21:00:00,0,-0.757,14182436.75
2012-15-02 22:00:00,0,-0.223,14153994.13
2012-15-02 23:00:00,0,0.457,14126437.88
2012-16-02 00:00:00,0,0.822,14100413.5
2012-16-02 01:00:00,0,0.857,14075303.13
2012-16-02 02:00:00,0,0.478,14049971.63
2012-16-02 03:00:00,0,0.106,14023698.5
2012-16-02 04:00:00,0,-0.411,13996396
2012-16-02 05:00:00,0,-1.053,13968258.38
2012-16-02 06:00:00,0,-1.418,13939693.75
2012-16-02 07:00:00,0,-1.443,13911007.63
2012-16-02 08:00:00,0,-1.292,13882294.88
2012-16-02 09:00:00,0,-0.958,13853608.5
2012-16-02 10:00:00,0,-0.539,13824997.38
2012-16-02 11:00:00,0,-0.007,13796740.25
2012-16-02 12:00:00,0,0.521,13769473.13
2012-16-02 13:00:00,0,0.794,13743459.63
2012-16-02 14:00:00,0,0.698,13718022
2012-16-02 15:00:00,0,0.473,13692350.38
2012-16-02 16:00:00,0.201,-0.008,13665981.63
2012-16-02 17:00:00,0.201,-0.501,13638794.88
2012-16-02 18:00:00,0,-0.971,13610992.25
2012-16-02 19:00:00,0,-1.259,13582850.63
2012-16-02 20:00:00,0,-1.341,13554601.13
2012-16-02 21:00:00,0.201,-1.143,13526344.13
2012-16-02 22:00:00,0,-0.782,13498181.25
2012-16-02 23:00:00,0.201,-0.301,13470315.25
2012-17-02 00:00:00,0,0.346,13443178.13
2012-17-02 01:00:00,0.402,0.794,13417601.25
2012-17-02 02:00:00,0.402,0.947,13393289.63
2012-17-02 03:00:00,0.402,0.797,13369422.38
2012-17-02 04:00:00,0.201,0.42,13345572.75
2012-17-02 05:00:00,0,-0.052,13322245.44
2012-17-02 06:00:00,0.201,-0.642,13300136
2012-17-02 07:00:00,0.402,-1.219,13279164.5
2012-17-02 08:00:00,0,-1.417,13259329.25
2012-17-02 09:00:00,0.201,-1.412,13240985.81
2012-17-02 10:00:00,0,-1.225,13224379.69
2012-17-02 11:00:00,0,-0.798,13209515.06
2012-17-02 12:00:00,1.005,-0.218,13196297.94
2012-17-02 13:00:00,0.804,0.367,13184874.31
2012-17-02 14:00:00,0.402,0.761,13175516.25
2012-17-02 15:00:00,0,0.867,13167958.75
2012-17-02 16:00:00,0.201,0.68,13161490.5
2012-17-02 17:00:00,0,0.393,13155554.25
2012-17-02 18:00:00,0,-0.138,13150193.56
2012-17-02 19:00:00,0,-0.656,13145610.56
2012-17-02 20:00:00,0,-1.113,13141138.88
2012-17-02 21:00:00,1.005,-1.266,13135816.75
2012-17-02 22:00:00,1.206,-1.135,13129684.56
2012-17-02 23:00:00,0,-0.735,13123025.25
2012-18-02 00:00:00,0,-0.226,13115877.19
2012-18-02 01:00:00,0.201,0.444,13108900.69
2012-18-02 02:00:00,0.603,1.079,13102954.88
2012-18-02 03:00:00,0.201,1.375,13098017.81
2012-18-02 04:00:00,0,1.393,13093589.94
2012-18-02 05:00:00,1.206,1.023,13088755.94
2012-18-02 06:00:00,1.005,0.524,13082768.5
2012-18-02 07:00:00,2.613,-0.417,13075344
2012-18-02 08:00:00,0.201,-1.187,13067618.06
2012-18-02 09:00:00,0,-1.495,13063318.5
2012-18-02 10:00:00,0,-1.641,13063187.81
2012-18-02 11:00:00,0,-1.413,13065957.75
2012-18-02 12:00:00,0,-0.876,13071350.19
2012-18-02 13:00:00,0,-0.402,13076725.88
2012-18-02 14:00:00,0,0.302,13080753.81
2012-18-02 15:00:00,0.402,0.992,13084324.38
2012-18-02 16:00:00,0.201,1.132,13087595.5
2012-18-02 17:00:00,0,0.791,13089294.75
2012-18-02 18:00:00,0,0.469,13088876.81
2012-18-02 19:00:00,0.201,-0.173,13086241.13
2012-18-02 20:00:00,0,-1.019,13081184.5
2012-18-02 21:00:00,0,-1.444,13074404.75
2012-18-02 22:00:00,0,-1.777,13066511.38
2012-18-02 23:00:00,0,-1.675,13057659.88
2012-19-02 00:00:00,0,-1.061,13048050.56
2012-19-02 01:00:00,0,-0.45,13037831.63
2012-19-02 02:00:00,0,0.272,13027556.81
2012-19-02 03:00:00,0,0.982,13018586.38
2012-19-02 04:00:00,0,1.286,13010985.56
2012-19-02 05:00:00,0,1.228,13003483.69
2012-19-02 06:00:00,0,0.863,12995021.44
2012-19-02 07:00:00,0,0.058,12984799.5
2012-19-02 08:00:00,0,-0.777,12972529.19
2012-19-02 09:00:00,0,-1.571,12958901.94
2012-19-02 10:00:00,0,-2.057,12944635.13
2012-19-02 11:00:00,0.201,-2.09,12930129
2012-19-02 12:00:00,0,-1.662,12915166.44
2012-19-02 13:00:00,0,-1.131,12899845.25
2012-19-02 14:00:00,0,-0.465,12884475.25
2012-19-02 15:00:00,0,0.547,12869517.56
2012-19-02 16:00:00,0,1.146,12856514.38
2012-19-02 17:00:00,0,1.282,12844872.44
2012-19-02 18:00:00,0,1.085,12833281.38
2012-19-02 19:00:00,0,0.481,12820747.94
2012-19-02 20:00:00,0,-0.263,12806359.44
2012-19-02 21:00:00,0,-1.012,12790224.75
2012-19-02 22:00:00,0,-1.758,12773285.38
2012-19-02 23:00:00,0,-1.98,12756038.69
2012-20-02 00:00:00,0,-1.583,12738558.44
2012-20-02 01:00:00,0,-0.937,12720864.19
2012-20-02 02:00:00,0,-0.178,12703169.75
2012-20-02 03:00:00,0,0.625,12686328.69
2012-20-02 04:00:00,0,1.38,12671600.63
2012-20-02 05:00:00,0,1.779,12658787.63
2012-20-02 06:00:00,0,1.699,12646683.88
2012-20-02 07:00:00,0,0.958,12633502.69
2012-20-02 08:00:00,0,0.027,12617979.13
2012-20-02 09:00:00,0,-0.799,12600275.13
2012-20-02 10:00:00,0,-1.697,12581484.44
2012-20-02 11:00:00,0,-2.226,12562311.13
2012-20-02 12:00:00,0,-2.107,12542882.13
2012-20-02 13:00:00,0.201,-1.564,12523362
2012-20-02 14:00:00,0,-0.82,12503814.94
2012-20-02 15:00:00,0.201,0.053,12484604.94
2012-20-02 16:00:00,0,1.037,12466972.31
2012-20-02 17:00:00,0.201,1.5,12451548.06
2012-20-02 18:00:00,0.201,1.671,12437384.25
2012-20-02 19:00:00,0,1.352,12423253.13
2012-20-02 20:00:00,0,0.474,12407583.69
2012-20-02 21:00:00,0,-0.427,12389620.56
2012-20-02 22:00:00,0.201,-1.352,12370055.25
2012-20-02 23:00:00,0.201,-2.039,12349859.56
2012-21-02 00:00:00,0,-2.035,12329520.31
2012-21-02 01:00:00,0,-1.491,12309101.81
2012-21-02 02:00:00,0,-0.723,12288681.25
2012-21-02 03:00:00,0,0.049,12268710.69
2012-21-02 04:00:00,0,1.067,12250549.63
2012-21-02 05:00:00,0,1.839,12235261.69
2012-21-02 06:00:00,0,2.093,12221989.81
2012-21-02 07:00:00,0,1.647,12209076.38
2012-21-02 08:00:00,0,0.781,12194597.44
2012-21-02 09:00:00,0,-0.177,12177680
2012-21-02 10:00:00,0,-1.188,12158737.25
2012-21-02 11:00:00,0,-2.14,12138890.88
2012-21-02 12:00:00,0,-2.411,12118821.63
2012-21-02 13:00:00,0,-2.049,12098700.5
2012-21-02 14:00:00,0,-1.347,12078545.31
2012-21-02 15:00:00,0,-0.428,12058354.44
2012-21-02 16:00:00,0,0.5,12038677.31
2012-21-02 17:00:00,0,1.462,12021181.94
2012-21-02 18:00:00,0.201,1.903,12006079.19
2012-21-02 19:00:00,0,1.825,11992045
2012-21-02 20:00:00,0,1.202,11977373.38
2012-21-02 21:00:00,0.402,0.199,11960658
2012-21-02 22:00:00,0.201,-0.804,11941526
2012-21-02 23:00:00,0.201,-1.75,11920979.75
2012-22-02 00:00:00,0,-2.159,11900010
2012-22-02 01:00:00,0,-1.941,11878974.31
2012-22-02 02:00:00,0,-1.218,11857936.56
2012-22-02 03:00:00,0,-0.35,11836972.44
2012-22-02 04:00:00,0,0.685,11816968.81
2012-22-02 05:00:00,1.005,1.71,11799818.25
2012-22-02 06:00:00,2.01,2.375,11785586.44
2012-22-02 07:00:00,0.804,2.466,11773304.69
2012-22-02 08:00:00,1.407,1.865,11761327.31
2012-22-02 09:00:00,1.005,0.733,11747831.44
2012-22-02 10:00:00,1.407,-0.267,11733991.38
2012-22-02 11:00:00,1.005,-1.389,11726078.56
2012-22-02 12:00:00,0,-2.181,11728146.94
2012-22-02 13:00:00,0.201,-2.249,11738073
2012-22-02 14:00:00,0.402,-1.686,11753987.94
2012-22-02 15:00:00,0.201,-0.929,11772902.69
2012-22-02 16:00:00,0,-0.017,11791689.63
2012-22-02 17:00:00,0.201,0.878,11809499.31
2012-22-02 18:00:00,0.201,1.602,11827375.75
2012-22-02 19:00:00,0,1.93,11845024.63
2012-22-02 20:00:00,0.201,1.521,11860855
2012-22-02 21:00:00,0,0.701,11873203.44
2012-22-02 22:00:00,0.201,-0.287,11881694.56
2012-22-02 23:00:00,0,-1.29,11887082.56
2012-23-02 00:00:00,0,-2.154,11890365.44
2012-23-02 01:00:00,0,-2.313,11892689.38
2012-23-02 02:00:00,0,-1.84,11894418.5
2012-23-02 03:00:00,0,-1.044,11895213
2012-23-02 04:00:00,0.201,0.05,11895607.75
2012-23-02 05:00:00,0,1.007,11897247.81
2012-23-02 06:00:00,0,1.821,11901170.81
2012-23-02 07:00:00,0.201,2.161,11906792.06
2012-23-02 08:00:00,0,1.947,11912856.38
2012-23-02 09:00:00,0.201,1.165,11917749.38
2012-23-02 10:00:00,0,0.024,11920100.5
2012-23-02 11:00:00,0.201,-1.093,11919535.63
2012-23-02 12:00:00,0,-2.048,11917567.75
2012-23-02 13:00:00,0,-2.543,11915415.56
2012-23-02 14:00:00,0,-2.147,11913163.5
2012-23-02 15:00:00,0,-1.423,11910754.94
2012-23-02 16:00:00,0,-0.474,11908247.44
2012-23-02 17:00:00,0,0.413,11906249.56
2012-23-02 18:00:00,0,1.356,11906310.06
2012-23-02 19:00:00,0,1.748,11908276.19
2012-23-02 20:00:00,0,1.938,11911368.13
2012-23-02 21:00:00,0,1.275,11914077.81
2012-23-02 22:00:00,0.201,0.245,11914163.13
2012-23-02 23:00:00,0,-0.758,11911439.75
2012-24-02 00:00:00,0.402,-1.62,11907268.81
2012-24-02 01:00:00,0,-2.276,11902582.88
2012-24-02 02:00:00,0.201,-2.15,11897723.94
2012-24-02 03:00:00,0,-1.394,11893340.06
2012-24-02 04:00:00,0.201,-0.58,11889789.38
2012-24-02 05:00:00,0.402,0.373,11888100.94
2012-24-02 06:00:00,0,1.39,11890775.19
2012-24-02 07:00:00,0.603,1.804,11898425.31
2012-24-02 08:00:00,0.402,1.953,11909991.19
2012-24-02 09:00:00,0.603,1.509,11924139.38
2012-24-02 10:00:00,0.201,0.372,11939778.63
2012-24-02 11:00:00,0,-0.593,11955404.19
2012-24-02 12:00:00,0,-1.517,11971528.69
2012-24-02 13:00:00,0,-2.575,11988595.44
2012-24-02 14:00:00,0,-2.546,12005994.94
2012-24-02 15:00:00,0,-1.922,12023150.06
2012-24-02 16:00:00,0,-1.134,12038974.69
2012-24-02 17:00:00,0,-0.186,12053523.63
2012-24-02 18:00:00,0,0.742,12067455
2012-24-02 19:00:00,0,1.417,12081780.75
2012-24-02 20:00:00,0,1.705,12096267.06
2012-24-02 21:00:00,0,1.497,12110093.19
2012-24-02 22:00:00,0,0.636,12121698.69
2012-24-02 23:00:00,0,-0.381,12129852.88
2012-25-02 00:00:00,0,-1.266,12134958.44
2012-25-02 01:00:00,0,-2.141,12138308.31
2012-25-02 02:00:00,0,-2.45,12141031.25
2012-25-02 03:00:00,0,-1.834,12143050
2012-25-02 04:00:00,0,-1.17,12144433.38
2012-25-02 05:00:00,0,-0.246,12145513.5
2012-25-02 06:00:00,0,0.694,12147129.63
2012-25-02 07:00:00,0,1.424,12150765.25
2012-25-02 08:00:00,0,1.785,12155775.81
2012-25-02 09:00:00,0,1.741,12161146
2012-25-02 10:00:00,0,0.973,12165327.69
2012-25-02 11:00:00,0,0.003,12166954.44
2012-25-02 12:00:00,0,-0.964,12165826.94
2012-25-02 13:00:00,0,-1.919,12163288.88
2012-25-02 14:00:00,0,-2.39,12160251.94
2012-25-02 15:00:00,0,-2.058,12156879.69
2012-25-02 16:00:00,0,-1.371,12153089.44
2012-25-02 17:00:00,0,-0.52,12149007.56
2012-25-02 18:00:00,0,0.224,12145203.81
2012-25-02 19:00:00,0,1.019,12142704.81
2012-25-02 20:00:00,0,1.422,12141896.44
2012-25-02 21:00:00,0,1.688,12142041.81
2012-25-02 22:00:00,0.201,1.118,12142053.69
2012-25-02 23:00:00,0,0.009,12139845.56
2012-26-02 00:00:00,0,-0.763,12134950.19
2012-26-02 01:00:00,0,-1.497,12128585.88
2012-26-02 02:00:00,0,-2.237,12121521.19
2012-26-02 03:00:00,0,-2.043,12114223.5
2012-26-02 04:00:00,0,-1.428,12106739.19
2012-26-02 05:00:00,0,-0.671,12098814.31
2012-26-02 06:00:00,0,0.116,12090951.44
2012-26-02 07:00:00,0,1.017,12084598.75
2012-26-02 08:00:00,0,1.428,12080341.88
2012-26-02 09:00:00,0,1.639,12076990.63
2012-26-02 10:00:00,0,1.311,12073610.56
2012-26-02 11:00:00,0,0.512,12068779.19
2012-26-02 12:00:00,0,-0.419,12061490.25
2012-26-02 13:00:00,0,-1.283,12052338.81
2012-26-02 14:00:00,0,-1.963,12042400.88
2012-26-02 15:00:00,0,-2.099,12031991.19
2012-26-02 16:00:00,0.201,-1.451,12021258.81
2012-26-02 17:00:00,0.402,-0.813,12010321
2012-26-02 18:00:00,0.201,-0.175,11999446.94
2012-26-02 19:00:00,0,0.699,11989532.31
2012-26-02 20:00:00,0,1.167,11981643.63
2012-26-02 21:00:00,0,1.512,11975078
2012-26-02 22:00:00,0,1.344,11968972.19
2012-26-02 23:00:00,0,0.635,11961831.81
2012-27-02 00:00:00,0,-0.228,11952454.31
2012-27-02 01:00:00,0,-0.882,11941224.19
2012-27-02 02:00:00,0,-1.641,11929116.94
2012-27-02 03:00:00,0,-1.891,11916626.81
2012-27-02 04:00:00,0.402,-1.441,11903774.94
2012-27-02 05:00:00,0,-0.938,11890526.69
2012-27-02 06:00:00,0.603,-0.29,11877300.31
2012-27-02 07:00:00,0,0.54,11864847.13
2012-27-02 08:00:00,0,1.121,11854367.5
2012-27-02 09:00:00,0,1.456,11845411.56
2012-27-02 10:00:00,0,1.357,11837050.81
2012-27-02 11:00:00,0.201,0.896,11828081.13
2012-27-02 12:00:00,0,0.095,11817438.25
2012-27-02 13:00:00,0,-0.625,11804985.81
2012-27-02 14:00:00,0,-1.475,11791524.88
2012-27-02 15:00:00,0,-1.835,11777578.44
2012-27-02 16:00:00,0,-1.582,11763477.31
2012-27-02 17:00:00,0,-1.003,11749283.25
2012-27-02 18:00:00,0,-0.438,11735185.75
2012-27-02 19:00:00,0,0.121,11721536.56
2012-27-02 20:00:00,0,0.698,11709047.38
2012-27-02 21:00:00,0,1.223,11698183.19
2012-27-02 22:00:00,0,1.245,11688237.19
2012-27-02 23:00:00,0,0.841,11677871.31
2012-28-02 00:00:00,0,0.152,11666119.19
2012-28-02 01:00:00,0,-0.427,11652651.31
2012-28-02 02:00:00,0,-1.048,11638064.19
2012-28-02 03:00:00,0,-1.57,11622898.25
2012-28-02 04:00:00,0,-1.587,11607489.13
2012-28-02 05:00:00,0.201,-1.151,11591965.13
2012-28-02 06:00:00,0,-0.572,11576477.5
2012-28-02 07:00:00,0,-0.066,11561344.25
2012-28-02 08:00:00,0,0.564,11547117.94
2012-28-02 09:00:00,0,0.93,11534448.31
2012-28-02 10:00:00,0.201,1.15,11522947.56
2012-28-02 11:00:00,0,0.992,11511778.63
2012-28-02 12:00:00,0,0.408,11499807.25
2012-28-02 13:00:00,0,-0.292,11486256.19
2012-28-02 14:00:00,0,-0.833,11471416.69
2012-28-02 15:00:00,0,-1.391,11455977.25
2012-28-02 16:00:00,0,-1.503,11440229.38
2012-28-02 17:00:00,0,-1.132,11424377.44
2012-28-02 18:00:00,0,-0.739,11408555.19
2012-28-02 19:00:00,0,-0.206,11392927.69
2012-28-02 20:00:00,0,0.261,11377893
2012-28-02 21:00:00,0,0.763,11364050.94
2012-28-02 22:00:00,0,1.039,11351402.31
2012-28-02 23:00:00,0,0.976,11339271.63
2012-29-02 00:00:00,0,0.528,11326637.13
2012-29-02 01:00:00,0,0.089,11312775
2012-29-02 02:00:00,0,-0.492,11297593.13
2012-29-02 03:00:00,0,-1.07,11281365.88
2012-29-02 04:00:00,0,-1.276,11264619.94
2012-29-02 05:00:00,0,-1.157,11247691.56
2012-29-02 06:00:00,0,-0.822,11230730.31
2012-29-02 07:00:00,0,-0.359,11213901.75
2012-29-02 08:00:00,0,0.095,11197484.13
2012-29-02 09:00:00,0,0.496,11181870.5
2012-29-02 10:00:00,0,0.845,11167203.56
2012-29-02 11:00:00,0,1.001,11153213.94
2012-29-02 12:00:00,0,0.728,11139210.31
2012-29-02 13:00:00,0,0.253,11124304.19
2012-29-02 14:00:00,0,-0.276,11108127.38
2012-29-02 15:00:00,0,-0.743,11090907.38
2012-29-02 16:00:00,0,-1.039,11072981.56
2012-29-02 17:00:00,0,-0.962,11054698.75
2012-29-02 18:00:00,0,-0.812,11036327.06
2012-29-02 19:00:00,0,-0.417,11018018.88
2012-29-02 20:00:00,0,-0.032,11000012.94
2012-29-02 21:00:00,0,0.401,10982601.5
2012-29-02 22:00:00,0,0.685,10966167.5
2012-29-02 23:00:00,0,0.818,10950325.31
03/01/2012 00:00,0,0.754,10934663.75
03/01/2012 01:00,0,0.452,10918628.38
03/01/2012 02:00,0,0.02,10901606.81
03/01/2012 03:00,0,-0.439,10883510.56
03/01/2012 04:00,0,-0.822,10864676.5
03/01/2012 05:00,0,-0.986,10845313.94
03/01/2012 06:00,0,-0.84,10825673.13
03/01/2012 07:00,0,-0.677,10806036.25
03/01/2012 08:00,0,-0.357,10786512.81
03/01/2012 09:00,0.201,0.003,10767315.44
03/01/2012 10:00,0,0.287,10748703.19
03/01/2012 11:00,0,0.554,10730891.44
03/01/2012 12:00,0,0.669,10713781.38
03/01/2012 13:00,0,0.371,10696699.69
03/01/2012 14:00,0,-0.035,10678727.56
03/01/2012 15:00,0,-0.337,10659695.31
03/01/2012 16:00,0,-0.649,10640017.38
03/01/2012 17:00,0,-0.886,10619921.75
03/01/2012 18:00,0,-0.904,10599489.19
03/01/2012 19:00,0,-0.827,10578914.94
03/01/2012 20:00,0,-0.561,10558348.06
03/01/2012 21:00,0,-0.185,10537966.06
03/01/2012 22:00,0,0.134,10518032.69
03/01/2012 23:00,0,0.31,10498699.69
03/02/2012 00:00,0,0.506,10479968.94
03/02/2012 01:00,0,0.555,10461735.75
03/02/2012 02:00,0,0.279,10443395.19
03/02/2012 03:00,0,-0.06,10424146.56
03/02/2012 04:00,0,-0.35,10403967.56
03/02/2012 05:00,0,-0.676,10383095.06
03/02/2012 06:00,0,-0.845,10361808.19
03/02/2012 07:00,0,-0.909,10340330.25
03/02/2012 08:00,0,-0.787,10318762.5
03/02/2012 09:00,0,-0.579,10297223.19
03/02/2012 10:00,0,-0.205,10275863.13
03/02/2012 11:00,0,0.018,10254884.44
03/02/2012 12:00,0,0.436,10234493.38
03/02/2012 13:00,0,0.6,10215094.56
03/02/2012 14:00,0,0.409,10195978.06
03/02/2012 15:00,0,0.227,10176408.38
03/02/2012 16:00,0,0.042,10156266.25
03/02/2012 17:00,0,-0.289,10135541.88
03/02/2012 18:00,0,-0.549,10114282.94
03/02/2012 19:00,0,-0.678,10092696.19
03/02/2012 20:00,0,-0.626,10070944.44
03/02/2012 21:00,0,-0.388,10049162.69
03/02/2012 22:00,0,-0.162,10027414.69
03/02/2012 23:00,0,0.14,10005950.5
03/03/2012 00:00,0,0.507,9985202.5
03/03/2012 01:00,0,0.791,9965526.625
03/03/2012 02:00,0.201,0.893,9946600.563
03/03/2012 03:00,2.211,0.749,9927800.25
03/03/2012 04:00,1.608,0.553,9908697.813
03/03/2012 05:00,0,0.178,9889135
03/03/2012 06:00,0,-0.221,9868793.313
03/03/2012 07:00,0,-0.536,9847897.813
03/03/2012 08:00,0,-0.68,9826702.75
03/03/2012 09:00,0,-0.704,9805395.75
03/03/2012 10:00,0.201,-0.584,9784234.813
03/03/2012 11:00,1.407,-0.243,9763437.688
03/03/2012 12:00,0.201,0.098,9743397.063
03/03/2012 13:00,0.201,0.418,9724511.375
03/03/2012 14:00,0,0.676,9706814.188
03/03/2012 15:00,0,0.634,9689631.563
03/03/2012 16:00,0,0.398,9672109.688
03/03/2012 17:00,0,0.144,9653837.063
03/03/2012 18:00,0.402,-0.282,9634707.938
03/03/2012 19:00,0,-0.733,9614838.938
03/03/2012 20:00,0,-0.857,9594634.313
03/03/2012 21:00,0.201,-0.957,9574388.063
03/03/2012 22:00,0.402,-0.858,9554091.938
03/03/2012 23:00,0,-0.455,9533798.75
03/04/2012 00:00,0.603,-0.15,9513702.563
03/04/2012 01:00,0,0.342,9494043.313
03/04/2012 02:00,0,0.752,9475637.563
03/04/2012 03:00,0.603,0.784,9458183.688
03/04/2012 04:00,0,0.681,9440842
03/04/2012 05:00,0,0.377,9423066.813
03/04/2012 06:00,0,-0.106,9404279.125
03/04/2012 07:00,0,-0.567,9384535
03/04/2012 08:00,0,-0.995,9364187.75
03/04/2012 09:00,0,-1.245,9343500.5
03/04/2012 10:00,0,-1.353,9322658.625
03/04/2012 11:00,0,-1.012,9301751.5
03/04/2012 12:00,0,-0.55,9280943.625
03/04/2012 13:00,0,-0.107,9260490.438
03/04/2012 14:00,0,0.405,9240799.625
03/04/2012 15:00,0,0.775,9222523.688
03/04/2012 16:00,0,0.839,9205164
03/04/2012 17:00,0.201,0.664,9187884.313
03/04/2012 18:00,0,0.092,9169922.75
03/04/2012 19:00,0,-0.416,9150602.625
03/04/2012 20:00,0,-0.87,9130276.688
03/04/2012 21:00,0,-1.264,9109293.438
03/04/2012 22:00,0,-1.423,9087963.313
03/04/2012 23:00,0,-1.208,9066493.438
03/05/2012 00:00,0,-0.819,9045043.938
03/05/2012 01:00,0,-0.219,9023811.625
03/05/2012 02:00,0,0.348,9003304.688
03/05/2012 03:00,0,0.81,8984321.125
03/05/2012 04:00,0,0.862,8966544.875
03/05/2012 05:00,0,0.761,8948925.188
03/05/2012 06:00,0,0.362,8930662.313
03/05/2012 07:00,0,-0.265,8911075.125
03/05/2012 08:00,0,-1.076,8890225.5
03/05/2012 09:00,0,-1.545,8868659.188
03/05/2012 10:00,0,-1.916,8846891
03/05/2012 11:00,0,-1.809,8825092.438
03/05/2012 12:00,0,-1.274,8803256.875
03/05/2012 13:00,0,-0.658,8781333.875
03/05/2012 14:00,0,-0.013,8759605.813
03/05/2012 15:00,0,0.624,8738935.375
03/05/2012 16:00,0.201,1.053,8720160.188
03/05/2012 17:00,0,1.087,8702525.063
03/05/2012 18:00,0,0.702,8684728.125
03/05/2012 19:00,0,0.108,8665670.188
03/05/2012 20:00,0,-0.665,8644980.313
03/05/2012 21:00,0,-1.281,8623227.063
03/05/2012 22:00,0,-1.686,8601045.125
03/05/2012 23:00,0,-1.634,8578761
03/06/2012 00:00,0,-1.307,8556461.125
03/06/2012 01:00,0,-0.59,8534197.875
03/06/2012 02:00,0,0.135,8512264.813
03/06/2012 03:00,0,0.841,8491772.125
03/06/2012 04:00,0,1.32,8473459.313
03/06/2012 05:00,0,1.549,8456441.625
03/06/2012 06:00,0,1.12,8439495.094
03/06/2012 07:00,0,0.608,8421267.719
03/06/2012 08:00,0.201,-0.282,8401184.625
03/06/2012 09:00,0.402,-1.16,8379319.438
03/06/2012 10:00,0.201,-1.812,8356685
03/06/2012 11:00,0.402,-1.999,8333888.438
03/06/2012 12:00,0.402,-1.708,8311105.813
03/06/2012 13:00,0.603,-0.988,8288381.375
03/06/2012 14:00,0,-0.233,8265871.656
03/06/2012 15:00,0,0.659,8244425.438
03/06/2012 16:00,0.201,1.289,8225550.688
03/06/2012 17:00,0.603,1.672,8208731.531
03/06/2012 18:00,0,1.57,8192938.938
03/06/2012 19:00,0,1.036,8176689.906
03/06/2012 20:00,0,0.086,8158678.938
03/06/2012 21:00,0,-0.732,8138521.469
03/06/2012 22:00,0.201,-1.494,8117398.75
03/06/2012 23:00,0.201,-1.815,8096204.313
03/07/2012 00:00,0.603,-1.538,8075142.594
03/07/2012 01:00,0.804,-0.97,8054391.688
03/07/2012 02:00,0,-0.096,8034168.906
03/07/2012 03:00,0.201,0.77,8015445.063
03/07/2012 04:00,0.201,1.562,7999875.844
03/07/2012 05:00,0.402,2.021,7987642.156
03/07/2012 06:00,0,1.917,7977985.938
03/07/2012 07:00,0,1.298,7968866.906
03/07/2012 08:00,0,0.445,7958651.5
03/07/2012 09:00,0,-0.652,7946531.563
03/07/2012 10:00,0,-1.734,7932968.313
03/07/2012 11:00,0.201,-2.38,7918805.5
03/07/2012 12:00,0,-2.243,7904145.281
03/07/2012 13:00,0.201,-1.737,7889252.031
03/07/2012 14:00,0.402,-0.958,7874149.969
03/07/2012 15:00,0,0.062,7858945.375
03/07/2012 16:00,0,0.957,7845263.156
03/07/2012 17:00,0,1.629,7835024.656
03/07/2012 18:00,0,1.901,7826872.469
03/07/2012 19:00,0.201,1.579,7819207.281
03/07/2012 20:00,0,0.573,7809838
03/07/2012 21:00,0,-0.48,7797405.781
03/07/2012 22:00,0.201,-1.504,7782819.469
03/07/2012 23:00,0.201,-2.368,7767277.688
03/08/2012 00:00,0,-2.494,7751479.656
03/08/2012 01:00,0,-1.924,7735702.594
03/08/2012 02:00,0,-1.201,7720010.531
03/08/2012 03:00,0,-0.149,7704401.781
03/08/2012 04:00,0,0.921,7689935.625
03/08/2012 05:00,0.201,1.808,7678726.531
03/08/2012 06:00,0,2.014,7669978.25
03/08/2012 07:00,0,1.892,7661788.625
03/08/2012 08:00,0,0.891,7652133.094
03/08/2012 09:00,0,-0.135,7639341.625
03/08/2012 10:00,0,-1.31,7624052.188
03/08/2012 11:00,0,-2.408,7607620.469
03/08/2012 12:00,0,-2.847,7590677.5
03/08/2012 13:00,0,-2.441,7573519.906
03/08/2012 14:00,0,-1.776,7556321.438
03/08/2012 15:00,0,-0.678,7539162.5
03/08/2012 16:00,0,0.465,7522405.813
03/08/2012 17:00,0,1.487,7508309.469
03/08/2012 18:00,0,2.062,7497196.125
03/08/2012 19:00,0,2.163,7487639.438
03/08/2012 20:00,0,1.396,7477458.25
03/08/2012 21:00,0,0.369,7464576.625
03/08/2012 22:00,0,-0.765,7448635.656
03/08/2012 23:00,0,-1.92,7430887.844
03/09/2012 00:00,0,-2.559,7412490.875
03/09/2012 01:00,0,-2.392,7393789.594
03/09/2012 02:00,0,-1.71,7374901.313
03/09/2012 03:00,0,-0.608,7355991.344
03/09/2012 04:00,0.201,0.476,7337634.25
03/09/2012 05:00,0.201,1.52,7322199.469
03/09/2012 06:00,0.603,2.258,7310355.25
03/09/2012 07:00,0,2.432,7300607.781
03/09/2012 08:00,0,1.819,7290706
03/09/2012 09:00,0,0.692,7278299.094
03/09/2012 10:00,0,-0.529,7262588.094
03/09/2012 11:00,0,-1.764,7244633.125
03/09/2012 12:00,0,-2.804,7226064.594
03/09/2012 13:00,0,-3.001,7207623.313
03/09/2012 14:00,0,-2.383,7189320.625
03/09/2012 15:00,0,-1.474,7171118.563
03/09/2012 16:00,0,-0.242,7153218.563
03/09/2012 17:00,0,0.915,7136587.813
03/09/2012 18:00,0.201,1.836,7123679.094
03/09/2012 19:00,0,2.378,7113815.469
03/09/2012 20:00,0,2.091,7104902.813
03/09/2012 21:00,0,1.032,7094076.625
03/09/2012 22:00,0,-0.061,7079846.5
03/09/2012 23:00,0,-1.347,7062872.375
03/10/2012 00:00,0,-2.568,7044749.563
03/10/2012 01:00,0,-2.998,7026431.719
03/10/2012 02:00,0,-2.504,7008118.031
03/10/2012 03:00,0,-1.604,6989858.781
03/10/2012 04:00,0,-0.4,6971669.406
03/10/2012 05:00,0.402,0.73,6954410.906
03/10/2012 06:00,0,1.692,6940625.25
03/10/2012 07:00,0,2.258,6929993.344
03/10/2012 08:00,0,2.259,6920852.719
03/10/2012 09:00,0,1.458,6910894.75
03/10/2012 10:00,0,0.181,6897861.063
03/10/2012 11:00,0,-1.103,6881473.125
03/10/2012 12:00,0,-2.301,6863614.125
03/10/2012 13:00,0,-3.121,6845541.281
03/10/2012 14:00,0,-2.922,6827476.375
03/10/2012 15:00,0,-2.263,6809465.844
03/10/2012 16:00,0,-1.07,6791511.234
03/10/2012 17:00,0,0.073,6773788.438
03/10/2012 18:00,0,1.074,6757932.406
03/10/2012 19:00,0,2.022,6745872.047
03/10/2012 20:00,0,2.352,6736574.703
03/10/2012 21:00,0,1.696,6727396.719
03/10/2012 22:00,0,0.589,6715584.75
03/10/2012 23:00,0,-0.59,6700394.219
03/11/2012 00:00,0,-1.89,6683037.859
03/11/2012 01:00,0,-2.914,6665048.438
03/11/2012 02:00,0,-3.011,6646923.609
03/11/2012 03:00,0,-2.321,6628747.234
03/11/2012 04:00,0,-1.38,6610570.969
03/11/2012 05:00,0,-0.092,6592508.875
03/11/2012 06:00,0,0.864,6575849.734
03/11/2012 07:00,0,1.767,6562636.859
03/11/2012 08:00,0,2.277,6552369.594
03/11/2012 09:00,0,1.962,6543101.109
03/11/2012 10:00,0,0.919,6531985.891
03/11/2012 11:00,0,-0.216,6517438.719
03/11/2012 12:00,0,-1.39,6500100.328
03/11/2012 13:00,0,-2.653,6481673.75
03/11/2012 14:00,0,-3.079,6463065.703
03/11/2012 15:00,0,-2.641,6444387.297
03/11/2012 16:00,0,-1.845,6425666.109
03/11/2012 17:00,0,-0.688,6406970.531
03/11/2012 18:00,0,0.307,6388731.781
03/11/2012 19:00,0,1.365,6373030.25
03/11/2012 20:00,0,1.998,6361008.172
03/11/2012 21:00,0,2.111,6350880.906
03/11/2012 22:00,0,1.338,6340129.469
03/11/2012 23:00,0,0.124,6326321.547
03/12/2012 00:00,0,-0.94,6309292.734
03/12/2012 01:00,0,-2.139,6290769.578
03/12/2012 02:00,0,-2.898,6271894.109
03/12/2012 03:00,0,-2.697,6252994.016
03/12/2012 04:00,0,-1.895,6234116.328
03/12/2012 05:00,0,-1.018,6215272.641
03/12/2012 06:00,0,0.077,6196675.891
03/12/2012 07:00,0,1.064,6179925.453
03/12/2012 08:00,0,1.726,6166633.656
03/12/2012 09:00,0,2.056,6155520.359
03/12/2012 10:00,0,1.604,6144724.703
03/12/2012 11:00,0,0.591,6131668.625
03/12/2012 12:00,0,-0.457,6115373.172
03/12/2012 13:00,0,-1.555,6096932.734
03/12/2012 14:00,0,-2.622,6077755.953
03/12/2012 15:00,0,-2.692,6058490.359
03/12/2012 16:00,0,-2.143,6039230.672
03/12/2012 17:00,0,-1.441,6019998.953
03/12/2012 18:00,0,-0.377,6000780.406
03/12/2012 19:00,0,0.507,5982279.766
03/12/2012 20:00,0,1.382,5966581.789
03/12/2012 21:00,0,1.874,5953965.633
03/12/2012 22:00,0,1.775,5942614.32
03/12/2012 23:00,0,0.902,5930102.023
2012-13-03 00:00:00,0,-0.122,5914623.375
2012-13-03 01:00:00,0,-1.076,5896578.133
2012-13-03 02:00:00,0,-2.098,5877455.617
2012-13-03 03:00:00,0,-2.617,5858090.141
2012-13-03 04:00:00,0,-2.205,5838695.625
2012-13-03 05:00:00,0,-1.569,5819181.969
2012-13-03 06:00:00,0,-0.726,5799603.586
2012-13-03 07:00:00,0,0.121,5780337.438
2012-13-03 08:00:00,0,0.969,5762772.758
2012-13-03 09:00:00,0.201,1.509,5748288.039
2012-13-03 10:00:00,0,1.687,5735553.336
2012-13-03 11:00:00,0,1.159,5722730.992
2012-13-03 12:00:00,0,0.327,5707860.469
2012-13-03 13:00:00,0,-0.573,5690386.438
2012-13-03 14:00:00,0,-1.544,5671310.852
2012-13-03 15:00:00,0,-2.181,5651680.695
2012-13-03 16:00:00,0,-2.161,5631989.953
2012-13-03 17:00:00,0,-1.688,5612310.32
2012-13-03 18:00:00,0,-1.002,5592659.023
2012-13-03 19:00:00,0,-0.237,5573215.078
2012-13-03 20:00:00,0,0.54,5554694.344
2012-13-03 21:00:00,0,1.267,5538835.195
2012-13-03 22:00:00,0,1.632,5525545.258
2012-13-03 23:00:00,0,1.378,5512943.203
2012-14-03 00:00:00,0,0.648,5498931.535
2012-14-03 01:00:00,0,-0.163,5482418.816
2012-14-03 02:00:00,0,-0.928,5463867.422
2012-14-03 03:00:00,0,-1.869,5444403.453
2012-14-03 04:00:00,0,-2.128,5424669.621
2012-14-03 05:00:00,0,-1.727,5404910.387
2012-14-03 06:00:00,0,-1.222,5385179.109
2012-14-03 07:00:00,0,-0.606,5365562.137
2012-14-03 08:00:00,0,0.109,5346381.484
2012-14-03 09:00:00,0,0.778,5328690.164
2012-14-03 10:00:00,0,1.294,5313658.23
2012-14-03 11:00:00,0,1.377,5300229.563
2012-14-03 12:00:00,0,0.858,5286530.578
2012-14-03 13:00:00,0,0.221,5270985.902
2012-14-03 14:00:00,0,-0.462,5253341.094
2012-14-03 15:00:00,0,-1.236,5234325.266
2012-14-03 16:00:00,0,-1.678,5214677.297
2012-14-03 17:00:00,0,-1.559,5194892.318
2012-14-03 18:00:00,0,-1.281,5175115.986
2012-14-03 19:00:00,0,-0.694,5155429.256
2012-14-03 20:00:00,0,-0.185,5136071.789
2012-14-03 21:00:00,0,0.491,5117579.459
2012-14-03 22:00:00,0,1.074,5101369.699
2012-14-03 23:00:00,0,1.393,5087348.74
2012-15-03 00:00:00,0,1.116,5073861.055
2012-15-03 01:00:00,0,0.591,5059183.537
2012-15-03 02:00:00,0,0,5042584.219
2012-15-03 03:00:00,0,-0.677,5024271.52
2012-15-03 04:00:00,0,-1.423,5005006.471
2012-15-03 05:00:00,0,-1.583,4985371.455
2012-15-03 06:00:00,0,-1.34,4965699.491
2012-15-03 07:00:00,0,-1.047,4946093.956
2012-15-03 08:00:00,0,-0.648,4926603.004
2012-15-03 09:00:00,0,-0.119,4907419.81
2012-15-03 10:00:00,0,0.5,4889137.459
2012-15-03 11:00:00,0,0.988,4872987.228
2012-15-03 12:00:00,0,1.016,4858530.139
2012-15-03 13:00:00,0,0.721,4843978.003
2012-15-03 14:00:00,0,0.321,4828295.632
2012-15-03 15:00:00,0,-0.177,4811110.517
2012-15-03 16:00:00,0,-0.766,4792772.632
2012-15-03 17:00:00,0,-1.194,4773772.511
2012-15-03 18:00:00,0,-1.176,4754537.483
2012-15-03 19:00:00,0,-1.016,4735295.568
2012-15-03 20:00:00,0,-0.641,4716110.585
2012-15-03 21:00:00,0,-0.173,4697256.285
2012-15-03 22:00:00,0,0.278,4679074.956
2012-15-03 23:00:00,0,0.887,4662348.249
2012-16-03 00:00:00,0,1.25,4648015.074
2012-16-03 01:00:00,0,1.049,4634542.629
2012-16-03 02:00:00,0,0.798,4620390.986
2012-16-03 03:00:00,0,0.341,4605072.706
2012-16-03 04:00:00,0.603,-0.296,4588037.189
2012-16-03 05:00:00,1.206,-0.821,4569696.109
2012-16-03 06:00:00,1.005,-1.232,4550810.838
2012-16-03 07:00:00,0.804,-1.241,4531870.303
2012-16-03 08:00:00,1.809,-1.08,4513138.352
2012-16-03 09:00:00,0.402,-0.786,4494751.836
2012-16-03 10:00:00,0.804,-0.305,4476875.409
2012-16-03 11:00:00,0.201,0.224,4459859.331
2012-16-03 12:00:00,0.201,0.681,4444451.307
2012-16-03 13:00:00,2.412,0.955,4431251.691
2012-16-03 14:00:00,1.206,0.807,4419239.334
2012-16-03 15:00:00,0.201,0.494,4407317.682
2012-16-03 16:00:00,0.603,0.207,4395270.727
2012-16-03 17:00:00,0,-0.323,4383669.824
2012-16-03 18:00:00,0,-0.777,4372963.052
2012-16-03 19:00:00,0,-0.952,4363849.206
2012-16-03 20:00:00,0,-0.975,4356932.061
2012-16-03 21:00:00,0,-0.784,4351294.201
2012-16-03 22:00:00,0,-0.401,4346002.801
2012-16-03 23:00:00,0.201,0.077,4340664.41
2012-17-03 00:00:00,0,0.619,4335778.342
2012-17-03 01:00:00,0,1.008,4332577.521
2012-17-03 02:00:00,0,1.051,4330163.035
2012-17-03 03:00:00,0,0.895,4327271.621
2012-17-03 04:00:00,0,0.424,4322969.303
2012-17-03 05:00:00,0,-0.058,4316470.549
2012-17-03 06:00:00,0,-0.662,4308188.107
2012-17-03 07:00:00,0,-1.136,4298717.945
2012-17-03 08:00:00,0,-1.321,4288766.766
2012-17-03 09:00:00,0,-1.241,4278437.168
2012-17-03 10:00:00,0.402,-0.978,4267810.809
2012-17-03 11:00:00,0,-0.613,4257179.57
2012-17-03 12:00:00,0,-0.001,4246616.361
2012-17-03 13:00:00,0,0.592,4236812.713
2012-17-03 14:00:00,2.613,0.897,4229076.314
2012-17-03 15:00:00,0.603,0.95,4222575.213
2012-17-03 16:00:00,0.201,0.757,4216102.789
2012-17-03 17:00:00,0.201,0.367,4208891.738
2012-17-03 18:00:00,0,-0.082,4200494.485
2012-17-03 19:00:00,0,-0.676,4191631.596
2012-17-03 20:00:00,0,-1.162,4183449.785
2012-17-03 21:00:00,0,-1.186,4176271.788
2012-17-03 22:00:00,0,-1.047,4169859.443
2012-17-03 23:00:00,0,-0.709,4163992.098
2012-18-03 00:00:00,0.201,-0.157,4158282.604
2012-18-03 01:00:00,0.201,0.438,4153026.672
2012-18-03 02:00:00,0,0.927,4149271.35
2012-18-03 03:00:00,0,1.145,4147278.746
2012-18-03 04:00:00,0,0.94,4145438.082
2012-18-03 05:00:00,0,0.493,4142340.391
2012-18-03 06:00:00,0,-0.01,4137321.914
2012-18-03 07:00:00,0,-0.695,4130679.445
2012-18-03 08:00:00,0,-1.325,4122973.891
2012-18-03 09:00:00,0,-1.665,4114545.797
2012-18-03 10:00:00,0,-1.643,4105694.318
2012-18-03 11:00:00,0,-1.248,4096741.783
2012-18-03 12:00:00,0,-0.813,4087590.482
2012-18-03 13:00:00,0,-0.225,4078417.424
2012-18-03 14:00:00,0,0.477,4069912.229
2012-18-03 15:00:00,0,0.936,4063530.709
2012-18-03 16:00:00,0,1.098,4058979.521
2012-18-03 17:00:00,0,0.844,4054412.928
2012-18-03 18:00:00,0.201,0.3,4048418.145
2012-18-03 19:00:00,0,-0.308,4040244.436
2012-18-03 20:00:00,0,-0.879,4030568.59
2012-18-03 21:00:00,0,-1.452,4020122.834
2012-18-03 22:00:00,0,-1.583,4009320.801
2012-18-03 23:00:00,0,-1.421,3998346.076
2012-19-03 00:00:00,0,-0.866,3987238.018
2012-19-03 01:00:00,0,-0.217,3976145.414
2012-19-03 02:00:00,0,0.535,3965764.354
2012-19-03 03:00:00,0,1.075,3957855.818
2012-19-03 04:00:00,0,1.324,3952316.672
2012-19-03 05:00:00,0,1.165,3947194.281
2012-19-03 06:00:00,0,0.655,3940837.477
2012-19-03 07:00:00,0,-0.046,3932258.683
2012-19-03 08:00:00,0,-0.823,3921650.135
2012-19-03 09:00:00,0,-1.644,3909995.038
2012-19-03 10:00:00,0,-1.942,3897915.652
2012-19-03 11:00:00,0,-1.793,3885719.488
2012-19-03 12:00:00,0,-1.36,3873534.071
2012-19-03 13:00:00,0,-0.725,3861375.338
2012-19-03 14:00:00,0,0.04,3849404.124
2012-19-03 15:00:00,0,0.67,3838629.959
2012-19-03 16:00:00,0,1.268,3830628.353
2012-19-03 17:00:00,0,1.388,3824773.065
2012-19-03 18:00:00,0,0.988,3818828.522
2012-19-03 19:00:00,0,0.391,3811147.677
2012-19-03 20:00:00,0,-0.332,3801145.693
2012-19-03 21:00:00,0,-1.102,3789470.247
2012-19-03 22:00:00,0,-1.677,3776862.928
2012-19-03 23:00:00,0,-1.746,3763906.439
2012-20-03 00:00:00,0,-1.398,3750894.403
2012-20-03 01:00:00,0,-0.617,3737935.825
2012-20-03 02:00:00,0,0.075,3725304.618
2012-20-03 03:00:00,0,0.773,3713986.632
2012-20-03 04:00:00,0,1.428,3705918.513
2012-20-03 05:00:00,0,1.688,3700371.37
2012-20-03 06:00:00,0,1.29,3695126.124
2012-20-03 07:00:00,0,0.554,3687896.975
2012-20-03 08:00:00,0,-0.24,3677812.676
2012-20-03 09:00:00,0,-1.104,3665601.908
2012-20-03 10:00:00,0,-1.893,3652386.555
2012-20-03 11:00:00,0,-2.169,3638839.985
2012-20-03 12:00:00,0,-1.913,3625207.55
2012-20-03 13:00:00,0,-1.223,3611574.325
2012-20-03 14:00:00,0,-0.442,3598030.003
2012-20-03 15:00:00,0,0.391,3585056.218
2012-20-03 16:00:00,0,1.06,3574408.213
2012-20-03 17:00:00,0,1.541,3567082.369
2012-20-03 18:00:00,0,1.569,3561310.39
2012-20-03 19:00:00,0,0.947,3554842.973
2012-20-03 20:00:00,0,0.097,3545648.55
2012-20-03 21:00:00,0,-0.727,3533608.61
2012-20-03 22:00:00,0,-1.53,3520110.528
2012-20-03 23:00:00,0,-2.034,3506114.203
2012-21-03 00:00:00,0,-1.836,3492010.323
2012-21-03 01:00:00,0,-1.303,3477915.169
2012-21-03 02:00:00,0,-0.474,3463909.434
2012-21-03 03:00:00,0,0.423,3450454.603
2012-21-03 04:00:00,0,1.212,3439643.737
2012-21-03 05:00:00,0,1.71,3432585.943
2012-21-03 06:00:00,0,1.813,3427242.316
2012-21-03 07:00:00,0,1.268,3421475.168
2012-21-03 08:00:00,0,0.312,3412996.504
2012-21-03 09:00:00,0,-0.595,3401265.581
2012-21-03 10:00:00,0,-1.57,3387758.23
2012-21-03 11:00:00,0,-2.264,3373691.235
2012-21-03 12:00:00,0,-2.232,3359527.814
2012-21-03 13:00:00,0,-1.725,3345317.73
2012-21-03 14:00:00,0,-0.975,3331107.973
2012-21-03 15:00:00,0,-0.137,3317069.653
2012-21-03 16:00:00,0,0.831,3304126.261
2012-21-03 17:00:00,0,1.48,3295078.267
2012-21-03 18:00:00,0,1.693,3288651.469
2012-21-03 19:00:00,0,1.496,3282581.365
2012-21-03 20:00:00,0,0.624,3274755.394
2012-21-03 21:00:00,0,-0.287,3263628.126
2012-21-03 22:00:00,0,-1.174,3250191.202
2012-21-03 23:00:00,0,-2.01,3235900.258
2012-22-03 00:00:00,0,-2.279,3221441.406
2012-22-03 01:00:00,0,-1.846,3206995.069
2012-22-03 02:00:00,0,-1.047,3192595.961
2012-22-03 03:00:00,0,-0.15,3178373.377
2012-22-03 04:00:00,0,0.753,3165174.626
2012-22-03 05:00:00,0,1.535,3155737.938
2012-22-03 06:00:00,0,1.93,3149646.934
2012-22-03 07:00:00,0,1.736,3144565.547
2012-22-03 08:00:00,0,0.934,3137802.888
2012-22-03 09:00:00,0,-0.1,3127604.265
2012-22-03 10:00:00,0,-1.046,3114484.802
2012-22-03 11:00:00,0,-1.982,3100250.969
2012-22-03 12:00:00,0,-2.464,3085832.937
2012-22-03 13:00:00,0,-2.197,3071446.189
2012-22-03 14:00:00,0,-1.468,3057128.195
2012-22-03 15:00:00,0,-0.484,3042895.531
2012-22-03 16:00:00,0,0.433,3029176.616
2012-22-03 17:00:00,0,1.234,3018142.095
2012-22-03 18:00:00,0,1.822,3011197.603
2012-22-03 19:00:00,0,1.854,3006167.548
2012-22-03 20:00:00,0,1.223,3000263.387
2012-22-03 21:00:00,0,0.272,2991239.676
2012-22-03 22:00:00,0,-0.642,2978935.128
2012-22-03 23:00:00,0,-1.685,2964930.248
2012-23-03 00:00:00,0.402,-2.278,2950447.401
2012-23-03 01:00:00,0.201,-2.122,2935918.181
2012-23-03 02:00:00,0,-1.434,2921440.597
2012-23-03 03:00:00,0,-0.592,2907055.509
2012-23-03 04:00:00,0,0.287,2893087.993
2012-23-03 05:00:00,0,1.252,2881431.577
2012-23-03 06:00:00,0.603,1.864,2874436.083
2012-23-03 07:00:00,0,1.959,2869691.24
2012-23-03 08:00:00,0,1.525,2864661.724
2012-23-03 09:00:00,0,0.535,2856907.347
2012-23-03 10:00:00,0,-0.478,2845458.734
2012-23-03 11:00:00,0,-1.399,2831773.551
2012-23-03 12:00:00,0,-2.323,2817472.826
2012-23-03 13:00:00,0,-2.341,2803098.862
2012-23-03 14:00:00,0,-1.654,2788758.8
2012-23-03 15:00:00,0,-0.986,2774480.01
2012-23-03 16:00:00,0,0.064,2760387.175
2012-23-03 17:00:00,0,0.976,2747770.234
2012-23-03 18:00:00,0,1.618,2739477.421
2012-23-03 19:00:00,0,1.972,2734038.171
2012-23-03 20:00:00,0,1.712,2729372.484
2012-23-03 21:00:00,0,0.822,2722587.768
2012-23-03 22:00:00,0,-0.128,2712152.896
2012-23-03 23:00:00,0,-1.048,2698964.321
2012-24-03 00:00:00,0,-2.016,2684797.106
2012-24-03 01:00:00,0,-2.348,2670443.173
2012-24-03 02:00:00,0,-1.754,2656131.413
2012-24-03 03:00:00,0,-1.074,2641881.011
2012-24-03 04:00:00,0,-0.094,2627787.751
2012-24-03 05:00:00,0,0.857,2614832.147
2012-24-03 06:00:00,0,1.553,2606063.332
2012-24-03 07:00:00,0,1.937,2600578.659
2012-24-03 08:00:00,0,1.984,2596472.931
2012-24-03 09:00:00,0,1.159,2591162.999
2012-24-03 10:00:00,0,0.089,2581954.053
2012-24-03 11:00:00,0,-0.859,2569306.661
2012-24-03 12:00:00,0,-1.818,2555289.574
2012-24-03 13:00:00,0,-2.298,2540993.066
2012-24-03 14:00:00,0,-1.964,2526735.261
2012-24-03 15:00:00,0,-1.308,2512502.283
2012-24-03 16:00:00,0,-0.329,2498330.143
2012-24-03 17:00:00,0,0.49,2484839.181
2012-24-03 18:00:00,0,1.309,2474225.142
2012-24-03 19:00:00,0,1.775,2467726.072
2012-24-03 20:00:00,0,1.938,2463061.009
2012-24-03 21:00:00,0,1.278,2457839.807
2012-24-03 22:00:00,0,0.281,2449232.369
2012-24-03 23:00:00,0,-0.637,2437133.463
2012-25-03 00:00:00,0,-1.527,2423411.753
2012-25-03 01:00:00,0,-2.243,2409269.097
2012-25-03 02:00:00,0,-2.039,2395087.098
2012-25-03 03:00:00,0,-1.457,2380947.274
2012-25-03 04:00:00,0,-0.707,2366836.115
2012-25-03 05:00:00,0,0.231,2352968.348
2012-25-03 06:00:00,0,1.165,2341099.16
2012-25-03 07:00:00,0,1.62,2333728.743
2012-25-03 08:00:00,0,1.867,2328413.805
2012-25-03 09:00:00,0,1.46,2323208.674
2012-25-03 10:00:00,0,0.508,2315294.019
2012-25-03 11:00:00,0,-0.505,2303665.325
2012-25-03 12:00:00,0,-1.345,2289904.374
2012-25-03 13:00:00,0,-2.174,2275581.524
2012-25-03 14:00:00,0,-2.214,2261202.408
2012-25-03 15:00:00,0,-1.617,2246872.519
2012-25-03 16:00:00,0,-0.894,2232603.591
2012-25-03 17:00:00,0,-0.024,2218602.304
2012-25-03 18:00:00,0,0.836,2205881.071
2012-25-03 19:00:00,0,1.378,2197033.409
2012-25-03 20:00:00,0,1.724,2191060.106
2012-25-03 21:00:00,0,1.506,2185871.592
2012-25-03 22:00:00,0,0.67,2178681.274
2012-25-03 23:00:00,0,-0.306,2167934.995
2012-26-03 00:00:00,0,-1.073,2154759.013
2012-26-03 01:00:00,0,-1.958,2140860.483
2012-26-03 02:00:00,0,-2.23,2126796.759
2012-26-03 03:00:00,0,-1.786,2112760.988
2012-26-03 04:00:00,0,-1.171,2098788.826
2012-26-03 05:00:00,0,-0.313,2084974.891
2012-26-03 06:00:00,0,0.564,2071911.995
2012-26-03 07:00:00,0,1.157,2061683.232
2012-26-03 08:00:00,0,1.5,2054775.745
2012-26-03 09:00:00,0,1.502,2049040.157
2012-26-03 10:00:00,0,0.852,2042223.84
2012-26-03 11:00:00,0,-0.078,2032264.611
2012-26-03 12:00:00,0,-0.87,2019514.574
2012-26-03 13:00:00,0,-1.778,2005806.693
2012-26-03 14:00:00,0,-2.094,1991844.666
2012-26-03 15:00:00,0,-1.767,1977910.097
2012-26-03 16:00:00,0,-1.152,1964047.701
2012-26-03 17:00:00,0,-0.464,1950294.664
2012-26-03 18:00:00,0,0.319,1937025.545
2012-26-03 19:00:00,0,1.007,1925700.484
2012-26-03 20:00:00,0,1.481,1918195.083
2012-26-03 21:00:00,0,1.527,1912567.162
2012-26-03 22:00:00,0,1,1906149.126
2012-26-03 23:00:00,0,0.115,1896806.669
2012-27-03 00:00:00,0,-0.613,1884379.143
2012-27-03 01:00:00,0,-1.425,1870777.664
2012-27-03 02:00:00,0,-2.006,1856784.232
2012-27-03 03:00:00,0,-1.986,1842730.417
2012-27-03 04:00:00,0,-1.446,1828717.312
2012-27-03 05:00:00,0,-0.746,1814792.122
2012-27-03 06:00:00,0,-0.038,1801166.729
2012-27-03 07:00:00,0,0.672,1788625.687
2012-27-03 08:00:00,0,1.114,1778926.942
2012-27-03 09:00:00,0,1.359,1771861.588
2012-27-03 10:00:00,0,1.06,1765217.577
2012-27-03 11:00:00,0,0.327,1756580.309
2012-27-03 12:00:00,0,-0.496,1744893.943
2012-27-03 13:00:00,0,-1.197,1731715.628
2012-27-03 14:00:00,0,-1.792,1718009.758
2012-27-03 15:00:00,0,-1.833,1704162.63
2012-27-03 16:00:00,0,-1.354,1690351.417
2012-27-03 17:00:00,0,-0.804,1676636.234
2012-27-03 18:00:00,0,-0.152,1663149.576
2012-27-03 19:00:00,0,0.551,1650517.671
2012-27-03 20:00:00,0,1.068,1640347.859
2012-27-03 21:00:00,0,1.334,1633217.064
2012-27-03 22:00:00,0,1.13,1626796.198
2012-27-03 23:00:00,0,0.482,1618728.023
2012-28-03 00:00:00,0,-0.239,1607631.716
2012-28-03 01:00:00,0,-0.852,1594876.823
2012-28-03 02:00:00,0,-1.541,1581467.554
2012-28-03 03:00:00,0,-1.88,1567853.341
2012-28-03 04:00:00,0,-1.528,1554245.975
2012-28-03 05:00:00,0,-1.072,1540728.863
2012-28-03 06:00:00,0,-0.461,1527391.103
2012-28-03 07:00:00,0,0.178,1514556.459
2012-28-03 08:00:00,0,0.724,1503132.601
2012-28-03 09:00:00,0,1.013,1494184.716
2012-28-03 10:00:00,0,1.095,1487023.78
2012-28-03 11:00:00,0,0.588,1479458.812
2012-28-03 12:00:00,0,-0.098,1469204.349
2012-28-03 13:00:00,0,-0.724,1457193.432
2012-28-03 14:00:00,0,-1.287,1444423.801
2012-28-03 15:00:00,0,-1.66,1431410.798
2012-28-03 16:00:00,0,-1.502,1418382.569
2012-28-03 17:00:00,0,-1.085,1405440.621
2012-28-03 18:00:00,0,-0.456,1392672.634
2012-28-03 19:00:00,0,0.017,1380392.327
2012-28-03 20:00:00,0,0.577,1369162.965
2012-28-03 21:00:00,0,0.909,1359969.389
2012-28-03 22:00:00,0,1.049,1352881.82
2012-28-03 23:00:00,0,0.684,1345951.876
2012-29-03 00:00:00,0,0.063,1336714.35
2012-29-03 01:00:00,0,-0.478,1325664.398
2012-29-03 02:00:00,0,-1.023,1313739.677
2012-29-03 03:00:00,0,-1.528,1301432.663
2012-29-03 04:00:00,0,-1.601,1289020.371
2012-29-03 05:00:00,0,-1.278,1276621.757
2012-29-03 06:00:00,0,-0.788,1264296.643
2012-29-03 07:00:00,0,-0.377,1252199.301
2012-29-03 08:00:00,0,0.118,1240597.705
2012-29-03 09:00:00,0,0.501,1230061.911
2012-29-03 10:00:00,0,0.784,1221018.682
2012-29-03 11:00:00,0,0.678,1213042.016
2012-29-03 12:00:00,0,0.262,1204320.758
2012-29-03 13:00:00,0,-0.292,1194198.532
2012-29-03 14:00:00,0,-0.805,1183020.839
2012-29-03 15:00:00,0,-1.221,1171317.205
2012-29-03 16:00:00,0,-1.336,1159437.431
2012-29-03 17:00:00,0,-1.098,1147552.976
2012-29-03 18:00:00,0,-0.74,1135777.501
2012-29-03 19:00:00,0,-0.324,1124227.797
2012-29-03 20:00:00,0,0.062,1113174.971
2012-29-03 21:00:00,0,0.587,1103115.168
2012-29-03 22:00:00,0,0.79,1094857.453
2012-29-03 23:00:00,0,0.746,1087499.775
2012-30-03 00:00:00,0,0.43,1079612.204
2012-30-03 01:00:00,0,-0.019,1070403.823
2012-30-03 02:00:00,0,-0.489,1060042.996
2012-30-03 03:00:00,0,-0.991,1048928.645
2012-30-03 04:00:00,0,-1.369,1037410.621
2012-30-03 05:00:00,0.201,-1.305,1025777.79
2012-30-03 06:00:00,0,-1.037,1014215.571
2012-30-03 07:00:00,0,-0.722,1002815.812
2012-30-03 08:00:00,0,-0.355,991669.9573
2012-30-03 09:00:00,0,0.061,981008.2132
2012-30-03 10:00:00,0,0.326,971219.9531
2012-30-03 11:00:00,0,0.641,962450.1235
2012-30-03 12:00:00,0,0.526,954675.2072
2012-30-03 13:00:00,0,0.089,946293.2716
2012-30-03 14:00:00,0,-0.275,936703.9506
2012-30-03 15:00:00,0,-0.648,926400.4866
2012-30-03 16:00:00,0,-0.931,915697.1498
2012-30-03 17:00:00,0,-1.023,904787.277
2012-30-03 18:00:00,0,-0.887,893793.252
2012-30-03 19:00:00,0,-0.617,882883.646
2012-30-03 20:00:00,0,-0.297,872261.4376
2012-30-03 21:00:00,0,0.081,862160.9099
2012-30-03 22:00:00,0,0.386,852946.9984
2012-30-03 23:00:00,0,0.624,844815.5478
2012-31-03 00:00:00,0,0.62,837552.8298
2012-31-03 01:00:00,0,0.38,830121.1928
2012-31-03 02:00:00,0,0.013,821781.8351
2012-31-03 03:00:00,0,-0.34,812506.3866
2012-31-03 04:00:00,0,-0.759,802584.859
2012-31-03 05:00:00,0,-1.041,792315.3051
2012-31-03 06:00:00,0,-1.062,781928.3127
2012-31-03 07:00:00,0,-0.9,771551.4712
2012-31-03 08:00:00,0,-0.748,761277.4314
2012-31-03 09:00:00,0,-0.437,751211.4298
2012-31-03 10:00:00,0,-0.055,741513.7026
2012-31-03 11:00:00,0,0.314,732601.4861
2012-31-03 12:00:00,0.201,0.489,724835.215
2012-31-03 13:00:00,0,0.465,717718.7573
2012-31-03 14:00:00,0,0.218,710398.1803
2012-31-03 15:00:00,0,-0.086,702281.952
2012-31-03 16:00:00,0,-0.416,693408.1166
2012-31-03 17:00:00,0,-0.694,684014.0867
2012-31-03 18:00:00,0,-0.9,674359.9961
2012-31-03 19:00:00,0,-0.845,664630.6976
2012-31-03 20:00:00,0,-0.633,654996.0971
2012-31-03 21:00:00,0,-0.455,645573.7293
2012-31-03 22:00:00,0,-0.102,636511.9876
2012-31-03 23:00:00,0,0.253,628199.7669
04/01/2012 00:00,0,0.549,621099.8005
04/01/2012 01:00,0,0.604,615180.8142
04/01/2012 02:00,0,0.476,609408.2869
04/01/2012 03:00,0,0.177,602985.1095
04/01/2012 04:00,0,-0.153,595629.5332
04/01/2012 05:00,0,-0.559,587527.6994
04/01/2012 06:00,0,-0.897,578899.1835
04/01/2012 07:00,0,-1.043,570008.9173
04/01/2012 08:00,0,-1.063,561048.7098
04/01/2012 09:00,0,-0.858,552108.9542
04/01/2012 10:00,0,-0.548,543280.4098
04/01/2012 11:00,0,-0.159,534762.3398
04/01/2012 12:00,0,0.302,527002.3399
04/01/2012 13:00,0,0.631,520775.9012
04/01/2012 14:00,0,0.655,515941.4957
04/01/2012 15:00,0,0.507,511086.5486
04/01/2012 16:00,0,0.168,505416.5098
04/01/2012 17:00,0,-0.134,498638.519
04/01/2012 18:00,0,-0.473,491159.1332
04/01/2012 19:00,0,-0.869,483197.149
04/01/2012 20:00,0,-0.948,474963.12
04/01/2012 21:00,0,-0.722,466726.2016
04/01/2012 22:00,0,-0.554,458709.8936
04/01/2012 23:00,0,-0.195,451048.8453
04/02/2012 00:00,0,0.287,444156.3746
04/02/2012 01:00,0,0.624,438927.1086
04/02/2012 02:00,0,0.823,435509.0757
04/02/2012 03:00,0,0.803,433028.3449
04/02/2012 04:00,0,0.45,429846.0357
04/02/2012 05:00,0,0.04,425013.0652
04/02/2012 06:00,0,-0.418,418957.8939
04/02/2012 07:00,0,-0.956,412111.714
04/02/2012 08:00,0,-1.231,404873.7663
04/02/2012 09:00,0,-1.284,397580.2817
04/02/2012 10:00,0,-1.112,390426.6025
04/02/2012 11:00,0,-0.736,383517.6998
04/02/2012 12:00,0,-0.136,377013.8307
04/02/2012 13:00,0,0.433,371670.4312
04/02/2012 14:00,0,0.777,368867.8551
04/02/2012 15:00,0,0.934,368207.3002
04/02/2012 16:00,0,0.837,368146.3979
04/02/2012 17:00,0,0.456,366747.0026
04/02/2012 18:00,0,-0.038,363378.7349
04/02/2012 19:00,0.201,-0.578,358608.5926
04/02/2012 20:00,0,-1.03,353058.7048
04/02/2012 21:00,0,-1.209,347243.1091
04/02/2012 22:00,0,-1.019,341481.4687
04/02/2012 23:00,0,-0.705,335956.1762
04/03/2012 00:00,0,-0.215,330838.9439
04/03/2012 01:00,0,0.409,326677.1909
04/03/2012 02:00,0,0.917,325484.1422
04/03/2012 03:00,0,1.172,327967.3033
04/03/2012 04:00,0,1.114,331771.8214
04/03/2012 05:00,0,0.717,333707.0075
04/03/2012 06:00,0,0.21,332328.345
04/03/2012 07:00,0.402,-0.406,328982.989
04/03/2012 08:00,1.407,-1.175,324465.1601
04/03/2012 09:00,0.402,-1.589,319479.3442
04/03/2012 10:00,0,-1.688,314564.9692
04/03/2012 11:00,0.201,-1.357,309971.7907
04/03/2012 12:00,0,-0.761,305787.4803
04/03/2012 13:00,0,-0.143,302094.142
04/03/2012 14:00,0,0.557,299547.5754
04/03/2012 15:00,0,1.098,301274.4312
04/03/2012 16:00,0,1.189,306715.1286
04/03/2012 17:00,0.603,0.989,312012.5045
04/03/2012 18:00,0,0.42,313655.4751
04/03/2012 19:00,0,-0.358,311899.1201
04/03/2012 20:00,0,-0.951,308490.239
04/03/2012 21:00,0,-1.583,304519.4249
04/03/2012 22:00,0,-1.766,300531.2725
04/03/2012 23:00,0,-1.506,296765.7338
04/04/2012 00:00,0,-0.944,293328.4016
04/04/2012 01:00,0,-0.273,290297.9587
04/04/2012 02:00,0,0.474,288103.7243
04/04/2012 03:00,0,1.022,289467.6145
04/04/2012 04:00,0,1.368,294938.9222
04/04/2012 05:00,0,1.146,302705.8081
04/04/2012 06:00,0,0.614,306924.3181
04/04/2012 07:00,0,-0.17,306021.1822
04/04/2012 08:00,0,-1.104,303002.7064
04/04/2012 09:00,0,-1.79,299116.4143
04/04/2012 10:00,0.402,-2.283,295140.6973
04/04/2012 11:00,0.603,-2.236,291406.7188
04/04/2012 12:00,0.201,-1.614,288025.9287
04/04/2012 13:00,0.201,-0.836,285026.1519
04/04/2012 14:00,0,-0.002,282484.836
04/04/2012 15:00,0,0.895,281466.9526
04/04/2012 16:00,0,1.388,285995.7467
04/04/2012 17:00,0,1.416,294760.0153
04/04/2012 18:00,0,0.98,302685.8454
04/04/2012 19:00,0,0.175,304298.6491
04/04/2012 20:00,0,-0.65,302005.6528
04/04/2012 21:00,0,-1.539,298351.9632
04/04/2012 22:00,0,-2.228,294331.2063
04/04/2012 23:00,0,-2.228,290417.2923
04/05/2012 00:00,0,-1.728,286775.6446
04/05/2012 01:00,0,-0.925,283473.3796
04/05/2012 02:00,0,-0.156,280598.964
04/05/2012 03:00,0,0.776,278754.122
04/05/2012 04:00,0,1.443,282519.9383
04/05/2012 05:00,0,1.665,292427.5985
04/05/2012 06:00,0,1.373,303570.7549
04/05/2012 07:00,0,0.497,308486.163
04/05/2012 08:00,0,-0.471,306451.2779
04/05/2012 09:00,0,-1.383,302383.536
04/05/2012 10:00,0,-2.351,297719.5004
04/05/2012 11:00,0,-2.667,293142.1642
04/05/2012 12:00,0,-2.266,288898.5657
04/05/2012 13:00,0,-1.468,285076.4809
04/05/2012 14:00,0,-0.511,281687.8225
04/05/2012 15:00,0,0.56,279005.3242
04/05/2012 16:00,0,1.45,281287.2371
04/05/2012 17:00,0,1.898,291542.9758
04/05/2012 18:00,0,1.897,306201.2997
04/05/2012 19:00,0,1.159,318154.3898
04/05/2012 20:00,0,0.056,318954.0338
04/05/2012 21:00,0,-0.944,315056.6532
04/05/2012 22:00,0,-1.929,309773.4664
04/05/2012 23:00,0,-2.569,304278.3499
04/06/2012 00:00,0,-2.272,299034.1116
04/06/2012 01:00,0,-1.543,294172.5984
04/06/2012 02:00,0,-0.675,289717.4805
04/06/2012 03:00,0,0.456,285926.2002
04/06/2012 04:00,0,1.431,287059.7482
04/06/2012 05:00,0,1.962,297085.5652
04/06/2012 06:00,0,2.13,312506.2403
04/06/2012 07:00,0,1.556,327450.8696
04/06/2012 08:00,0,0.446,330874.24
04/06/2012 09:00,0,-0.583,327218.3992
04/06/2012 10:00,0,-1.849,321441.7536
04/06/2012 11:00,0,-2.777,315104.1361
04/06/2012 12:00,0,-2.706,308931.8801
04/06/2012 13:00,0,-2.133,303142.7091
04/06/2012 14:00,0,-1.136,297787.1956
04/06/2012 15:00,0,-0.023,292936.4891
04/06/2012 16:00,0,1.069,290127.6163
04/06/2012 17:00,0,2.016,297458.5988
04/06/2012 18:00,0,2.427,312979.0269
04/06/2012 19:00,0,1.891,331109.9764
04/06/2012 20:00,0,0.938,339257.4555
04/06/2012 21:00,0,-0.211,336945.404
04/06/2012 22:00,0,-1.304,331350.9533
04/06/2012 23:00,0,-2.566,324656.3872
04/07/2012 00:00,0,-2.893,317906.8714
04/07/2012 01:00,0,-2.39,311481.9992
04/07/2012 02:00,0,-1.415,305470.6004
04/07/2012 03:00,0,-0.353,299905.7435
04/07/2012 04:00,0,0.735,295429.0312
04/07/2012 05:00,0,1.783,298908.6021
04/07/2012 06:00,0,2.35,312253.4627
04/07/2012 07:00,0,2.217,330399.1911
04/07/2012 08:00,0,1.281,343156.0686
04/07/2012 09:00,0,0.18,342797.3626
04/07/2012 10:00,0,-1.087,337704.4249
04/07/2012 11:00,0,-2.386,330931.457
04/07/2012 12:00,0,-3.053,323938.8885
04/07/2012 13:00,0,-2.782,317272.7154
04/07/2012 14:00,0,-2.018,311001.9528
04/07/2012 15:00,0,-0.896,305147.8953
04/07/2012 16:00,0,0.321,299882.2795
04/07/2012 17:00,0,1.444,299139.4466
04/07/2012 18:00,0,2.278,309944.5035
04/07/2012 19:00,0,2.553,327979.249
04/07/2012 20:00,0,1.757,346008.7509
04/07/2012 21:00,0,0.614,350445.9809
04/07/2012 22:00,0,-0.554,346636.3986
04/07/2012 23:00,0.201,-1.839,340222.0662
04/08/2012 00:00,0,-2.94,333118.3886
04/08/2012 01:00,0,-2.913,326157.852
04/08/2012 02:00,0,-2.202,319557.3788
04/08/2012 03:00,0,-1.16,313356.6069
04/08/2012 04:00,0,0.024,307639.5706
04/08/2012 05:00,0,1.181,304387.8833
04/08/2012 06:00,0,2.055,312464.0418
04/08/2012 07:00,0,2.518,328832.2085
04/08/2012 08:00,0,2.199,348146.7727
04/08/2012 09:00,0,1.107,359076.0347
04/08/2012 10:00,0,-0.08,357330.6931
04/08/2012 11:00,0,-1.366,351750.3829
04/08/2012 12:00,0,-2.525,344798.4399
04/08/2012 13:00,0,-2.97,337732.8941
04/08/2012 14:00,0,-2.412,330951.201
04/08/2012 15:00,0,-1.557,324521.1361
04/08/2012 16:00,0.201,-0.332,318456.63
04/08/2012 17:00,0.402,0.797,313543.4948
04/08/2012 18:00,0.201,1.935,317525.3308
04/08/2012 19:00,1.005,2.592,332780.587
04/08/2012 20:00,0.804,2.497,353063.3562
04/08/2012 21:00,0,1.601,368894.4382
04/08/2012 22:00,0.201,0.439,370609.5025
04/08/2012 23:00,0.201,-0.733,366241.9488
04/09/2012 00:00,0.201,-2.085,359760.9044
04/09/2012 01:00,1.608,-2.814,352767.2527
04/09/2012 02:00,0.201,-2.624,345959.5306
04/09/2012 03:00,0.603,-1.725,339570.7854
04/09/2012 04:00,0.603,-0.645,333640.2554
04/09/2012 05:00,1.809,0.507,328549.3265
04/09/2012 06:00,1.005,1.52,328818.1747
04/09/2012 07:00,1.407,2.348,341116.1302
04/09/2012 08:00,0.201,2.681,361087.1636
04/09/2012 09:00,1.005,2.034,381744.4095
04/09/2012 10:00,1.206,0.972,390138.9473
04/09/2012 11:00,1.206,-0.044,389450.6991
04/09/2012 12:00,1.005,-1.384,386000.9565
04/09/2012 13:00,0,-2.392,382700.5702
04/09/2012 14:00,0,-2.426,381833.6683
04/09/2012 15:00,1.809,-1.796,384589.2381
04/09/2012 16:00,0.402,-0.97,390782.3652
04/09/2012 17:00,0,0.239,399662.7806
04/09/2012 18:00,0,1.242,415167.3627
04/09/2012 19:00,0,2.185,440806.1044
04/09/2012 20:00,0.804,2.682,477118.9933
04/09/2012 21:00,0.603,2.404,515560.6826
04/09/2012 22:00,0.201,1.367,543954.6902
04/09/2012 23:00,0.402,0.276,559953.6863
04/10/2012 00:00,0,-0.888,570146.8583
04/10/2012 01:00,0,-2.145,577831.7471
04/10/2012 02:00,0,-2.619,584366.8345
04/10/2012 03:00,0,-2.16,590214.2227
04/10/2012 04:00,0,-1.465,595421.9242
04/10/2012 05:00,0,-0.378,600284.0958
04/10/2012 06:00,0,0.557,605534.7739
04/10/2012 07:00,0,1.538,614825.1434
04/10/2012 08:00,0,2.248,631371.384
04/10/2012 09:00,0,2.37,655458.8652
04/10/2012 10:00,0,1.62,675079.5571
04/10/2012 11:00,0,0.678,685702.009
04/10/2012 12:00,2.01,-0.283,690568.0972
04/10/2012 13:00,0.603,-1.485,692736.854
04/10/2012 14:00,0,-2.208,693917.4885
04/10/2012 15:00,0,-2.107,694861.6804
04/10/2012 16:00,5.427,-1.485,695687.0239
04/10/2012 17:00,0.402,-0.657,696519.3782
04/10/2012 18:00,0.402,0.308,698003.8811
04/10/2012 19:00,0,1.223,702503.0903
04/10/2012 20:00,0,2.036,713451.9227
04/10/2012 21:00,0,2.348,730743.4942
04/10/2012 22:00,0,1.877,748331.1768
04/10/2012 23:00,0,0.99,758972.8947
04/11/2012 00:00,0,0.071,763411.4948
04/11/2012 01:00,0,-1.07,764409.8956
04/11/2012 02:00,0,-2.066,763976.2956
04/11/2012 03:00,0,-2.253,763168.7111
04/11/2012 04:00,0,-1.825,762316.2116
04/11/2012 05:00,0,-1.133,761559.1548
04/11/2012 06:00,0,-0.268,760885.1883
04/11/2012 07:00,0,0.486,760959.3992
04/11/2012 08:00,0,1.332,764235.786
04/11/2012 09:00,0,1.913,773145.2741
04/11/2012 10:00,0,1.929,785271.8914
04/11/2012 11:00,0,1.242,795136.141
04/11/2012 12:00,0,0.338,799612.2574
04/11/2012 13:00,0,-0.488,800079.1051
04/11/2012 14:00,0,-1.448,798793.7934
04/11/2012 15:00,0,-1.852,796812.7159
04/11/2012 16:00,0,-1.69,794647.0902
04/11/2012 17:00,0,-1.232,792331.5276
04/11/2012 18:00,0,-0.499,789988.8801
04/11/2012 19:00,0,0.258,787980.6925
04/11/2012 20:00,0,1.03,787994.6867
04/11/2012 21:00,0,1.713,792705.3335
04/11/2012 22:00,0,1.876,801287.7064
04/11/2012 23:00,0.201,1.424,809151.6007
04/12/2012 00:00,0,0.669,812844.3765
04/12/2012 01:00,0,-0.117,812117.0446
04/12/2012 02:00,0,-1.034,809138.2295
04/12/2012 03:00,0,-1.864,805141.1853
04/12/2012 04:00,0,-1.946,800767.6418
04/12/2012 05:00,0,-1.577,796254.7392
04/12/2012 06:00,0,-1.066,791726.8617
04/12/2012 07:00,0,-0.361,787356.8337
04/12/2012 08:00,0,0.331,783682.8597
04/12/2012 09:00,0,0.98,782287.3285
04/12/2012 10:00,0,1.568,785020.1175
04/12/2012 11:00,0,1.462,790505.9476
04/12/2012 12:00,0.201,0.867,794147.5004
04/12/2012 13:00,0,0.31,793870.0354
04/12/2012 14:00,0,-0.331,791137.159
04/12/2012 15:00,2.814,-1.128,787002.2389
04/12/2012 16:00,1.407,-1.45,782204.7246
04/12/2012 17:00,0.402,-1.312,777372.6705
04/12/2012 18:00,0,-0.996,772765.1408
04/12/2012 19:00,0,-0.368,768493.8548
04/12/2012 20:00,0,0.169,764929.085
04/12/2012 21:00,0,0.805,763025.6688
04/12/2012 22:00,0,1.366,764573.507
04/12/2012 23:00,0,1.557,769489.7385
2012-13-04 00:00:00,0,1.155,774612.2875
2012-13-04 01:00:00,0,0.581,776920.5786
2012-13-04 02:00:00,0.201,-0.047,776134.6027
2012-13-04 03:00:00,0.201,-0.901,773650.0294
2012-13-04 04:00:00,0,-1.444,770303.7955
2012-13-04 05:00:00,0,-1.501,766751.8747
2012-13-04 06:00:00,0,-1.349,763226.7822
2012-13-04 07:00:00,0,-0.939,759734.6934
2012-13-04 08:00:00,0,-0.494,756361.9913
2012-13-04 09:00:00,0,0.1,753326.516
2012-13-04 10:00:00,0,0.791,751704.3037
2012-13-04 11:00:00,0,1.16,753165.1401
2012-13-04 12:00:00,0,1.102,756528.3179
2012-13-04 13:00:00,0,0.846,759094.7596
2012-13-04 14:00:00,0,0.388,759429.5195
2012-13-04 15:00:00,0,-0.132,757738.7416
2012-13-04 16:00:00,0,-0.752,754628.7475
2012-13-04 17:00:00,0,-1.055,750672.6739
2012-13-04 18:00:00,0,-1.022,746443.9912
2012-13-04 19:00:00,0,-0.823,742212.2645
2012-13-04 20:00:00,0,-0.453,738031.3892
2012-13-04 21:00:00,0,-0.033,734061.0182
2012-13-04 22:00:00,0,0.513,730924.4768
2012-13-04 23:00:00,0,1.043,730058.1205
2012-14-04 00:00:00,0,1.229,732034.559
2012-14-04 01:00:00,0,0.993,734542.7384
2012-14-04 02:00:00,0,0.551,734939.3121
2012-14-04 03:00:00,0,0.018,732879.696
2012-14-04 04:00:00,0,-0.584,729208.5511
2012-14-04 05:00:00,0,-1.154,724577.5312
2012-14-04 06:00:00,0,-1.384,719566.9997
2012-14-04 07:00:00,0,-1.321,714489.788
2012-14-04 08:00:00,0,-1.085,709465.7621
2012-14-04 09:00:00,0,-0.691,704526.9232
2012-14-04 10:00:00,0,-0.181,699795.6936
2012-14-04 11:00:00,0,0.335,695870.4521
2012-14-04 12:00:00,0,0.797,693716.0634
2012-14-04 13:00:00,0,0.965,693599.8856
2012-14-04 14:00:00,0,0.718,693784.8758
2012-14-04 15:00:00,0,0.374,692329.5903
2012-14-04 16:00:00,0,-0.017,689264.844
2012-14-04 17:00:00,0,-0.512,684995.2768
2012-14-04 18:00:00,0,-0.981,679900.0619
2012-14-04 19:00:00,0,-1.044,674397.8155
2012-14-04 20:00:00,0,-0.998,668808.9095
2012-14-04 21:00:00,0,-0.698,663236.9799
2012-14-04 22:00:00,0,-0.302,657829.579
2012-14-04 23:00:00,0,0.216,652968.0811
2012-15-04 00:00:00,0,0.693,649581.0014
2012-15-04 01:00:00,0,1.005,648437.8471
2012-15-04 02:00:00,0,0.904,648636.5583
2012-15-04 03:00:00,0,0.564,647803.8596
2012-15-04 04:00:00,0,0.14,645085.2913
2012-15-04 05:00:00,0,-0.45,640913.7323
2012-15-04 06:00:00,0,-1.037,635713.9933
2012-15-04 07:00:00,0,-1.377,629997.3771
2012-15-04 08:00:00,0,-1.511,624107.6397
2012-15-04 09:00:00,0,-1.234,618227.9601
2012-15-04 10:00:00,0,-0.859,612453.6036
2012-15-04 11:00:00,0,-0.548,606905.7469
2012-15-04 12:00:00,0,0.066,601794.1495
2012-15-04 13:00:00,0,0.687,598171.099
2012-15-04 14:00:00,0,0.9,597145.4109
2012-15-04 15:00:00,0,0.818,597070.3975
2012-15-04 16:00:00,0,0.517,596118.1916
2012-15-04 17:00:00,0,-0.001,593420.5334
2012-15-04 18:00:00,0,-0.313,589258.6482
2012-15-04 19:00:00,0,-0.824,584358.0835
2012-15-04 20:00:00,0,-1.274,578961.5209
2012-15-04 21:00:00,0,-1.204,573342.112
2012-15-04 22:00:00,0,-0.8,567700.6325
2012-15-04 23:00:00,0,-0.456,562231.8748
2012-16-04 00:00:00,0,0.075,557156.5613
2012-16-04 01:00:00,0,0.677,553478.3087
2012-16-04 02:00:00,0,1.008,552528.5417
2012-16-04 03:00:00,0,1.075,553396.2946
2012-16-04 04:00:00,0,0.821,554096.4725
2012-16-04 05:00:00,0,0.277,552591.2711
2012-16-04 06:00:00,0,-0.263,548888.7696
2012-16-04 07:00:00,0,-0.883,543905.3862
2012-16-04 08:00:00,0,-1.421,538251.7094
2012-16-04 09:00:00,0,-1.544,532382.7174
2012-16-04 10:00:00,0,-1.319,526493.8257
2012-16-04 11:00:00,0,-0.945,520735.6549
2012-16-04 12:00:00,0,-0.425,515202.9589
2012-16-04 13:00:00,0,0.303,510329.5607
2012-16-04 14:00:00,0,0.824,507724.3579
2012-16-04 15:00:00,0,1.143,508022.58
2012-16-04 16:00:00,0,1.131,510042.9262
2012-16-04 17:00:00,0,0.784,511203.6574
2012-16-04 18:00:00,0,0.243,509656.592
2012-16-04 19:00:00,0,-0.244,506008.8849
2012-16-04 20:00:00,0.201,-0.856,501191.184
2012-16-04 21:00:00,0,-1.196,495744.3916
2012-16-04 22:00:00,1.407,-1.164,490125.1376
2012-16-04 23:00:00,6.231,-0.509,484600.2069
2012-17-04 00:00:00,2.613,0.1,479728.3601
2012-17-04 01:00:00,0.804,0.6,476886.7477
2012-17-04 02:00:00,0,1.102,477391.3888
2012-17-04 03:00:00,0.201,1.416,481567.5955
2012-17-04 04:00:00,0.201,1.336,487590.1557
2012-17-04 05:00:00,0.603,1.268,493078.3749
2012-17-04 06:00:00,0.402,0.565,496772.4668
2012-17-04 07:00:00,0.201,-0.19,497688.6284
2012-17-04 08:00:00,0,-0.837,498329.6881
2012-17-04 09:00:00,0.804,-1.461,500356.6659
2012-17-04 10:00:00,0.201,-1.509,504154.85
2012-17-04 11:00:00,1.206,-1.112,508966.4651
2012-17-04 12:00:00,0.402,-0.699,514494.3702
2012-17-04 13:00:00,1.407,-0.22,520888.1047
2012-17-04 14:00:00,0,0.716,528786.6277
2012-17-04 15:00:00,0.603,1.229,540727.415
2012-17-04 16:00:00,0.402,1.613,556471.5442
2012-17-04 17:00:00,1.206,1.481,574126.2124
2012-17-04 18:00:00,1.206,1.124,590712.8951
2012-17-04 19:00:00,3.819,0.39,606156.0037
2012-17-04 20:00:00,1.809,-0.375,620416.9453
2012-17-04 21:00:00,3.216,-1.086,635017.2614
2012-17-04 22:00:00,3.618,-1.503,655938.9711
2012-17-04 23:00:00,1.206,-1.427,701921.3391
2012-18-04 00:00:00,0.201,-0.927,771441.7481
2012-18-04 01:00:00,0.201,-0.354,860976.002
2012-18-04 02:00:00,0,0.278,964213.3218
2012-18-04 03:00:00,0,0.953,1074869.975
2012-18-04 04:00:00,0,1.362,1188515.041
2012-18-04 05:00:00,0,1.336,1293122.193
2012-18-04 06:00:00,0,0.874,1383894.502
2012-18-04 07:00:00,0,0.193,1462949.743
2012-18-04 08:00:00,0,-0.67,1532426.855
2012-18-04 09:00:00,0,-1.339,1595173.126
2012-18-04 10:00:00,0,-1.882,1650217.213
2012-18-04 11:00:00,0,-1.821,1697465.342
2012-18-04 12:00:00,0,-1.409,1739827.718
2012-18-04 13:00:00,0.201,-0.747,1778422.492
2012-18-04 14:00:00,0,-0.037,1813767.242
2012-18-04 15:00:00,0,0.798,1847897.926
2012-18-04 16:00:00,0,1.291,1883712.709
2012-18-04 17:00:00,0,1.51,1920892.205
2012-18-04 18:00:00,0,1.211,1957027.682
2012-18-04 19:00:00,0,0.515,1989739.381
2012-18-04 20:00:00,0,-0.296,2017942.057
2012-18-04 21:00:00,0,-1.076,2043344.211
2012-18-04 22:00:00,0,-1.708,2067077.602
2012-18-04 23:00:00,0,-1.858,2089912.838
2012-19-04 00:00:00,0,-1.566,2112298.107
2012-19-04 01:00:00,0,-0.877,2134115.105
2012-19-04 02:00:00,0,-0.085,2155521.871
2012-19-04 03:00:00,0,0.607,2177543.629
2012-19-04 04:00:00,0,1.27,2201844.836
2012-19-04 05:00:00,0,1.59,2229441.016
2012-19-04 06:00:00,0,1.528,2257789.395
2012-19-04 07:00:00,0,0.812,2284166.852
2012-19-04 08:00:00,0,-0.046,2306414.516
2012-19-04 09:00:00,0,-0.927,2325346.773
2012-19-04 10:00:00,0,-1.624,2342900.734
2012-19-04 11:00:00,0,-1.986,2359833.516
2012-19-04 12:00:00,0.201,-1.746,2376238.578
2012-19-04 13:00:00,1.809,-1.179,2392331.145
2012-19-04 14:00:00,0.402,-0.363,2408301.176
2012-19-04 15:00:00,0.201,0.413,2424837.098
2012-19-04 16:00:00,0.201,1.211,2443519.836
2012-19-04 17:00:00,0,1.613,2466167.508
2012-19-04 18:00:00,0,1.632,2490176.352
2012-19-04 19:00:00,0,1.144,2513341.895
2012-19-04 20:00:00,0,0.303,2534608.023
2012-19-04 21:00:00,0,-0.528,2553371.047
2012-19-04 22:00:00,0,-1.378,2571253.344
2012-19-04 23:00:00,0,-1.936,2589049.484
2012-20-04 00:00:00,0.201,-1.869,2607174.266
2012-20-04 01:00:00,0,-1.284,2625014.523
2012-20-04 02:00:00,0,-0.477,2642659.695
2012-20-04 03:00:00,0,0.23,2660608.055
2012-20-04 04:00:00,0,1.117,2680207.82
2012-20-04 05:00:00,0,1.696,2704248.133
2012-20-04 06:00:00,0,1.823,2730587.289
2012-20-04 07:00:00,0,1.395,2755944.25
2012-20-04 08:00:00,0,0.566,2778030.328
2012-20-04 09:00:00,0,-0.372,2796122.969
2012-20-04 10:00:00,0,-1.215,2811651.984
2012-20-04 11:00:00,0.201,-1.862,2825960.188
2012-20-04 12:00:00,0,-1.968,2839787.297
2012-20-04 13:00:00,0,-1.459,2853342.547
2012-20-04 14:00:00,0,-0.651,2866652.531
2012-20-04 15:00:00,0,0.175,2879938.18
2012-20-04 16:00:00,0,0.938,2894490.891
2012-20-04 17:00:00,0,1.653,2912992.719
2012-20-04 18:00:00,2.01,1.902,2934341.25
2012-20-04 19:00:00,0.201,1.658,2955700.5
2012-20-04 20:00:00,0,0.918,2974598.078
2012-20-04 21:00:00,0,0.025,2989935.602
2012-20-04 22:00:00,0,-0.93,3002274.148
2012-20-04 23:00:00,0,-1.797,3013319.172
2012-21-04 00:00:00,0,-2.053,3023746.813
2012-21-04 01:00:00,0,-1.698,3033836.617
2012-21-04 02:00:00,0,-1.017,3043712.164
2012-21-04 03:00:00,0,-0.203,3053457.555
2012-21-04 04:00:00,0,0.637,3063882.477
2012-21-04 05:00:00,0,1.409,3077511.531
2012-21-04 06:00:00,0,1.854,3094843.867
2012-21-04 07:00:00,0,1.742,3113218.859
2012-21-04 08:00:00,0,1.045,3129599.109
2012-21-04 09:00:00,0,0.14,3142233.445
2012-21-04 10:00:00,0.603,-0.706,3151447.672
2012-21-04 11:00:00,0,-1.617,3159202.133
2012-21-04 12:00:00,0,-2.078,3166334.672
2012-21-04 13:00:00,0,-1.772,3173254.492
2012-21-04 14:00:00,0,-1.126,3180069.273
2012-21-04 15:00:00,0,-0.293,3186705.758
2012-21-04 16:00:00,0,0.484,3193658.531
2012-21-04 17:00:00,0,1.28,3203147.141
2012-21-04 18:00:00,0,1.808,3216486.25
2012-21-04 19:00:00,0,1.905,3231530.055
2012-21-04 20:00:00,0,1.346,3245760.547
2012-21-04 21:00:00,0,0.39,3256628.477
2012-21-04 22:00:00,0,-0.473,3263596.133
2012-21-04 23:00:00,0,-1.415,3268401.602
2012-22-04 00:00:00,0,-1.973,3272194.797
2012-22-04 01:00:00,0,-1.968,3275616.867
2012-22-04 02:00:00,0.201,-1.456,3278846.773
2012-22-04 03:00:00,0,-0.654,3281760.781
2012-22-04 04:00:00,0,0.181,3284772.031
2012-22-04 05:00:00,0,1.021,3289349.789
2012-22-04 06:00:00,0,1.585,3297778.906
2012-22-04 07:00:00,0,1.822,3308371.938
2012-22-04 08:00:00,0,1.358,3318829.078
2012-22-04 09:00:00,0,0.539,3326496.391
2012-22-04 10:00:00,0,-0.324,3330617.859
2012-22-04 11:00:00,0.603,-1.27,3332440.594
2012-22-04 12:00:00,0,-2.007,3333467.547
2012-22-04 13:00:00,0,-2.082,3334313.859
2012-22-04 14:00:00,0.201,-1.526,3335200.563
2012-22-04 15:00:00,0.603,-0.77,3336160.906
2012-22-04 16:00:00,0,0.128,3337292.234
2012-22-04 17:00:00,0,0.847,3339769.391
2012-22-04 18:00:00,0,1.56,3345882.047
2012-22-04 19:00:00,0,1.938,3354972.453
2012-22-04 20:00:00,0,1.647,3364679.375
2012-22-04 21:00:00,0,0.818,3372028.859
2012-22-04 22:00:00,0,0.035,3375656.656
2012-22-04 23:00:00,0,-0.869,3376285.5
2012-23-04 00:00:00,0,-1.746,3375562.828
2012-23-04 01:00:00,0,-2.033,3374417.156
2012-23-04 02:00:00,0,-1.697,3373157.813
2012-23-04 03:00:00,0,-1.057,3371829.469
2012-23-04 04:00:00,0,-0.152,3370568.969
2012-23-04 05:00:00,0,0.644,3370131.875
2012-23-04 06:00:00,0,1.387,3372820.07
2012-23-04 07:00:00,0,1.786,3378821.617
2012-23-04 08:00:00,0,1.803,3386002.086
2012-23-04 09:00:00,0,1.133,3391971.547
2012-23-04 10:00:00,0,0.184,3394584.922
2012-23-04 11:00:00,0,-0.606,3393836.016
2012-23-04 12:00:00,0,-1.493,3391516.25
2012-23-04 13:00:00,0,-1.963,3388675.055
2012-23-04 14:00:00,0.201,-1.709,3385696.789
2012-23-04 15:00:00,0.201,-1.056,3382670.422
2012-23-04 16:00:00,0.201,-0.291,3379716.25
2012-23-04 17:00:00,0,0.505,3377399.508
2012-23-04 18:00:00,0.402,1.205,3377723.195
2012-23-04 19:00:00,0,1.689,3381552.547
2012-23-04 20:00:00,0,1.797,3387076.016
2012-23-04 21:00:00,0,1.218,3392079.313
2012-23-04 22:00:00,0,0.355,3394261.219
2012-23-04 23:00:00,0,-0.471,3393198.078
2012-24-04 00:00:00,0,-1.371,3390348.938
2012-24-04 01:00:00,0,-2.079,3386934.867
2012-24-04 02:00:00,0,-2.051,3383373.938
2012-24-04 03:00:00,0,-1.539,3379693.336
2012-24-04 04:00:00,0,-0.813,3375932.039
2012-24-04 05:00:00,0,-0.048,3372323.242
2012-24-04 06:00:00,0,0.747,3369717.746
2012-24-04 07:00:00,0,1.265,3370219.719
2012-24-04 08:00:00,0,1.502,3372928.445
2012-24-04 09:00:00,0,1.211,3375816.313
2012-24-04 10:00:00,0,0.544,3376871.512
2012-24-04 11:00:00,0,-0.374,3374868.707
2012-24-04 12:00:00,0,-1.192,3370552.91
2012-24-04 13:00:00,0,-1.84,3365463.613
2012-24-04 14:00:00,0,-1.851,3360163.695
2012-24-04 15:00:00,0,-1.377,3354801.402
2012-24-04 16:00:00,0,-0.788,3349425.777
2012-24-04 17:00:00,0.201,0.091,3344246.66
2012-24-04 18:00:00,0,0.776,3340382.184
2012-24-04 19:00:00,0,1.411,3339877.129
2012-24-04 20:00:00,0,1.729,3342071.695
2012-24-04 21:00:00,0,1.49,3344847.305
2012-24-04 22:00:00,0,0.789,3345869.971
2012-24-04 23:00:00,0,0.052,3343932.471
2012-25-04 00:00:00,0,-0.751,3339449.736
2012-25-04 01:00:00,0,-1.603,3333772.479
2012-25-04 02:00:00,0,-1.906,3327827.014
2012-25-04 03:00:00,0,-1.601,3321882.379
2012-25-04 04:00:00,0,-1.036,3315919.172
2012-25-04 05:00:00,0,-0.315,3310035.248
2012-25-04 06:00:00,0,0.368,3304714.543
2012-25-04 07:00:00,0,1.09,3301582.174
2012-25-04 08:00:00,0,1.449,3301902.883
2012-25-04 09:00:00,0,1.572,3303595.947
2012-25-04 10:00:00,0.402,1.059,3304865.247
2012-25-04 11:00:00,1.809,0.256,3303627.145
2012-25-04 12:00:00,0.201,-0.475,3299443.851
2012-25-04 13:00:00,0.804,-1.149,3293773.334
2012-25-04 14:00:00,1.608,-1.606,3287674.682
2012-25-04 15:00:00,1.206,-1.426,3281557.433
2012-25-04 16:00:00,0.603,-0.814,3275704.666
2012-25-04 17:00:00,0.603,-0.187,3270433.23
2012-25-04 18:00:00,1.608,0.47,3266452.135
2012-25-04 19:00:00,0.804,1.12,3266316.064
2012-25-04 20:00:00,0,1.515,3272487.695
2012-25-04 21:00:00,0,1.657,3282918.52
2012-25-04 22:00:00,0,1.261,3295025.27
2012-25-04 23:00:00,0.402,0.52,3306638.4
2012-26-04 00:00:00,0.201,-0.213,3315853.29
2012-26-04 01:00:00,0.402,-0.959,3322764.754
2012-26-04 02:00:00,0.402,-1.581,3328596.82
2012-26-04 03:00:00,0,-1.662,3334076.391
2012-26-04 04:00:00,0,-1.241,3339647.533
2012-26-04 05:00:00,0,-0.682,3345456.842
2012-26-04 06:00:00,0,-0.101,3351891.725
2012-26-04 07:00:00,0,0.561,3359617.131
2012-26-04 08:00:00,0.201,1.064,3369983.738
2012-26-04 09:00:00,0,1.299,3382876.564
2012-26-04 10:00:00,0,1.174,3396270.994
2012-26-04 11:00:00,0,0.529,3408368.871
2012-26-04 12:00:00,0.201,-0.127,3417706.984
2012-26-04 13:00:00,0.201,-0.737,3424922.957
2012-26-04 14:00:00,0,-1.294,3431069.168
2012-26-04 15:00:00,0.804,-1.495,3436531.617
2012-26-04 16:00:00,0,-1.281,3441576.672
2012-26-04 17:00:00,0,-0.706,3446403.711
2012-26-04 18:00:00,0,-0.026,3451103.848
2012-26-04 19:00:00,0,0.436,3456498.805
2012-26-04 20:00:00,0,0.971,3463561.922
2012-26-04 21:00:00,0,1.262,3472755.277
2012-26-04 22:00:00,0,1.153,3482463.879
2012-26-04 23:00:00,0,0.706,3491063.367
2012-27-04 00:00:00,0,0.031,3497288.785
2012-27-04 01:00:00,0,-0.644,3501075.301
2012-27-04 02:00:00,0,-1.286,3503615.926
2012-27-04 03:00:00,0,-1.615,3505463.336
2012-27-04 04:00:00,0,-1.551,3506849.941
2012-27-04 05:00:00,0,-1.175,3508083.328
2012-27-04 06:00:00,0,-0.579,3509225.77
2012-27-04 07:00:00,0,-0.157,3510414.496
2012-27-04 08:00:00,0,0.424,3511948.262
2012-27-04 09:00:00,0,0.789,3515049.797
2012-27-04 10:00:00,0,1.023,3519951.23
2012-27-04 11:00:00,0,0.741,3525154.059
2012-27-04 12:00:00,0,0.182,3528619.895
2012-27-04 13:00:00,0,-0.494,3529759.27
2012-27-04 14:00:00,0,-0.906,3529466.234
2012-27-04 15:00:00,0,-1.254,3528584.012
2012-27-04 16:00:00,0,-1.311,3527419.303
2012-27-04 17:00:00,0,-1.09,3526036.525
2012-27-04 18:00:00,0,-0.531,3524494.533
2012-27-04 19:00:00,0,-0.085,3522981.281
2012-27-04 20:00:00,0,0.416,3521995.621
2012-27-04 21:00:00,0,0.825,3522542.33
2012-27-04 22:00:00,0,1.04,3524970.107
2012-27-04 23:00:00,0,0.802,3527690.945
2012-28-04 00:00:00,0,0.356,3528928.152
2012-28-04 01:00:00,0,-0.186,3528021.535
2012-28-04 02:00:00,0,-0.76,3525595.859
2012-28-04 03:00:00,0,-1.231,3522423.879
2012-28-04 04:00:00,0,-1.569,3518892.913
2012-28-04 05:00:00,0,-1.436,3514972.71
2012-28-04 06:00:00,0,-0.995,3510856.779
2012-28-04 07:00:00,0,-0.661,3506761.653
2012-28-04 08:00:00,0,-0.214,3502801.13
2012-28-04 09:00:00,0,0.31,3499245.316
2012-28-04 10:00:00,0,0.663,3496943.188
2012-28-04 11:00:00,0,0.758,3496125.662
2012-28-04 12:00:00,0,0.568,3495596.848
2012-28-04 13:00:00,0,0.004,3493807.69
2012-28-04 14:00:00,0,-0.479,3490278.715
2012-28-04 15:00:00,0,-0.847,3485555.786
2012-28-04 16:00:00,0,-1.103,3480271.452
2012-28-04 17:00:00,0,-1.137,3474747.771
2012-28-04 18:00:00,0,-0.955,3469120.972
2012-28-04 19:00:00,0,-0.458,3463497.874
2012-28-04 20:00:00,0,-0.141,3458109.584
2012-28-04 21:00:00,0,0.414,3453213.219
2012-28-04 22:00:00,0,0.744,3449840.085
2012-28-04 23:00:00,0,0.828,3447957.718
2012-29-04 00:00:00,0,0.685,3446263.506
2012-29-04 01:00:00,0,0.337,3443571.109
2012-29-04 02:00:00,0,-0.168,3439290.217
2012-29-04 03:00:00,0,-0.715,3433685.023
2012-29-04 04:00:00,0,-1.13,3427352.913
2012-29-04 05:00:00,0,-1.308,3420601.975
2012-29-04 06:00:00,0,-1.265,3413583.564
2012-29-04 07:00:00,0,-0.928,3406456.177
2012-29-04 08:00:00,0,-0.636,3399341.33
2012-29-04 09:00:00,0,-0.187,3392371.03
2012-29-04 10:00:00,0,0.31,3385938.162
2012-29-04 11:00:00,0,0.607,3380802.898
2012-29-04 12:00:00,0,0.59,3376784.61
2012-29-04 13:00:00,0,0.469,3372691.049
2012-29-04 14:00:00,0,0.129,3367744.946
2012-29-04 15:00:00,0,-0.328,3361483.668
2012-29-04 16:00:00,0,-0.7,3354125.573
2012-29-04 17:00:00,0,-1.048,3346211.953
2012-29-04 18:00:00,0,-1.232,3337947.553
2012-29-04 19:00:00,0,-0.991,3329464.576
2012-29-04 20:00:00,0,-0.604,3320937.999
2012-29-04 21:00:00,0,-0.357,3312487.728
2012-29-04 22:00:00,0.201,0.045,3304203.552
2012-29-04 23:00:00,1.809,0.48,3296568.745
2012-30-04 00:00:00,0.603,0.657,3290217.842
2012-30-04 01:00:00,0.402,0.494,3284538.936
2012-30-04 02:00:00,0.201,0.22,3278227.029
2012-30-04 03:00:00,0,-0.279,3270861.286
2012-30-04 04:00:00,0.201,-0.647,3262492.432
2012-30-04 05:00:00,0.201,-1.1,3253655.239
2012-30-04 06:00:00,0,-1.433,3244532.037
2012-30-04 07:00:00,0,-1.497,3235239.604
2012-30-04 08:00:00,0,-1.26,3225856.477
2012-30-04 09:00:00,0,-0.887,3216458.638
2012-30-04 10:00:00,0,-0.342,3207164.15
2012-30-04 11:00:00,0.201,-0.035,3198235.084
2012-30-04 12:00:00,0.402,0.387,3189911.665
2012-30-04 13:00:00,0,0.591,3182753.983
2012-30-04 14:00:00,0,0.52,3176342.299
2012-30-04 15:00:00,0,0.171,3169520.695
2012-30-04 16:00:00,0.402,-0.301,3161570.916
2012-30-04 17:00:00,0.201,-0.684,3152675.447
2012-30-04 18:00:00,0,-1.076,3143316.01
2012-30-04 19:00:00,0,-1.193,3133737.58
2012-30-04 20:00:00,0,-1.114,3124110.028
2012-30-04 21:00:00,0,-0.762,3114504.97
2012-30-04 22:00:00,0,-0.396,3104960.096
2012-30-04 23:00:00,0,0.158,3095713.265
05/01/2012 00:00,0,0.549,3087538.694
05/01/2012 01:00,0,0.822,3081013.062
05/01/2012 02:00,0,0.792,3075756.099
05/01/2012 03:00,0,0.572,3070202.653
05/01/2012 04:00,0,0.044,3063231.689
05/01/2012 05:00,0,-0.477,3054571.749
05/01/2012 06:00,0,-1.051,3044912.659
05/01/2012 07:00,0,-1.428,3034787.414
05/01/2012 08:00,0.402,-1.518,3024497.991
05/01/2012 09:00,0.603,-1.379,3014106.406
05/01/2012 10:00,0,-0.956,3003712.527
05/01/2012 11:00,0,-0.47,2993448.394
05/01/2012 12:00,0,0.138,2983571.315
05/01/2012 13:00,0.201,0.657,2974867.838
05/01/2012 14:00,0,0.939,2968327.26
05/01/2012 15:00,0,0.897,2963041.351
05/01/2012 16:00,0,0.471,2957139.063
05/01/2012 17:00,0,-0.045,2949265.634
05/01/2012 18:00,0,-0.518,2939797.58
05/01/2012 19:00,0.402,-1.045,2929559.085
05/01/2012 20:00,1.005,-1.376,2918966.426
05/01/2012 21:00,0.402,-1.332,2908267.488
05/01/2012 22:00,0,-0.899,2897631.658
05/01/2012 23:00,0,-0.452,2887179.386
05/02/2012 00:00,0,0.089,2877115.209
05/02/2012 01:00,0,0.66,2868109.055
05/02/2012 02:00,0,0.96,2861404.972
05/02/2012 03:00,0,1.006,2856181.42
05/02/2012 04:00,0,0.739,2850781.574
05/02/2012 05:00,0,0.147,2843762.927
05/02/2012 06:00,0,-0.489,2834564.817
05/02/2012 07:00,0,-1.147,2824202.256
05/02/2012 08:00,0,-1.636,2813424.41
05/02/2012 09:00,0,-1.763,2802597.974
05/02/2012 10:00,0,-1.553,2791800.843
05/02/2012 11:00,0,-1.008,2781046.642
05/02/2012 12:00,0,-0.384,2770423.841
05/02/2012 13:00,0,0.373,2760315.965
05/02/2012 14:00,0,1.001,2752240.775
05/02/2012 15:00,0,1.306,2747288.586
05/02/2012 16:00,0,1.17,2743152.861
05/02/2012 17:00,0,0.635,2737811.098
05/02/2012 18:00,0,-0.006,2729992.519
05/02/2012 19:00,0,-0.64,2720049.696
05/02/2012 20:00,0,-1.291,2709072.775
05/02/2012 21:00,0,-1.682,2697593.262
05/02/2012 22:00,0,-1.656,2685883.486
05/02/2012 23:00,0,-1.047,2674064.108
05/03/2012 00:00,0,-0.41,2662322.423
05/03/2012 01:00,0,0.224,2651044.554
05/03/2012 02:00,0,0.923,2641332.336
05/03/2012 03:00,0.603,1.285,2634929.031
05/03/2012 04:00,0.603,1.339,2629993.493
05/03/2012 05:00,0,0.992,2624715.254
05/03/2012 06:00,0,0.252,2617490.596
05/03/2012 07:00,0,-0.637,2607458.848
05/03/2012 08:00,0,-1.441,2595956.461
05/03/2012 09:00,0,-1.972,2584014.629
05/03/2012 10:00,0,-2.056,2571992.06
05/03/2012 11:00,0,-1.669,2559977.046
05/03/2012 12:00,0,-0.971,2547988.053
05/03/2012 13:00,0,-0.204,2536164.732
05/03/2012 14:00,0,0.763,2525253.259
05/03/2012 15:00,0,1.465,2518204.783
05/03/2012 16:00,0,1.752,2514407.576
05/03/2012 17:00,0,1.458,2511060.019
05/03/2012 18:00,0,0.835,2505801.183
05/03/2012 19:00,0,0.041,2497640.293
05/03/2012 20:00,0,-0.862,2486749.411
05/03/2012 21:00,0,-1.71,2474640.765
05/03/2012 22:00,0,-2.009,2462183.029
05/03/2012 23:00,0,-1.74,2449699.905
05/04/2012 00:00,0,-1.145,2437251.107
05/04/2012 01:00,0,-0.344,2424882.561
05/04/2012 02:00,0,0.446,2413056.586
05/04/2012 03:00,0,1.267,2403831.581
05/04/2012 04:00,0,1.726,2398741.553
05/04/2012 05:00,0,1.681,2395130.634
05/04/2012 06:00,0,1.068,2390358.098
05/04/2012 07:00,0,0.173,2382513.758
05/04/2012 08:00,0,-0.731,2371488.644
05/04/2012 09:00,1.005,-1.742,2359059.64
05/04/2012 10:00,0.201,-2.335,2346241.167
05/04/2012 11:00,0,-2.27,2333429.913
05/04/2012 12:00,0,-1.685,2320714.934
05/04/2012 13:00,0,-0.823,2308113.214
05/04/2012 14:00,0,0.16,2295770.245
05/04/2012 15:00,0,1.161,2285308.637
05/04/2012 16:00,0,1.804,2279858.639
05/04/2012 17:00,0,2.041,2277125.014
05/04/2012 18:00,0,1.608,2274406.298
05/04/2012 19:00,0,0.663,2268677.836
05/04/2012 20:00,0,-0.267,2259036.519
05/04/2012 21:00,0,-1.357,2246912.61
05/04/2012 22:00,0,-2.335,2233994.172
05/04/2012 23:00,0,-2.377,2220946.468
05/05/2012 00:00,0,-1.945,2207923.953
05/05/2012 01:00,0,-1.154,2194945.869
05/05/2012 02:00,0,-0.215,2182106.87
05/05/2012 03:00,0,0.744,2170180.021
05/05/2012 04:00,0,1.608,2162372.976
05/05/2012 05:00,0,2.09,2158903.737
05/05/2012 06:00,0,1.849,2156705.622
05/05/2012 07:00,0,1.045,2152229.055
05/05/2012 08:00,0,-0.014,2143796.214
05/05/2012 09:00,0,-1.054,2131976.999
05/05/2012 10:00,0,-2.189,2118952.971
05/05/2012 11:00,0,-2.651,2105696.451
05/05/2012 12:00,0,-2.344,2092412.954
05/05/2012 13:00,0,-1.644,2079144.294
05/05/2012 14:00,0,-0.55,2065939.407
05/05/2012 15:00,0,0.516,2053254.918
05/05/2012 16:00,0,1.563,2044105.102
05/05/2012 17:00,0,2.207,2040542.464
05/05/2012 18:00,0,2.346,2039639.104
05/05/2012 19:00,0,1.656,2037790.437
05/05/2012 20:00,0,0.557,2031560.807
05/05/2012 21:00,0,-0.527,2020877.302
05/05/2012 22:00,0,-1.715,2007881.822
05/05/2012 23:00,0,-2.525,1994284.436
05/06/2012 00:00,0,-2.512,1980643.237
05/06/2012 01:00,0,-1.87,1967063.781
05/06/2012 02:00,0,-0.917,1953562.582
05/06/2012 03:00,0,0.154,1940325.555
05/06/2012 04:00,0,1.2,1929086.911
05/06/2012 05:00,0,2.005,1923575.971
05/06/2012 06:00,0,2.415,1921973.264
05/06/2012 07:00,0,2.053,1921203.019
05/06/2012 08:00,0,0.955,1916869.453
05/06/2012 09:00,0,-0.111,1907585.583
05/06/2012 10:00,0,-1.292,1895086.431
05/06/2012 11:00,0,-2.403,1881570.209
05/06/2012 12:00,0,-2.682,1867867.331
05/06/2012 13:00,0,-2.207,1854145.281
05/06/2012 14:00,0,-1.414,1840459.224
05/06/2012 15:00,0,-0.197,1826885.658
05/06/2012 16:00,0,0.897,1814393.522
05/06/2012 17:00,0,1.934,1807279.808
05/06/2012 18:00,0,2.546,1805735.657
05/06/2012 19:00,0,2.424,1806477.435
05/06/2012 20:00,0,1.502,1804552.143
05/06/2012 21:00,0,0.396,1797354.562
05/06/2012 22:00,0,-0.775,1785839.723
05/06/2012 23:00,0,-2.105,1772408.205
05/07/2012 00:00,0,-2.737,1758555.882
05/07/2012 01:00,0.804,-2.493,1744713.715
05/07/2012 02:00,2.412,-1.705,1730958.142
05/07/2012 03:00,2.613,-0.69,1717357.414
05/07/2012 04:00,3.015,0.397,1704349.077
05/07/2012 05:00,3.417,1.526,1694863.358
05/07/2012 06:00,0.603,2.372,1692507.715
05/07/2012 07:00,0.402,2.612,1694803.62
05/07/2012 08:00,0,2.013,1697151.691
05/07/2012 09:00,0,0.963,1695137.294
05/07/2012 10:00,0,-0.155,1688430.896
05/07/2012 11:00,0,-1.379,1679142.122
05/07/2012 12:00,0,-2.427,1670451.114
05/07/2012 13:00,0.603,-2.463,1663665.029
05/07/2012 14:00,0.201,-1.836,1659035.124
05/07/2012 15:00,0,-0.915,1655530.311
05/07/2012 16:00,0,0.203,1652582.642
05/07/2012 17:00,0,1.236,1651830.571
05/07/2012 18:00,0,2.282,1657646.84
05/07/2012 19:00,0,2.726,1668900.692
05/07/2012 20:00,4.02,2.406,1681369.819
05/07/2012 21:00,0,1.323,1689755.417
05/07/2012 22:00,0,0.18,1692497.266
05/07/2012 23:00,0,-0.976,1691214.167
05/08/2012 00:00,0.201,-2.282,1688709.607
05/08/2012 01:00,0,-2.754,1686123.645
05/08/2012 02:00,0,-2.309,1683769.417
05/08/2012 03:00,0,-1.608,1681591.075
05/08/2012 04:00,0,-0.515,1679532.925
05/08/2012 05:00,0,0.589,1678032.254
05/08/2012 06:00,0,1.58,1680315.543
05/08/2012 07:00,0,2.212,1688222.538
05/08/2012 08:00,0,2.341,1698638.098
05/08/2012 09:00,0,1.637,1707654.695
05/08/2012 10:00,0,0.561,1711591.212
05/08/2012 11:00,0,-0.532,1710694.683
05/08/2012 12:00,0,-1.742,1707589.543
05/08/2012 13:00,0,-2.544,1703480.705
05/08/2012 14:00,0,-2.325,1699006.653
05/08/2012 15:00,0,-1.674,1694298.716
05/08/2012 16:00,0,-0.813,1689391.448
05/08/2012 17:00,0,0.275,1684610.916
05/08/2012 18:00,0,1.303,1682159.935
05/08/2012 19:00,0,2.211,1685776.967
05/08/2012 20:00,0,2.497,1693660.885
05/08/2012 21:00,0,2.018,1701363.933
05/08/2012 22:00,0,0.927,1704273.518
05/08/2012 23:00,0,-0.091,1701806.003
05/09/2012 00:00,0,-1.279,1695989.802
05/09/2012 01:00,0,-2.406,1688886.311
05/09/2012 02:00,0,-2.666,1681383.264
05/09/2012 03:00,0,-2.202,1673679.168
05/09/2012 04:00,0,-1.443,1665917.132
05/09/2012 05:00,0,-0.365,1658166.762
05/09/2012 06:00,0,0.58,1651051.874
05/09/2012 07:00,0,1.488,1647471.985
05/09/2012 08:00,0,2.101,1649051.134
05/09/2012 09:00,0,2.11,1652934.533
05/09/2012 10:00,0,1.339,1655065.983
05/09/2012 11:00,0,0.378,1652712.003
05/09/2012 12:00,0,-0.573,1646330.106
05/09/2012 13:00,0,-1.709,1638026.246
05/09/2012 14:00,0,-2.211,1629098.801
05/09/2012 15:00,0,-1.878,1620121.281
05/09/2012 16:00,0,-1.397,1611196.717
05/09/2012 17:00,0,-0.481,1602318.645
05/09/2012 18:00,0.201,0.489,1593935.489
05/09/2012 19:00,0,1.347,1588613.64
05/09/2012 20:00,0,2.114,1588762.855
05/09/2012 21:00,0,2.343,1592484.259
05/09/2012 22:00,0,1.653,1595456.646
05/09/2012 23:00,0.201,0.681,1593693.908
05/10/2012 00:00,0,-0.185,1587510.711
05/10/2012 01:00,0.804,-1.255,1578859.507
05/10/2012 02:00,0.402,-2.257,1569340.06
05/10/2012 03:00,0.201,-2.27,1559715.56
05/10/2012 04:00,0.804,-1.895,1550213.456
05/10/2012 05:00,0.603,-1.14,1540921.302
05/10/2012 06:00,0.603,-0.16,1531964.185
05/10/2012 07:00,0.804,0.548,1524059.436
05/10/2012 08:00,0.804,1.377,1519365.676
05/10/2012 09:00,0.402,1.999,1519909.179
05/10/2012 10:00,0.201,1.823,1522782.427
05/10/2012 11:00,1.608,1.093,1523632.886
05/10/2012 12:00,0.603,0.32,1520957.603
05/10/2012 13:00,0,-0.582,1515348.009
05/10/2012 14:00,0,-1.5,1508832.904
05/10/2012 15:00,0,-1.805,1502653.231
05/10/2012 16:00,0,-1.561,1497471.283
05/10/2012 17:00,0.201,-1.141,1493484.333
05/10/2012 18:00,0,-0.261,1490664.169
05/10/2012 19:00,0,0.464,1489697.788
05/10/2012 20:00,0.201,1.153,1491963.773
05/10/2012 21:00,0.402,1.806,1498801.555
05/10/2012 22:00,0.201,1.924,1508483.357
05/10/2012 23:00,0,1.279,1516989.258
05/11/2012 00:00,0,0.404,1521330.271
05/11/2012 01:00,0,-0.362,1521553.319
05/11/2012 02:00,0,-1.379,1519900.962
05/11/2012 03:00,0,-2.108,1517629.715
05/11/2012 04:00,0,-2.157,1514884.593
05/11/2012 05:00,0,-1.791,1511889.282
05/11/2012 06:00,0,-1.142,1508744.631
05/11/2012 07:00,0,-0.476,1505632.008
05/11/2012 08:00,0,0.17,1502886.946
05/11/2012 09:00,0,0.982,1501514.678
05/11/2012 10:00,0,1.366,1503952.094
05/11/2012 11:00,0,1.126,1507647.712
05/11/2012 12:00,0.201,0.567,1509484.496
05/11/2012 13:00,0,-0.085,1508051.022
05/11/2012 14:00,0,-0.835,1504644.746
05/11/2012 15:00,0,-1.535,1500266.404
05/11/2012 16:00,0,-1.747,1495503.113
05/11/2012 17:00,0,-1.523,1490477.621
05/11/2012 18:00,0,-1.156,1485260.879
05/11/2012 19:00,0,-0.463,1480032.037
05/11/2012 20:00,0,0.102,1475131.379
05/11/2012 21:00,0,0.83,1471381.138
05/11/2012 22:00,0,1.34,1470990.585
05/11/2012 23:00,0,1.273,1472729.587
05/12/2012 00:00,0,0.797,1473196.361
05/12/2012 01:00,0,0.191,1470635.432
05/12/2012 02:00,0,-0.522,1465688.874
05/12/2012 03:00,0,-1.376,1459494.475
05/12/2012 04:00,0,-1.967,1452591.085
05/12/2012 05:00,0,-1.988,1445422.433
05/12/2012 06:00,0,-1.652,1438229.794
05/12/2012 07:00,0,-1.132,1430990.017
05/12/2012 08:00,0,-0.732,1423688.428
05/12/2012 09:00,0,0.024,1416545.86
05/12/2012 10:00,0,0.663,1410572.921
05/12/2012 11:00,0,0.97,1407029.75
05/12/2012 12:00,0,0.863,1405177.412
05/12/2012 13:00,0,0.422,1402078.535
05/12/2012 14:00,0,-0.162,1396836.591
05/12/2012 15:00,0,-0.693,1390218.214
05/12/2012 16:00,0,-1.193,1382899.735
05/12/2012 17:00,0,-1.463,1375241.398
05/12/2012 18:00,0,-1.311,1367419.207
05/12/2012 19:00,0,-1.01,1359539.856
05/12/2012 20:00,0,-0.515,1351670.163
05/12/2012 21:00,0,0.024,1344123.523
05/12/2012 22:00,0,0.655,1337672.396
05/12/2012 23:00,0,1.015,1333608.559
2012-13-05 00:00:00,0,1.039,1331453.18
2012-13-05 01:00:00,0,0.762,1328856.03
2012-13-05 02:00:00,0,0.239,1324035.243
2012-13-05 03:00:00,0,-0.405,1317252.489
2012-13-05 04:00:00,0,-1.063,1309279.377
2012-13-05 05:00:00,0,-1.53,1300757.525
2012-13-05 06:00:00,0,-1.556,1292030.689
2012-13-05 07:00:00,0,-1.404,1283233.258
2012-13-05 08:00:00,0,-0.982,1274454.198
2012-13-05 09:00:00,0,-0.512,1265808.952
2012-13-05 10:00:00,0,0.16,1257592.27
2012-13-05 11:00:00,0,0.639,1250722.214
2012-13-05 12:00:00,0,1.019,1245968.403
2012-13-05 13:00:00,0,0.985,1243212.379
2012-13-05 14:00:00,0,0.712,1239926.862
2012-13-05 15:00:00,0,0.35,1234655.181
2012-13-05 16:00:00,0,-0.139,1227858.106
2012-13-05 17:00:00,0.201,-0.618,1219869.671
2012-13-05 18:00:00,0.804,-0.905,1211200.628
2012-13-05 19:00:00,1.206,-0.901,1202270.749
2012-13-05 20:00:00,0.804,-0.615,1193380.766
2012-13-05 21:00:00,1.005,-0.249,1184754.866
2012-13-05 22:00:00,0.201,0.117,1176695.111
2012-13-05 23:00:00,0,0.556,1169751.172
2012-14-05 00:00:00,0,0.991,1164796.77
2012-14-05 01:00:00,0,1.095,1162323.398
2012-14-05 02:00:00,0,0.888,1160190.052
2012-14-05 03:00:00,0,0.42,1156283.002
2012-14-05 04:00:00,0.201,-0.186,1150104.451
2012-14-05 05:00:00,0,-0.771,1142468.584
2012-14-05 06:00:00,0,-1.158,1134181.699
2012-14-05 07:00:00,0,-1.375,1125797.587
2012-14-05 08:00:00,0,-1.297,1117510.467
2012-14-05 09:00:00,0,-0.872,1109356.093
2012-14-05 10:00:00,0,-0.455,1101409.389
2012-14-05 11:00:00,0.201,0.03,1093912.817
2012-14-05 12:00:00,0.402,0.56,1087589.633
2012-14-05 13:00:00,1.809,0.965,1083417.074
2012-14-05 14:00:00,0,0.923,1081337.364
2012-14-05 15:00:00,0,0.744,1078916.713
2012-14-05 16:00:00,0,0.249,1074936.746
2012-14-05 17:00:00,0,-0.298,1069274.295
2012-14-05 18:00:00,0.804,-0.682,1062545.443
2012-14-05 19:00:00,0,-1.005,1055307.077
2012-14-05 20:00:00,0,-1.106,1047934.282
2012-14-05 21:00:00,0,-0.948,1040655.407
2012-14-05 22:00:00,1.206,-0.557,1033603.476
2012-14-05 23:00:00,0.201,-0.026,1026895.375
2012-15-05 00:00:00,0,0.431,1021116.916
2012-15-05 01:00:00,0,0.814,1017043.946
2012-15-05 02:00:00,0,1.021,1014920.807
2012-15-05 03:00:00,0,0.786,1013651.862
2012-15-05 04:00:00,0,0.335,1010480.343
2012-15-05 05:00:00,0,-0.186,1005484.443
2012-15-05 06:00:00,0.201,-0.753,999266.3719
2012-15-05 07:00:00,0,-1.3,992374.8377
2012-15-05 08:00:00,0,-1.568,985222.1876
2012-15-05 09:00:00,0,-1.513,978046.6231
2012-15-05 10:00:00,0,-1.077,970931.2102
2012-15-05 11:00:00,0,-0.729,963870.0476
2012-15-05 12:00:00,0,-0.23,956979.6417
2012-15-05 13:00:00,0,0.338,950743.9039
2012-15-05 14:00:00,0.201,0.799,946214.788
2012-15-05 15:00:00,0,0.906,943725.0327
2012-15-05 16:00:00,0,0.604,941377.9817
2012-15-05 17:00:00,0,0.082,937299.2812
2012-15-05 18:00:00,0,-0.399,931560.0149
2012-15-05 19:00:00,0,-0.838,924901.5235
2012-15-05 20:00:00,0,-1.371,917810.9931
2012-15-05 21:00:00,0,-1.455,910445.9926
2012-15-05 22:00:00,0,-1.206,902933.2466
2012-15-05 23:00:00,0,-0.761,895416.2332
2012-16-05 00:00:00,0,-0.236,888084.8776
2012-16-05 01:00:00,0,0.329,881413.565
2012-16-05 02:00:00,0,0.762,876363.9926
2012-16-05 03:00:00,0,0.986,873308.5987
2012-16-05 04:00:00,0,0.794,871066.1056
2012-16-05 05:00:00,0,0.306,867246.6248
2012-16-05 06:00:00,0,-0.272,861466.6066
2012-16-05 07:00:00,0,-0.901,854343.1733
2012-16-05 08:00:00,0,-1.386,846468.4854
2012-16-05 09:00:00,0,-1.583,838323.4204
2012-16-05 10:00:00,0,-1.462,830148.1597
2012-16-05 11:00:00,0,-1.071,822021.2839
2012-16-05 12:00:00,0,-0.602,814018.9781
2012-16-05 13:00:00,0,0.029,806382.3776
2012-16-05 14:00:00,0,0.684,800059.5999
2012-16-05 15:00:00,0,1.072,796504.6093
2012-16-05 16:00:00,0,1.099,795120.0697
2012-16-05 17:00:00,0,0.766,793256.2567
2012-16-05 18:00:00,0,0.258,788899.9912
2012-16-05 19:00:00,0.201,-0.301,782611.6789
2012-16-05 20:00:00,0,-0.924,775144.5757
2012-16-05 21:00:00,0,-1.389,767084.1174
2012-16-05 22:00:00,0,-1.434,758841.3649
2012-16-05 23:00:00,0,-1.062,750613.3158
2012-17-05 00:00:00,0,-0.576,742524.918
2012-17-05 01:00:00,0,-0.035,734831.7188
2012-17-05 02:00:00,0.201,0.625,728292.0559
2012-17-05 03:00:00,0.402,1.061,724498.7383
2012-17-05 04:00:00,0.201,1.205,723290.908
2012-17-05 05:00:00,0.402,0.978,722454.4784
2012-17-05 06:00:00,0,0.474,719519.4086
2012-17-05 07:00:00,0.201,-0.225,714049.3871
2012-17-05 08:00:00,0.201,-0.88,706953.9473
2012-17-05 09:00:00,0,-1.414,699138.5251
2012-17-05 10:00:00,0,-1.516,691066.8022
2012-17-05 11:00:00,0,-1.342,682970.569
2012-17-05 12:00:00,0,-0.811,674955.0801
2012-17-05 13:00:00,0,-0.266,667196.105
2012-17-05 14:00:00,0,0.469,660240.3593
2012-17-05 15:00:00,0,1.09,656030.5254
2012-17-05 16:00:00,0,1.372,655491.8435
2012-17-05 17:00:00,0,1.341,656377.8978
2012-17-05 18:00:00,0,0.892,656124.9054
2012-17-05 19:00:00,0,0.264,652552.8148
2012-17-05 20:00:00,0,-0.37,646535.3483
2012-17-05 21:00:00,0,-1.095,639215.7119
2012-17-05 22:00:00,0,-1.497,631309.656
2012-17-05 23:00:00,0,-1.381,623273.4834
2012-18-05 00:00:00,0,-0.918,615265.8803
2012-18-05 01:00:00,0,-0.391,607432.5961
2012-18-05 02:00:00,0,0.288,600212.6231
2012-18-05 03:00:00,0,1.017,595239.4954
2012-18-05 04:00:00,0,1.303,594234.1801
2012-18-05 05:00:00,0,1.474,595236.1033
2012-18-05 06:00:00,0,1.129,596218.7624
2012-18-05 07:00:00,0,0.399,593980.2518
2012-18-05 08:00:00,0,-0.372,588409.5935
2012-18-05 09:00:00,0,-0.976,581201.9904
2012-18-05 10:00:00,0,-1.507,573376.1409
2012-18-05 11:00:00,0,-1.574,565401.8039
2012-18-05 12:00:00,0,-1.217,557481.7849
2012-18-05 13:00:00,0,-0.535,549715.5633
2012-18-05 14:00:00,0.201,0.044,542421.0423
2012-18-05 15:00:00,0,0.812,536694.3169
2012-18-05 16:00:00,0,1.314,535034.6713
2012-18-05 17:00:00,0,1.544,536768.0224
2012-18-05 18:00:00,0,1.276,539032.849
2012-18-05 19:00:00,0,0.69,538425.0758
2012-18-05 20:00:00,0,-0.047,534162.7609
2012-18-05 21:00:00,0,-0.839,527713.6386
2012-18-05 22:00:00,0,-1.563,520229.7059
2012-18-05 23:00:00,0,-1.749,512407.7831
2012-19-05 00:00:00,0,-1.533,504600.6832
2012-19-05 01:00:00,0,-0.967,496937.2383
2012-19-05 02:00:00,0,-0.292,489547.8914
2012-19-05 03:00:00,0,0.387,483027.5034
2012-19-05 04:00:00,0,1.034,479207.6013
2012-19-05 05:00:00,0.402,1.402,479431.5251
2012-19-05 06:00:00,0.201,1.271,481461.2684
2012-19-05 07:00:00,0,0.746,481450.164
2012-19-05 08:00:00,0,-0.021,477761.6495
2012-19-05 09:00:00,0,-0.823,471752.2728
2012-19-05 10:00:00,0,-1.486,464636.7892
2012-19-05 11:00:00,0,-1.873,457210.9492
2012-19-05 12:00:00,0,-1.661,449813.8648
2012-19-05 13:00:00,0,-1.152,442562.5444
2012-19-05 14:00:00,0,-0.387,435549.2576
2012-19-05 15:00:00,0,0.358,429310.1601
2012-19-05 16:00:00,0,1.059,426027.7324
2012-19-05 17:00:00,0,1.487,427445.952
2012-19-05 18:00:00,0,1.591,431804.6055
2012-19-05 19:00:00,0,1.115,435310.7178
2012-19-05 20:00:00,0,0.345,434108.0339
2012-19-05 21:00:00,0,-0.401,429445.5271
2012-19-05 22:00:00,0,-1.237,423150.0944
2012-19-05 23:00:00,0,-1.854,416199.8242
2012-20-05 00:00:00,0,-1.877,409166.5384
2012-20-05 01:00:00,0,-1.389,402261.548
2012-20-05 02:00:00,0,-0.609,395548.8522
2012-20-05 03:00:00,0,-0.018,389387.6589
2012-20-05 04:00:00,0,0.779,384883.0272
2012-20-05 05:00:00,0,1.288,385003.9734
2012-20-05 06:00:00,0,1.57,389058.8598
2012-20-05 07:00:00,0,1.234,393831.0016
2012-20-05 08:00:00,0,0.536,394337.1386
2012-20-05 09:00:00,0,-0.301,390812.3432
2012-20-05 10:00:00,0,-1.098,385242.6468
2012-20-05 11:00:00,0,-1.702,378876.1545
2012-20-05 12:00:00,0,-1.837,372354.1539
2012-20-05 13:00:00,0,-1.468,365953.7587
2012-20-05 14:00:00,0,-0.768,359793.2192
2012-20-05 15:00:00,0,0.066,354107.2531
2012-20-05 16:00:00,0,0.734,350293.8744
2012-20-05 17:00:00,0,1.433,351546.9203
2012-20-05 18:00:00,0,1.718,358692.1683
2012-20-05 19:00:00,0,1.582,367492.909
2012-20-05 20:00:00,0,0.869,371584.5924
2012-20-05 21:00:00,0,0.049,369598.307
2012-20-05 22:00:00,0,-0.704,364849.546
2012-20-05 23:00:00,0,-1.578,358905.4882
2012-21-05 00:00:00,0,-1.979,352631.9936
2012-21-05 01:00:00,0,-1.76,346463.4559
2012-21-05 02:00:00,0,-1.092,340540.0208
2012-21-05 03:00:00,0,-0.318,334966.484
2012-21-05 04:00:00,0,0.344,330317.3553
2012-21-05 05:00:00,0,1.055,328813.8759
2012-21-05 06:00:00,0,1.584,333473.9554
2012-21-05 07:00:00,0,1.654,343233.6054
2012-21-05 08:00:00,0,0.993,349658.6993
2012-21-05 09:00:00,0,0.181,348887.2374
2012-21-05 10:00:00,0,-0.6,344844.2472
2012-21-05 11:00:00,0,-1.39,339410.7047
2012-21-05 12:00:00,0,-1.874,333561.4432
2012-21-05 13:00:00,0,-1.711,327762.0439
2012-21-05 14:00:00,0,-1.157,322190.7159
2012-21-05 15:00:00,0,-0.333,316954.8917
2012-21-05 16:00:00,0,0.438,312624.4579
2012-21-05 17:00:00,0,1.14,312128.8234
2012-21-05 18:00:00,0,1.642,318481.7632
2012-21-05 19:00:00,0,1.824,330396.5534
2012-21-05 20:00:00,0,1.292,340497.2737
2012-21-05 21:00:00,0,0.444,341674.1385
2012-21-05 22:00:00,0,-0.289,338214.393
2012-21-05 23:00:00,0,-1.186,332952.4922
2012-22-05 00:00:00,0,-1.995,326993.2902
2012-22-05 01:00:00,0,-1.976,321004.9252
2012-22-05 02:00:00,0,-1.505,315270.9469
2012-22-05 03:00:00,0,-0.89,309883.1603
2012-22-05 04:00:00,0,-0.051,304981.7255
2012-22-05 05:00:00,0.201,0.706,301559.9913
2012-22-05 06:00:00,0.201,1.327,303639.9709
2012-22-05 07:00:00,0,1.66,312077.3567
2012-22-05 08:00:00,0,1.356,321988.6166
2012-22-05 09:00:00,0,0.658,325040.9063
2012-22-05 10:00:00,0,-0.097,322833.0121
2012-22-05 11:00:00,0,-0.953,318446.9859
2012-22-05 12:00:00,0,-1.73,313110.318
2012-22-05 13:00:00,0,-1.852,307625.6248
2012-22-05 14:00:00,0,-1.474,302335.7336
2012-22-05 15:00:00,0,-0.758,297340.1995
2012-22-05 16:00:00,0,0.059,292871.7462
2012-22-05 17:00:00,0,0.699,290045.3855
2012-22-05 18:00:00,0,1.405,292831.3215
2012-22-05 19:00:00,0,1.788,302400.6136
2012-22-05 20:00:00,0,1.639,315112.8521
2012-22-05 21:00:00,0,0.932,321817.2941
2012-22-05 22:00:00,0,0.071,320512.7918
2012-22-05 23:00:00,0,-0.721,316204.0728
2012-23-05 00:00:00,0,-1.6,310679.2833
2012-23-05 01:00:00,0,-2.082,304879.256
2012-23-05 02:00:00,0,-1.883,299269.7091
2012-23-05 03:00:00,0,-1.333,293991.7476
2012-23-05 04:00:00,0,-0.548,289088.9449
2012-23-05 05:00:00,0,0.199,284838.781
2012-23-05 06:00:00,0,0.964,282943.9472
2012-23-05 07:00:00,0,1.439,287665.5819
2012-23-05 08:00:00,0,1.574,296902.2995
2012-23-05 09:00:00,0,1.097,304986.8078
2012-23-05 10:00:00,0,0.361,305581.982
2012-23-05 11:00:00,0,-0.467,302364.0676
2012-23-05 12:00:00,0,-1.275,297516.6901
2012-23-05 13:00:00,0,-1.772,292166.0002
2012-23-05 14:00:00,0,-1.657,286908.8908
2012-23-05 15:00:00,0,-1.083,281979.4611
2012-23-05 16:00:00,0,-0.381,277495.7081
2012-23-05 17:00:00,0,0.378,273835.2848
2012-23-05 18:00:00,0,1.084,273438.0471
2012-23-05 19:00:00,0,1.591,279571.0268
2012-23-05 20:00:00,0,1.77,290856.3456
2012-23-05 21:00:00,0,1.366,302124.6026
2012-23-05 22:00:00,0,0.576,304914.0203
2012-23-05 23:00:00,0,-0.258,302095.6026
2012-24-05 00:00:00,0,-1.116,297229.1561
2012-24-05 01:00:00,0,-1.922,291630.8079
2012-24-05 02:00:00,0,-2.029,286038.5973
2012-24-05 03:00:00,0,-1.702,280762.9259
2012-24-05 04:00:00,0,-1.044,275905.2437
2012-24-05 05:00:00,0,-0.266,271553.9798
2012-24-05 06:00:00,0,0.391,268124.6103
2012-24-05 07:00:00,0,1.149,268083.0702
2012-24-05 08:00:00,0,1.481,274387.1966
2012-24-05 09:00:00,0,1.353,283351.0141
2012-24-05 10:00:00,0,0.769,288292.7286
2012-24-05 11:00:00,0,-0.102,286925.6241
2012-24-05 12:00:00,0,-0.791,283095.128
2012-24-05 13:00:00,0,-1.554,278379.792
2012-24-05 14:00:00,0,-1.792,273562.8992
2012-24-05 15:00:00,0,-1.43,269003.0209
2012-24-05 16:00:00,0,-0.913,264833.2745
2012-24-05 17:00:00,0,-0.151,261167.3832
2012-24-05 18:00:00,0,0.553,258482.6744
2012-24-05 19:00:00,0,1.136,259474.633
2012-24-05 20:00:00,0,1.558,265963.2514
2012-24-05 21:00:00,0,1.516,276161.6713
2012-24-05 22:00:00,0,0.898,283506.0511
2012-24-05 23:00:00,0,0.191,282982.4486
2012-25-05 00:00:00,0,-0.631,279535.6042
2012-25-05 01:00:00,0,-1.467,274853.5848
2012-25-05 02:00:00,0,-1.902,269894.3828
2012-25-05 03:00:00,0,-1.887,265150.3423
2012-25-05 04:00:00,0,-1.418,260834.5141
2012-25-05 05:00:00,0,-0.697,257010.6926
2012-25-05 06:00:00,0,-0.074,253778.7871
2012-25-05 07:00:00,0,0.652,251583.7181
2012-25-05 08:00:00,0,1.176,253297.2502
2012-25-05 09:00:00,0,1.353,259369.2737
2012-25-05 10:00:00,0,1.111,266431.5197
2012-25-05 11:00:00,0,0.37,269060.5614
2012-25-05 12:00:00,0,-0.367,266904.0793
2012-25-05 13:00:00,0,-1.019,263279.0296
2012-25-05 14:00:00,0,-1.587,259228.3747
2012-25-05 15:00:00,0,-1.622,255323.5833
2012-25-05 16:00:00,0,-1.155,251797.5972
2012-25-05 17:00:00,0,-0.63,248730.9882
2012-25-05 18:00:00,0,0.09,246206.7536
2012-25-05 19:00:00,0,0.717,244754.0667
2012-25-05 20:00:00,0,1.253,247170.2837
2012-25-05 21:00:00,0,1.489,254595.0093
2012-25-05 22:00:00,0,1.296,263519.0228
2012-25-05 23:00:00,0,0.674,268466.9409
2012-26-05 00:00:00,0,-0.064,266989.9426
2012-26-05 01:00:00,0,-0.808,263409.1029
2012-26-05 02:00:00,0,-1.589,259019.5375
2012-26-05 03:00:00,0,-1.801,254593.6526
2012-26-05 04:00:00,0,-1.602,250516.3133
2012-26-05 05:00:00,0,-1.251,246922.5041
2012-26-05 06:00:00,0,-0.504,243834.6178
2012-26-05 07:00:00,0,0.181,241349.5172
2012-26-05 08:00:00,0,0.705,240018.4561
2012-26-05 09:00:00,0,1.162,242042.2379
2012-26-05 10:00:00,0,1.306,247774.4286
2012-26-05 11:00:00,0,0.746,253696.4126
2012-26-05 12:00:00,0,0.208,254017.8171
2012-26-05 13:00:00,0,-0.334,251741.4117
2012-26-05 14:00:00,0,-1.204,248536.9851
2012-26-05 15:00:00,0,-1.462,245059.0509
2012-26-05 16:00:00,0,-1.202,241774.3289
2012-26-05 17:00:00,0,-0.931,238874.5389
2012-26-05 18:00:00,0,-0.357,236412.4875
2012-26-05 19:00:00,0,0.345,234525.6316
2012-26-05 20:00:00,0,0.806,234011.471
2012-26-05 21:00:00,0,1.359,237240.8561
2012-26-05 22:00:00,0,1.481,245423.2439
2012-26-05 23:00:00,0,1.056,253586.0113
2012-27-05 00:00:00,0,0.506,256047.3873
2012-27-05 01:00:00,0,-0.215,254013.1302
2012-27-05 02:00:00,0,-0.866,250406.7334
2012-27-05 03:00:00,0,-1.486,246287.2999
2012-27-05 04:00:00,0,-1.7,242292.7175
2012-27-05 05:00:00,0,-1.421,238704.9027
2012-27-05 06:00:00,0,-0.928,235611.0597
2012-27-05 07:00:00,0,-0.332,233031.4064
2012-27-05 08:00:00,0,0.192,231058.3008
2012-27-05 09:00:00,0,0.719,230049.4183
2012-27-05 10:00:00,0,1.099,231894.0825
2012-27-05 11:00:00,0,1.135,236546.6438
2012-27-05 12:00:00,0,0.673,241059.3948
2012-27-05 13:00:00,0,0.031,241077.0945
2012-27-05 14:00:00,0,-0.539,238906.4297
2012-27-05 15:00:00,0,-1.044,236061.0038
2012-27-05 16:00:00,0,-1.259,233131.5737
2012-27-05 17:00:00,0,-1.148,230438.24
2012-27-05 18:00:00,0,-0.766,228086.2169
2012-27-05 19:00:00,0,-0.166,226115.8595
2012-27-05 20:00:00,0,0.252,224677.8101
2012-27-05 21:00:00,0,0.856,224220.0796
2012-27-05 22:00:00,0,1.221,227149.0119
2012-27-05 23:00:00,0,1.221,233134.3239
2012-28-05 00:00:00,0,0.866,238543.3561
2012-28-05 01:00:00,0,0.409,239814.8923
2012-28-05 02:00:00,0,-0.197,238054.4341
2012-28-05 03:00:00,0,-0.97,235143.9672
2012-28-05 04:00:00,0,-1.403,231869.3337
2012-28-05 05:00:00,0,-1.419,228769.0487
2012-28-05 06:00:00,0,-1.196,226058.5224
2012-28-05 07:00:00,0,-0.763,223771.0349
2012-28-05 08:00:00,0,-0.334,221907.7009
2012-28-05 09:00:00,0,0.326,220512.5058
2012-28-05 10:00:00,0,0.901,220280.1924
2012-28-05 11:00:00,0,1.3,223859.0514
2012-28-05 12:00:00,0,1.066,230198.5511
2012-28-05 13:00:00,0,0.645,234352.2657
2012-28-05 14:00:00,0,0.157,233770.142
2012-28-05 15:00:00,0,-0.352,231559.5304
2012-28-05 16:00:00,0,-0.854,228694.8415
2012-28-05 17:00:00,0,-1.167,225745.2999
2012-28-05 18:00:00,0,-0.993,223048.4841
2012-28-05 19:00:00,0,-0.634,220732.9882
2012-28-05 20:00:00,0,-0.228,218843.5646
2012-28-05 21:00:00,0,0.202,217439.4971
2012-28-05 22:00:00,0,0.783,216829.1059
2012-28-05 23:00:00,0,1.105,218922.2516
2012-29-05 00:00:00,0,1.142,223584.884
2012-29-05 01:00:00,0,0.789,228145.0703
2012-29-05 02:00:00,0,0.254,229047.8959
2012-29-05 03:00:00,0,-0.295,227281.5086
2012-29-05 04:00:00,0,-0.94,224686.2861
2012-29-05 05:00:00,0,-1.461,221919.2246
2012-29-05 06:00:00,0,-1.452,219364.0767
2012-29-05 07:00:00,0,-1.274,217169.9414
2012-29-05 08:00:00,0,-0.896,215366.314
2012-29-05 09:00:00,0,-0.412,213909.1827
2012-29-05 10:00:00,0,0.252,212796.4856
2012-29-05 11:00:00,0,0.747,212435.6749
2012-29-05 12:00:00,0,1.129,214395.6933
2012-29-05 13:00:00,0,0.992,218949.0693
2012-29-05 14:00:00,0,0.615,222493.9114
2012-29-05 15:00:00,0,0.168,222542.3352
2012-29-05 16:00:00,0,-0.381,220947.2822
2012-29-05 17:00:00,0,-0.908,218749.852
2012-29-05 18:00:00,0,-1.206,216479.344
2012-29-05 19:00:00,0,-1.048,214418.4021
2012-29-05 20:00:00,0,-0.785,212678.4751
2012-29-05 21:00:00,0,-0.39,211261.9402
2012-29-05 22:00:00,0,0.217,210180.2013
2012-29-05 23:00:00,0,0.766,209808.8188
2012-30-05 00:00:00,0,1.026,211588.8675
2012-30-05 01:00:00,0.402,1.124,215568.1305
2012-30-05 02:00:00,0.201,0.923,220083.303
2012-30-05 03:00:00,0,0.413,222361.3016
2012-30-05 04:00:00,0,-0.212,221135.4247
2012-30-05 05:00:00,0,-0.6,218841.4561
2012-30-05 06:00:00,0,-0.94,216319.0141
2012-30-05 07:00:00,0,-1.461,213964.2867
2012-30-05 08:00:00,0,-1.452,211911.7118
2012-30-05 09:00:00,0,-1.274,210216.8983
2012-30-05 10:00:00,0,-0.896,208846.7705
2012-30-05 11:00:00,0,-0.412,207748.4571
2012-30-05 12:00:00,0,0.252,206921.7867
2012-30-05 13:00:00,0,0.747,206740.7892
2012-30-05 14:00:00,0,1.129,208718.8083
2012-30-05 15:00:00,0,0.992,213290.4806
2012-30-05 16:00:00,0,0.615,216810.2383
2012-30-05 17:00:00,0,0.168,216987.8688
2012-30-05 18:00:00,0,-0.381,215502.5447
2012-30-05 19:00:00,0,-0.908,213429.9744
2012-30-05 20:00:00,0,-1.206,211287.6621
2012-30-05 21:00:00,0,-1.048,209341.9707
2012-30-05 22:00:00,0,-0.785,207707.1579
2012-30-05 23:00:00,0.201,-0.39,206386.5061
2012-31-05 00:00:00,0.603,0.202,205376.8388
2012-31-05 01:00:00,0.603,0.783,205047.3193
2012-31-05 02:00:00,0.603,1.105,207142.1894
2012-31-05 03:00:00,0.603,1.142,211861.7985
2012-31-05 04:00:00,0.603,0.789,216465.2233
2012-31-05 05:00:00,0.804,0.254,217734.3727
2012-31-05 06:00:00,1.005,-0.295,216357.5879
2012-31-05 07:00:00,0.804,-0.94,214268.6318
2012-31-05 08:00:00,0.804,-1.461,212125.2902
2012-31-05 09:00:00,1.005,-1.452,210309.9744
2012-31-05 10:00:00,1.407,-1.274,208944.7429
2012-31-05 11:00:00,1.608,-0.896,208019.8649
2012-31-05 12:00:00,1.206,-0.412,207488.4349
2012-31-05 13:00:00,1.005,0.252,207362.8149
2012-31-05 14:00:00,1.005,0.747,208075.6322
2012-31-05 15:00:00,1.005,1.129,211242.3778
2012-31-05 16:00:00,1.206,0.992,217148.0983
2012-31-05 17:00:00,0.402,0.615,222202.8871
2012-31-05 18:00:00,0.603,0.254,224026.8845
2012-31-05 19:00:00,0.402,-0.295,224169.4305
2012-31-05 20:00:00,0.201,-0.94,223607.3034
2012-31-05 21:00:00,0,-1.461,222871.8662
2012-31-05 22:00:00,0.201,-1.452,222289.1542
2012-31-05 23:00:00,0,-1.274,222022.5711
06/01/2012 00:00,0,-0.896,222236.9395
06/01/2012 01:00,0,-0.412,222998.5753
06/01/2012 02:00,0,0.252,224274.5617
06/01/2012 03:00,0.201,0.747,226394.1857
06/01/2012 04:00,0,1.129,231000.0349
06/01/2012 05:00,0.402,0.992,238173.9676
06/01/2012 06:00,0.201,0.615,244503.3041
06/01/2012 07:00,0.201,-0.295,247186.7531
06/01/2012 08:00,0,-0.94,247329.8709
06/01/2012 09:00,0,-1.461,246809.887
06/01/2012 10:00,0,-1.452,246152.6446
06/01/2012 11:00,0,-1.274,245553.9987
06/01/2012 12:00,0,-0.896,245113.6446
06/01/2012 13:00,0,-0.412,244871.8641
06/01/2012 14:00,0,1.265,245500.5646
06/01/2012 15:00,0,1.651,253966.3829
06/01/2012 16:00,0,1.579,266830.747
06/01/2012 17:00,0,1.114,277610.4019
06/01/2012 18:00,0,0.339,281464.3865
06/01/2012 19:00,0,-0.379,280280.191
06/01/2012 20:00,0,-1.257,277457.4327
06/01/2012 21:00,0,-1.854,273997.9877
06/01/2012 22:00,0,-1.857,270481.9393
06/01/2012 23:00,0,-1.328,267174.9156
06/02/2012 00:00,0,-0.711,264168.4623
06/02/2012 01:00,0,0.01,261624.3676
06/02/2012 02:00,0,0.867,260480.6138
06/02/2012 03:00,0,1.455,265150.3514
06/02/2012 04:00,0,1.629,275258.199
06/02/2012 05:00,0,1.401,286224.0739
06/02/2012 06:00,0,0.678,291420.1997
06/02/2012 07:00,0,-0.134,289843.3442
06/02/2012 08:00,0,-1.091,285943.1584
06/02/2012 09:00,0,-1.825,281126.9306
06/02/2012 10:00,0,-2.024,276243.375
06/02/2012 11:00,0,-1.756,271611.5181
06/02/2012 12:00,0,-1.152,267327.7356
06/02/2012 13:00,0,-0.239,263499.6906
06/02/2012 14:00,0.201,0.633,260652.0643
06/02/2012 15:00,0.201,1.534,263385.8269
06/02/2012 16:00,2.613,2.001,274240.9228
06/02/2012 17:00,1.809,1.887,289368.9861
06/02/2012 18:00,0.804,1.245,301099.8806
06/02/2012 19:00,1.407,0.434,302450.8929
06/02/2012 20:00,1.407,-0.57,299263.2287
06/02/2012 21:00,3.618,-1.541,294391.9259
06/02/2012 22:00,1.407,-2.075,289263.7283
06/02/2012 23:00,0.603,-1.968,284622.6291
06/03/2012 00:00,1.809,-1.483,280649.5792
06/03/2012 01:00,3.216,-0.666,277382.898
06/03/2012 02:00,2.814,0.255,275136.5994
06/03/2012 03:00,3.015,1.168,277473.8976
06/03/2012 04:00,3.216,1.718,291444.7131
06/03/2012 05:00,2.613,1.972,316409.8763
06/03/2012 06:00,2.211,1.591,348802.9774
06/03/2012 07:00,1.809,0.733,384835.4336
06/03/2012 08:00,0.603,-0.241,436869.6666
06/03/2012 09:00,0,-1.308,501203.4424
06/03/2012 10:00,0,-2.179,571385.9556
06/03/2012 11:00,0,-2.287,641258.3423
06/03/2012 12:00,0,-1.944,706042.5441
06/03/2012 13:00,0,-1.223,764271.1132
06/03/2012 14:00,0,-0.177,816064.8544
06/03/2012 15:00,0,0.776,863522.9707
06/03/2012 16:00,0,1.73,910360.2139
06/03/2012 17:00,0,2.106,958622.6196
06/03/2012 18:00,0,1.911,1004108.967
06/03/2012 19:00,0,1.072,1041816.67
06/03/2012 20:00,0,0.141,1070634.263
06/03/2012 21:00,0,-0.919,1092913.319
06/03/2012 22:00,0,-2.076,1112005.328
06/03/2012 23:00,0,-2.543,1129278.769
06/04/2012 00:00,0,-2.362,1144880.337
06/04/2012 01:00,0,-1.758,1159186.218
06/04/2012 02:00,0,-0.71,1172441.738
06/04/2012 03:00,0,0.149,1185081.744
06/04/2012 04:00,0,1.201,1199171.643
06/04/2012 05:00,0,1.87,1218493.753
06/04/2012 06:00,0,2.037,1241299.06
06/04/2012 07:00,0,1.49,1262739.118
06/04/2012 08:00,0,0.507,1278873.35
06/04/2012 09:00,0,-0.46,1289548.705
06/04/2012 10:00,0,-1.583,1297585.849
06/04/2012 11:00,0,-2.349,1304417.989
06/04/2012 12:00,0,-2.409,1310655.438
06/04/2012 13:00,0,-1.982,1316424.169
06/04/2012 14:00,0,-1.001,1321756.641
06/04/2012 15:00,0,0.064,1326837.99
06/04/2012 16:00,0,1.057,1333600.75
06/04/2012 17:00,0,2.046,1346059.975
06/04/2012 18:00,0,2.381,1364146.441
06/04/2012 19:00,0.201,2.031,1382606.787
06/04/2012 20:00,0,1.091,1396022.633
06/04/2012 21:00,0,0.126,1403510.441
06/04/2012 22:00,0,-1.05,1407108.926
06/04/2012 23:00,0,-2.283,1408931.531
06/05/2012 00:00,0.402,-2.729,1410125.197
06/05/2012 01:00,0.201,-2.265,1411136.363
06/05/2012 02:00,0.603,-1.612,1411971.639
06/05/2012 03:00,0,-0.527,1412674.197
06/05/2012 04:00,0,0.425,1413803.926
06/05/2012 05:00,0.804,1.451,1417931.549
06/05/2012 06:00,1.407,2.147,1428283.729
06/05/2012 07:00,1.407,2.28,1442412.289
06/05/2012 08:00,0.201,1.529,1455086.631
06/05/2012 09:00,0.201,0.543,1462411.408
06/05/2012 10:00,0.201,-0.412,1464989.711
06/05/2012 11:00,0.201,-1.649,1465389.369
06/05/2012 12:00,0,-2.356,1465046.594
06/05/2012 13:00,0,-2.247,1464647.668
06/05/2012 14:00,0,-1.632,1464396.672
06/05/2012 15:00,0,-0.643,1464379.1
06/05/2012 16:00,1.407,0.473,1465138.734
06/05/2012 17:00,0.402,1.441,1469564.469
06/05/2012 18:00,0,2.321,1480920.637
06/05/2012 19:00,0,2.603,1497895.686
06/05/2012 20:00,0,2.085,1514751.371
06/05/2012 21:00,0,1.049,1526023.172
06/05/2012 22:00,0,-0.051,1531509.029
06/05/2012 23:00,0,-1.261,1533472.693
06/06/2012 00:00,0,-2.338,1534366.688
06/06/2012 01:00,0,-2.636,1535126.346
06/06/2012 02:00,0.201,-2.115,1535951.717
06/06/2012 03:00,0.402,-1.405,1536744.938
06/06/2012 04:00,0.603,-0.307,1537610.188
06/06/2012 05:00,0,0.619,1539344.74
06/06/2012 06:00,0,1.767,1545493.582
06/06/2012 07:00,0,2.332,1558252.879
06/06/2012 08:00,0,2.241,1573407.508
06/06/2012 09:00,0,1.465,1585863.902
06/06/2012 10:00,0,0.465,1593021.265
06/06/2012 11:00,0,-0.55,1595651.813
06/06/2012 12:00,0,-1.736,1596277.068
06/06/2012 13:00,0,-2.256,1596192.909
06/06/2012 14:00,0,-1.973,1595900.983
06/06/2012 15:00,0,-1.319,1595451.034
06/06/2012 16:00,0,-0.351,1594934.966
06/06/2012 17:00,0,0.664,1595103.878
06/06/2012 18:00,0,1.671,1599542.304
06/06/2012 19:00,0.201,2.394,1610249.459
06/06/2012 20:00,0.804,2.559,1625037.335
06/06/2012 21:00,0,1.897,1638813.479
06/06/2012 22:00,0,0.848,1647519.542
06/06/2012 23:00,0,-0.163,1651401.658
06/07/2012 00:00,0,-1.349,1652670.452
06/07/2012 01:00,0.201,-2.391,1653898.873
06/07/2012 02:00,0,-2.386,1655413.249
06/07/2012 03:00,0,-1.845,1656871.593
06/07/2012 04:00,0,-1.147,1658177.5
06/07/2012 05:00,0,-0.123,1659565.3
06/07/2012 06:00,0.603,0.914,1662073.377
06/07/2012 07:00,1.407,1.811,1669753.428
06/07/2012 08:00,2.01,2.275,1682455.193
06/07/2012 09:00,0.804,2.082,1696730.206
06/07/2012 10:00,5.025,1.204,1708234.793
06/07/2012 11:00,1.608,0.258,1715309.423
06/07/2012 12:00,2.01,-0.668,1719777.178
06/07/2012 13:00,0.402,-1.779,1728039.454
06/07/2012 14:00,2.814,-2.065,1752234.333
06/07/2012 15:00,4.221,-1.645,1789920.995
06/07/2012 16:00,4.623,-1.071,1839125.48
06/07/2012 17:00,2.814,-0.072,1900520.883
06/07/2012 18:00,2.613,0.856,1973977.59
06/07/2012 19:00,0.402,1.762,2066513.598
06/07/2012 20:00,1.407,2.291,2175686.957
06/07/2012 21:00,1.608,2.337,2292342.727
06/07/2012 22:00,1.206,1.686,2407554.527
06/07/2012 23:00,5.628,0.578,2516574.789
06/08/2012 00:00,1.608,-0.393,2622856.344
06/08/2012 01:00,2.01,-1.49,2732653.805
06/08/2012 02:00,1.005,-2.368,2848939.789
06/08/2012 03:00,2.211,-2.249,2972798.961
06/08/2012 04:00,2.814,-1.693,3103387.789
06/08/2012 05:00,2.211,-1.018,3239404.742
06/08/2012 06:00,1.206,-0.072,3379756.82
06/08/2012 07:00,1.206,0.824,3524424.406
06/08/2012 08:00,1.206,1.516,3675570.289
06/08/2012 09:00,1.407,1.906,3832167.586
06/08/2012 10:00,1.206,1.611,3991064.586
06/08/2012 11:00,0.201,0.741,4148737.852
06/08/2012 12:00,0.402,-0.157,4303266.031
06/08/2012 13:00,0.804,-1.002,4454934.086
06/08/2012 14:00,0.402,-1.86,4604599.352
06/08/2012 15:00,0,-1.989,4751892.867
06/08/2012 16:00,0,-1.645,4895434.313
06/08/2012 17:00,0,-1.031,5032064.047
06/08/2012 18:00,0,-0.105,5152207.203
06/08/2012 19:00,0,0.696,5256392.469
06/08/2012 20:00,0,1.489,5360560.016
06/08/2012 21:00,0,1.917,5465792.781
06/08/2012 22:00,0,1.808,5570023.156
06/08/2012 23:00,0,1.083,5670570.656
06/09/2012 00:00,0,0.176,5765665.594
06/09/2012 01:00,0,-0.696,5855830.422
06/09/2012 02:00,0,-1.718,5942384.703
06/09/2012 03:00,0,-2.262,6026128.859
06/09/2012 04:00,0,-2.055,6107527.484
06/09/2012 05:00,0,-1.623,6186349.969
06/09/2012 06:00,0,-0.816,6262442.078
06/09/2012 07:00,0,-0.069,6335879.906
06/09/2012 08:00,0,0.759,6407140.406
06/09/2012 09:00,0,1.368,6477437.469
06/09/2012 10:00,0,1.614,6538611.688
06/09/2012 11:00,0,1.295,6588906.359
06/09/2012 12:00,0,0.467,6634542.531
06/09/2012 13:00,0,-0.224,6675967.234
06/09/2012 14:00,0,-0.962,6714616.828
06/09/2012 15:00,0,-1.628,6751724.859
06/09/2012 16:00,0.201,-1.686,6787803.922
06/09/2012 17:00,0,-1.29,6823061.828
06/09/2012 18:00,0,-0.724,6857625.781
06/09/2012 19:00,0,0.025,6891857.969
06/09/2012 20:00,0,0.683,6926960.063
06/09/2012 21:00,0,1.386,6964497
06/09/2012 22:00,0,1.718,7004087.469
06/09/2012 23:00,0,1.503,7043793.359
06/10/2012 00:00,0,0.816,7081658.969
06/10/2012 01:00,0,0.127,7116549.922
06/10/2012 02:00,0,-0.71,7148774.094
06/10/2012 03:00,0,-1.565,7179279.844
06/10/2012 04:00,0,-1.918,7209084.406
06/10/2012 05:00,0,-1.656,7238534.563
06/10/2012 06:00,0,-1.165,7267627.375
06/10/2012 07:00,0,-0.521,7296591.063
06/10/2012 08:00,0,-0.047,7325856.344
06/10/2012 09:00,0,0.728,7356200.906
06/10/2012 10:00,0,1.326,7389342.125
06/10/2012 11:00,0,1.465,7424102.281
06/10/2012 12:00,0,1.007,7458448.813
06/10/2012 13:00,0,0.428,7490938.281
06/10/2012 14:00,0,-0.165,7521098.344
06/10/2012 15:00,0,-0.809,7549639.469
06/10/2012 16:00,0,-1.268,7577096.813
06/10/2012 17:00,0,-1.308,7603968.781
06/10/2012 18:00,0,-0.957,7630690.563
06/10/2012 19:00,0,-0.395,7657408.875
06/10/2012 20:00,0,0.115,7684412.594
06/10/2012 21:00,0,0.752,7712470.031
06/10/2012 22:00,0,1.364,7743062.688
06/10/2012 23:00,0,1.556,7775404.531
06/11/2012 00:00,0,1.316,7807898
06/11/2012 01:00,0.201,0.766,7838953.031
06/11/2012 02:00,0,0.086,7867588.625
06/11/2012 03:00,0,-0.617,7894016.125
06/11/2012 04:00,0.201,-1.358,7919159.094
06/11/2012 05:00,0.201,-1.606,7943680.406
06/11/2012 06:00,0,-1.27,7968066.063
06/11/2012 07:00,0,-0.998,7992479.156
06/11/2012 08:00,0,-0.576,8016915.219
06/11/2012 09:00,0,0.047,8041446.938
06/11/2012 10:00,0,0.696,8067034.938
06/11/2012 11:00,0,1.048,8094823.406
06/11/2012 12:00,0,1.179,8123708.906
06/11/2012 13:00,0.201,0.781,8152331.25
06/11/2012 14:00,0,0.299,8179480.875
06/11/2012 15:00,0.804,-0.117,8204873.656
06/11/2012 16:00,0,-0.708,8229046.25
06/11/2012 17:00,0,-1.125,8252379.719
06/11/2012 18:00,0,-1.111,8275227.438
06/11/2012 19:00,0.201,-0.88,8297948
06/11/2012 20:00,0,-0.44,8320663.375
06/11/2012 21:00,0,0.05,8343523.281
06/11/2012 22:00,0,0.57,8367170.5
06/11/2012 23:00,0,0.991,8392582.469
06/12/2012 00:00,0,1.196,8419327.188
06/12/2012 01:00,0,1.002,8446297.219
06/12/2012 02:00,0,0.554,8472252.844
06/12/2012 03:00,0,0,8496345.438
06/12/2012 04:00,7.839,-0.691,8518686.406
06/12/2012 05:00,3.417,-1.223,8539978.281
06/12/2012 06:00,0.201,-1.34,8561203
06/12/2012 07:00,0,-1.213,8582715.5
06/12/2012 08:00,0,-0.967,8604963.906
06/12/2012 09:00,0,-0.501,8628723.875
06/12/2012 10:00,0,-0.044,8652989.031
06/12/2012 11:00,0,0.535,8678568.344
06/12/2012 12:00,0.201,0.82,8706493.188
06/12/2012 13:00,0,0.935,8735138.344
06/12/2012 14:00,0,0.737,8763591.156
06/12/2012 15:00,0,0.223,8790823.313
06/12/2012 16:00,0,-0.27,8816200.063
06/12/2012 17:00,0,-0.658,8840087.719
06/12/2012 18:00,0,-1.081,8862906.563
06/12/2012 19:00,0,-1.153,8884975.813
06/12/2012 20:00,0,-0.936,8906683.875
06/12/2012 21:00,0,-0.57,8928182.063
06/12/2012 22:00,0,-0.19,8949798.813
06/12/2012 23:00,0,0.37,8972039.313
2012-13-06 00:00:00,0,0.72,8995688.219
2012-13-06 01:00:00,0,0.917,9020304.656
2012-13-06 02:00:00,0,0.845,9045116.25
2012-13-06 03:00:00,0,0.433,9069225.375
2012-13-06 04:00:00,0,-0.083,9091676.313
2012-13-06 05:00:00,0,-0.651,9112497
2012-13-06 06:00:00,0,-1.099,9132225.625
2012-13-06 07:00:00,0,-1.301,9151197
2012-13-06 08:00:00,0,-1.196,9169721
2012-13-06 09:00:00,0,-0.936,9188076.188
2012-13-06 10:00:00,0,-0.522,9206309.313
2012-13-06 11:00:00,0,-0.083,9224586.438
2012-13-06 12:00:00,0,0.441,9243481
2012-13-06 13:00:00,0,0.742,9263624.813
2012-13-06 14:00:00,0,0.95,9284581.188
2012-13-06 15:00:00,0,0.747,9305659.813
2012-13-06 16:00:00,0,0.248,9325628.375
2012-13-06 17:00:00,0,-0.128,9343728.313
2012-13-06 18:00:00,0,-0.566,9360500.438
2012-13-06 19:00:00,0,-0.971,9376437.813
2012-13-06 20:00:00,0,-1.116,9391804.313
2012-13-06 21:00:00,0,-0.96,9406761.125
2012-13-06 22:00:00,0,-0.557,9421568.313
2012-13-06 23:00:00,0,-0.204,9436380.813
2012-14-06 00:00:00,0,0.307,9451381.188
2012-14-06 01:00:00,0,0.724,9467350.375
2012-14-06 02:00:00,0,0.983,9484515.75
2012-14-06 03:00:00,0,0.886,9502047.25
2012-14-06 04:00:00,0,0.542,9518905.25
2012-14-06 05:00:00,0,0.002,9534331.75
2012-14-06 06:00:00,0,-0.507,9548099.125
2012-14-06 07:00:00,0,-0.93,9560700.438
2012-14-06 08:00:00,0.201,-1.149,9572683.188
2012-14-06 09:00:00,0,-1.126,9584301.438
2012-14-06 10:00:00,0,-0.803,9595642.25
2012-14-06 11:00:00,0,-0.376,9606763.5
2012-14-06 12:00:00,0,0.051,9618032.75
2012-14-06 13:00:00,0.603,0.657,9630117.063
2012-14-06 14:00:00,1.407,1.042,9643814.938
2012-14-06 15:00:00,1.809,1.137,9658406.25
2012-14-06 16:00:00,1.407,0.933,9672996.875
2012-14-06 17:00:00,2.211,0.503,9686757.125
2012-14-06 18:00:00,2.01,0.101,9699174.938
2012-14-06 19:00:00,0.603,-0.386,9710352.563
2012-14-06 20:00:00,1.005,-0.89,9720679.125
2012-14-06 21:00:00,0.804,-1.062,9730609.188
2012-14-06 22:00:00,0.201,-0.797,9741202.563
2012-14-06 23:00:00,0,-0.388,9754763.625
2012-15-06 00:00:00,0.201,0.004,9770881
2012-15-06 01:00:00,0,0.521,9789672
2012-15-06 02:00:00,0,0.989,9811787.563
2012-15-06 03:00:00,0.603,1.236,9835714.438
2012-15-06 04:00:00,1.005,1.181,9860053.813
2012-15-06 05:00:00,0.201,0.75,9883448.25
2012-15-06 06:00:00,1.608,0.223,9904971.813
2012-15-06 07:00:00,0,-0.329,9924360.063
2012-15-06 08:00:00,0.402,-0.756,9942078.5
2012-15-06 09:00:00,0,-1.066,9958771.188
2012-15-06 10:00:00,0.603,-0.972,9975235.438
2012-15-06 11:00:00,0.402,-0.626,9991963.813
2012-15-06 12:00:00,0,-0.205,10009056.63
2012-15-06 13:00:00,0,0.287,10027219.25
2012-15-06 14:00:00,0,0.956,10046830.19
2012-15-06 15:00:00,0,1.333,10067773.56
2012-15-06 16:00:00,0.201,1.34,10088926.56
2012-15-06 17:00:00,0,1.079,10109293.88
2012-15-06 18:00:00,0.402,0.559,10128190.63
2012-15-06 19:00:00,0.201,0.018,10144851.75
2012-15-06 20:00:00,0,-0.561,10158981.19
2012-15-06 21:00:00,0,-1.107,10171356.94
2012-15-06 22:00:00,3.015,-1.231,10183259.69
2012-15-06 23:00:00,0.201,-0.969,10195981.13
2012-16-06 00:00:00,0.201,-0.559,10209366.88
2012-16-06 01:00:00,0,-0.102,10222673.75
2012-16-06 02:00:00,0,0.545,10236828.13
2012-16-06 03:00:00,0.402,0.828,10252391.44
2012-16-06 04:00:00,0.201,1.118,10269411.19
2012-16-06 05:00:00,0,1.021,10288018.19
2012-16-06 06:00:00,0.402,0.554,10306519.19
2012-16-06 07:00:00,0.201,-0.165,10323185.5
2012-16-06 08:00:00,0,-0.691,10337409.63
2012-16-06 09:00:00,0,-1.134,10349873.31
2012-16-06 10:00:00,0,-1.393,10361078.19
2012-16-06 11:00:00,0,-1.207,10371437.81
2012-16-06 12:00:00,0,-0.832,10380846.25
2012-16-06 13:00:00,0,-0.271,10389375
2012-16-06 14:00:00,0,0.412,10397637.88
2012-16-06 15:00:00,0,0.947,10406681
2012-16-06 16:00:00,0,1.227,10416299.44
2012-16-06 17:00:00,0,1.268,10425605.19
2012-16-06 18:00:00,0.201,0.86,10433727.88
2012-16-06 19:00:00,0,0.276,10439480.13
2012-16-06 20:00:00,0,-0.41,10442376.63
2012-16-06 21:00:00,0,-1.133,10442899.69
2012-16-06 22:00:00,0,-1.517,10442068.81
2012-16-06 23:00:00,0,-1.562,10440439.06
2012-17-06 00:00:00,0,-1.239,10438057.06
2012-17-06 01:00:00,0,-0.68,10434840.38
2012-17-06 02:00:00,0,-0.107,10431296.06
2012-17-06 03:00:00,0,0.564,10428315.88
2012-17-06 04:00:00,0,0.957,10426776.31
2012-17-06 05:00:00,0,1.134,10425766.75
2012-17-06 06:00:00,0,0.859,10424322.31
2012-17-06 07:00:00,0,0.294,10421363.25
2012-17-06 08:00:00,0,-0.34,10416384.44
2012-17-06 09:00:00,0,-1.033,10409856.81
2012-17-06 10:00:00,0,-1.48,10402467.44
2012-17-06 11:00:00,0,-1.546,10394403.19
2012-17-06 12:00:00,0,-1.312,10385934.94
2012-17-06 13:00:00,0,-0.738,10377229.13
2012-17-06 14:00:00,0,-0.059,10368634.31
2012-17-06 15:00:00,0,0.564,10360706.63
2012-17-06 16:00:00,0,1.153,10354367
2012-17-06 17:00:00,0,1.44,10349337.31
2012-17-06 18:00:00,1.005,1.306,10344620.75
2012-17-06 19:00:00,1.608,0.749,10338726.75
2012-17-06 20:00:00,0.402,0.05,10330865.69
2012-17-06 21:00:00,0,-0.741,10321131.19
2012-17-06 22:00:00,0,-1.382,10310183.06
2012-17-06 23:00:00,0,-1.688,10298484
2012-18-06 00:00:00,0,-1.608,10286335.13
2012-18-06 01:00:00,0,-1.139,10273978.69
2012-18-06 02:00:00,0,-0.468,10261576.44
2012-18-06 03:00:00,0,0.248,10249555.38
2012-18-06 04:00:00,0,0.854,10238918.44
2012-18-06 05:00:00,0,1.238,10229942.5
2012-18-06 06:00:00,0.201,1.33,10221816.69
2012-18-06 07:00:00,0,0.911,10213406
2012-18-06 08:00:00,0.804,0.186,10203385.38
2012-18-06 09:00:00,0,-0.553,10191313.44
2012-18-06 10:00:00,0,-1.242,10177948.56
2012-18-06 11:00:00,0,-1.598,10163958.13
2012-18-06 12:00:00,0.201,-1.525,10149604.38
2012-18-06 13:00:00,0,-1.089,10134959.94
2012-18-06 14:00:00,0,-0.335,10120312.25
2012-18-06 15:00:00,0,0.32,10106207.63
2012-18-06 16:00:00,0,0.988,10093757.63
2012-18-06 17:00:00,2.814,1.554,10083281.63
2012-18-06 18:00:00,0,1.672,10074131.25
2012-18-06 19:00:00,0,1.249,10065143.06
2012-18-06 20:00:00,0,0.587,10054885.44
2012-18-06 21:00:00,0,-0.213,10042556.81
2012-18-06 22:00:00,0,-1.031,10028375.56
2012-18-06 23:00:00,0,-1.73,10013239.81
2012-19-06 00:00:00,0,-1.845,9997693.75
2012-19-06 01:00:00,0,-1.5,9981880.25
2012-19-06 02:00:00,0,-0.914,9966011
2012-19-06 03:00:00,0,-0.232,9950337.188
2012-19-06 04:00:00,0,0.542,9935341.125
2012-19-06 05:00:00,0,1.131,9922338.563
2012-19-06 06:00:00,0,1.423,9910945.688
2012-19-06 07:00:00,0,1.31,9900106.5
2012-19-06 08:00:00,0,0.666,9888438.313
2012-19-06 09:00:00,0,-0.118,9874693.563
2012-19-06 10:00:00,0,-0.836,9858952.313
2012-19-06 11:00:00,0,-1.556,9842065.25
2012-19-06 12:00:00,0,-1.798,9824768.813
2012-19-06 13:00:00,0,-1.471,9807386.188
2012-19-06 14:00:00,0,-0.916,9789939.875
2012-19-06 15:00:00,0,-0.091,9772641.063
2012-19-06 16:00:00,0,0.651,9756398.313
2012-19-06 17:00:00,0,1.324,9742312.625
2012-19-06 18:00:00,0,1.718,9730048.625
2012-19-06 19:00:00,0,1.668,9718549.875
2012-19-06 20:00:00,0,1.037,9706198.313
2012-19-06 21:00:00,0,0.26,9691779.25
2012-19-06 22:00:00,0,-0.567,9675045.25
2012-19-06 23:00:00,0,-1.442,9656842.188
2012-20-06 00:00:00,0,-1.985,9638024.75
2012-20-06 01:00:00,0,-1.855,9619045.313
2012-20-06 02:00:00,0,-1.323,9599963.375
2012-20-06 03:00:00,0,-0.636,9580725.75
2012-20-06 04:00:00,0,0.126,9561752.25
2012-20-06 05:00:00,0,0.895,9544183.75
2012-20-06 06:00:00,0,1.375,9528783.813
2012-20-06 07:00:00,0,1.673,9514774.125
2012-20-06 08:00:00,0,1.196,9500907
2012-20-06 09:00:00,0,0.41,9485412.375
2012-20-06 10:00:00,0,-0.393,9467660
2012-20-06 11:00:00,0,-1.16,9448319.563
2012-20-06 12:00:00,0.402,-1.757,9428244.75
2012-20-06 13:00:00,0.603,-1.758,9407932.813
2012-20-06 14:00:00,0,-1.188,9387577.938
2012-20-06 15:00:00,0,-0.498,9367329.688
2012-20-06 16:00:00,0.804,0.252,9347550.313
2012-20-06 17:00:00,1.005,1.033,9329505.188
2012-20-06 18:00:00,0.402,1.677,9313946.625
2012-20-06 19:00:00,0,1.828,9300082.125
2012-20-06 20:00:00,0,1.489,9286368.25
2012-20-06 21:00:00,0,0.769,9271312.063
2012-20-06 22:00:00,0,-0.101,9253991.5
2012-20-06 23:00:00,0,-1.006,9234583.25
2012-21-06 00:00:00,0.201,-1.79,9214121.375
2012-21-06 01:00:00,1.407,-2.1,9193323.813
2012-21-06 02:00:00,1.407,-1.698,9172475.188
2012-21-06 03:00:00,0.402,-1.101,9151706.813
2012-21-06 04:00:00,0.201,-0.269,9131228.625
2012-21-06 05:00:00,3.417,0.478,9111731.188
2012-21-06 06:00:00,3.618,1.283,9094620.75
2012-21-06 07:00:00,1.809,1.687,9080107.688
2012-21-06 08:00:00,1.206,1.617,9067113.813
2012-21-06 09:00:00,1.206,1.009,9054110.188
2012-21-06 10:00:00,0.201,0.173,9039673.563
2012-21-06 11:00:00,0.201,-0.58,9023868.125
2012-21-06 12:00:00,2.412,-1.411,9012543.125
2012-21-06 13:00:00,0,-1.83,9009120.375
2012-21-06 14:00:00,0,-1.464,9009262
2012-21-06 15:00:00,0,-0.921,9010757.125
2012-21-06 16:00:00,0,-0.054,9012993.688
2012-21-06 17:00:00,0,0.788,9016711.875
2012-21-06 18:00:00,0,1.39,9022498.813
2012-21-06 19:00:00,0,1.853,9029323.188
2012-21-06 20:00:00,0,1.921,9036330.875
2012-21-06 21:00:00,0.201,1.289,9041771.438
2012-21-06 22:00:00,0.402,0.502,9044081.25
2012-21-06 23:00:00,0.201,-0.42,9042848.625
2012-22-06 00:00:00,0,-1.404,9038607.438
2012-22-06 01:00:00,0,-2.005,9032772.813
2012-22-06 02:00:00,0,-1.96,9026002.625
2012-22-06 03:00:00,0.201,-1.501,9018613.813
2012-22-06 04:00:00,0.402,-0.832,9010990
2012-22-06 05:00:00,1.407,-0.012,9003313
2012-22-06 06:00:00,0,0.79,8996761.313
2012-22-06 07:00:00,0,1.375,8992604.125
2012-22-06 08:00:00,0,1.677,8990005.875
2012-22-06 09:00:00,0,1.355,8987848
2012-22-06 10:00:00,0,0.559,8984702
2012-22-06 11:00:00,0,-0.286,8979993.688
2012-22-06 12:00:00,0,-1.137,8974355.625
2012-22-06 13:00:00,0,-1.813,8968379.688
2012-22-06 14:00:00,0,-1.831,8962328.125
2012-22-06 15:00:00,0,-1.368,8956325.125
2012-22-06 16:00:00,0,-0.776,8950242.5
2012-22-06 17:00:00,0,0.065,8943965.375
2012-22-06 18:00:00,0,0.873,8938782.375
2012-22-06 19:00:00,0,1.495,8935455.813
2012-22-06 20:00:00,0,1.715,8933101.875
2012-22-06 21:00:00,0,1.536,8930505.688
2012-22-06 22:00:00,0,0.876,8926279.5
2012-22-06 23:00:00,0,-0.031,8919249.063
2012-23-06 00:00:00,0.603,-0.889,8909613.813
2012-23-06 01:00:00,0.402,-1.667,8898400.063
2012-23-06 02:00:00,0.402,-2.19,8886318.625
2012-23-06 03:00:00,0,-1.87,8873969.75
2012-23-06 04:00:00,1.206,-1.269,8861431.25
2012-23-06 05:00:00,0,-0.526,8848583.438
2012-23-06 06:00:00,0,0.279,8836039.25
2012-23-06 07:00:00,0,1.074,8825122.375
2012-23-06 08:00:00,0,1.563,8816414.313
2012-23-06 09:00:00,0,1.638,8808901.625
2012-23-06 10:00:00,0,1.163,8801095.063
2012-23-06 11:00:00,0,0.311,8791507.75
2012-23-06 12:00:00,2.814,-0.543,8779582.563
2012-23-06 13:00:00,2.211,-1.289,8766129.563
2012-23-06 14:00:00,0.402,-1.701,8752174.25
2012-23-06 15:00:00,0.402,-1.628,8738399.625
2012-23-06 16:00:00,0.201,-1.107,8724889.375
2012-23-06 17:00:00,0,-0.394,8711956.5
2012-23-06 18:00:00,0,0.423,8700674.813
2012-23-06 19:00:00,0,1.16,8692478.813
2012-23-06 20:00:00,0,1.688,8687564.438
2012-23-06 21:00:00,0,1.819,8685117.25
2012-23-06 22:00:00,1.206,1.392,8683081.375
2012-23-06 23:00:00,1.809,0.617,8679371
2012-24-06 00:00:00,0,-0.239,8673340.063
2012-24-06 01:00:00,0,-1.114,8665502.813
2012-24-06 02:00:00,0.402,-1.872,8656768.75
2012-24-06 03:00:00,1.005,-1.994,8647882.875
2012-24-06 04:00:00,0.201,-1.661,8639346.188
2012-24-06 05:00:00,0,-1.011,8631181.5
2012-24-06 06:00:00,0,-0.213,8623612
2012-24-06 07:00:00,0,0.509,8617272.563
2012-24-06 08:00:00,0,1.182,8613213.25
2012-24-06 09:00:00,0,1.559,8611156.688
2012-24-06 10:00:00,0,1.463,8609836.313
2012-24-06 11:00:00,0,0.824,8607998.313
2012-24-06 12:00:00,0,-0.076,8604375.313
2012-24-06 13:00:00,0,-0.829,8599454.875
2012-24-06 14:00:00,0,-1.397,8594127.188
2012-24-06 15:00:00,0,-1.714,8588230.563
2012-24-06 16:00:00,0,-1.486,8581684.438
2012-24-06 17:00:00,0,-0.917,8574667.875
2012-24-06 18:00:00,0,-0.126,8567187.25
2012-24-06 19:00:00,0,0.553,8559804.875
2012-24-06 20:00:00,0,1.216,8553876.188
2012-24-06 21:00:00,0,1.523,8549343.625
2012-24-06 22:00:00,0,1.522,8545000.563
2012-24-06 23:00:00,0,1.097,8539638
2012-25-06 00:00:00,0,0.212,8532103
2012-25-06 01:00:00,0,-0.594,8521761.063
2012-25-06 02:00:00,0,-1.43,8509595.438
2012-25-06 03:00:00,0,-1.916,8496470.875
2012-25-06 04:00:00,0,-1.933,8482944.875
2012-25-06 05:00:00,0,-1.429,8469194.375
2012-25-06 06:00:00,0,-0.887,8455194.125
2012-25-06 07:00:00,0,-0.151,8441063.063
2012-25-06 08:00:00,0,0.607,8427779.688
2012-25-06 09:00:00,0,1.2,8416631.125
2012-25-06 10:00:00,0,1.444,8407014.063
2012-25-06 11:00:00,0,1.16,8397477.875
2012-25-06 12:00:00,0,0.492,8386567.313
2012-25-06 13:00:00,0,-0.174,8373558.5
2012-25-06 14:00:00,0,-0.884,8358822.125
2012-25-06 15:00:00,0,-1.524,8343182.25
2012-25-06 16:00:00,0,-1.598,8327153.688
2012-25-06 17:00:00,0,-1.208,8310807.625
2012-25-06 18:00:00,0,-0.666,8294223.125
2012-25-06 19:00:00,0,0.054,8277774.375
2012-25-06 20:00:00,0,0.61,8262399.813
2012-25-06 21:00:00,0,1.215,8248854.938
2012-25-06 22:00:00,0,1.594,8236878.313
2012-25-06 23:00:00,0,1.335,8225401.813
2012-26-06 00:00:00,0,0.787,8212807.688
2012-26-06 01:00:00,0.201,0.1,8198341.5
2012-26-06 02:00:00,0,-0.663,8181942.438
2012-26-06 03:00:00,0.201,-1.452,8164297.688
2012-26-06 04:00:00,0,-1.743,8145898.75
2012-26-06 05:00:00,0,-1.68,8127238.75
2012-26-06 06:00:00,0.402,-1.148,8108531.656
2012-26-06 07:00:00,0.402,-0.519,8089906.906
2012-26-06 08:00:00,0,0.017,8071713.875
2012-26-06 09:00:00,0,0.776,8054744.875
2012-26-06 10:00:00,0,1.362,8040190.844
2012-26-06 11:00:00,0,1.476,8027179.625
2012-26-06 12:00:00,0,1.122,8014143.063
2012-26-06 13:00:00,0,0.421,7999599.031
2012-26-06 14:00:00,0,-0.201,7982931.188
2012-26-06 15:00:00,0,-0.89,7964780.719
2012-26-06 16:00:00,0,-1.411,7945862.688
2012-26-06 17:00:00,0,-1.458,7926657.281
2012-26-06 18:00:00,0,-1.128,7907397.375
2012-26-06 19:00:00,0,-0.621,7888140.125
2012-26-06 20:00:00,0,-0.015,7869172.594
2012-26-06 21:00:00,0,0.675,7851308.094
2012-26-06 22:00:00,0,1.169,7835607.938
2012-26-06 23:00:00,0.201,1.319,7821310.75
2012-27-06 00:00:00,3.015,1.209,7807236
2012-27-06 01:00:00,0.804,0.711,7792415.5
2012-27-06 02:00:00,0.603,0.034,7776128.063
2012-27-06 03:00:00,0.201,-0.699,7758271.719
2012-27-06 04:00:00,0.201,-1.356,7739561.625
2012-27-06 05:00:00,0,-1.673,7720549.219
2012-27-06 06:00:00,0.201,-1.462,7701540.625
2012-27-06 07:00:00,0,-1.051,7682590.563
2012-27-06 08:00:00,0,-0.554,7663963.875
2012-27-06 09:00:00,0.201,-0.013,7646057.656
2012-27-06 10:00:00,0,0.791,7629920.219
2012-27-06 11:00:00,0,1.307,7616765.688
2012-27-06 12:00:00,0,1.305,7605166.063
2012-27-06 13:00:00,0,0.977,7593511.688
2012-27-06 14:00:00,0,0.418,7580692.844
2012-27-06 15:00:00,0,-0.134,7566164.406
2012-27-06 16:00:00,0,-0.767,7550294.75
2012-27-06 17:00:00,0,-1.332,7533694.906
2012-27-06 18:00:00,0,-1.371,7516791.938
2012-27-06 19:00:00,0,-1.054,7499738.75
2012-27-06 20:00:00,0,-0.531,7482690.469
2012-27-06 21:00:00,0,-0.01,7465828.219
2012-27-06 22:00:00,0,0.625,7449783.688
2012-27-06 23:00:00,0,1.083,7435720.469
2012-28-06 00:00:00,0,1.313,7423033.5
2012-28-06 01:00:00,3.618,1.165,7410756.656
2012-28-06 02:00:00,2.01,0.73,7397791.906
2012-28-06 03:00:00,7.035,0.038,7383525.063
2012-28-06 04:00:00,5.025,-0.59,7367879.75
2012-28-06 05:00:00,0.804,-1.196,7352205.719
2012-28-06 06:00:00,0,-1.382,7340157.375
2012-28-06 07:00:00,0.201,-1.279,7354530.781
2012-28-06 08:00:00,0.603,-1.02,7389755.188
2012-28-06 09:00:00,0,-0.442,7441004.563
2012-28-06 10:00:00,0,0.24,7498107.125
2012-28-06 11:00:00,0,0.902,7552328.531
2012-28-06 12:00:00,0.201,1.316,7601885.594
2012-28-06 13:00:00,0.402,1.478,7646469.125
2012-28-06 14:00:00,0,1.189,7686867.781
2012-28-06 15:00:00,0,0.729,7723607.156
2012-28-06 16:00:00,0,0.108,7756528.906
2012-28-06 17:00:00,1.809,-0.586,7786235.938
2012-28-06 18:00:00,0,-1.027,7813944.656
2012-28-06 19:00:00,0,-1.092,7840251.594
2012-28-06 20:00:00,0,-1.019,7865023.25
2012-28-06 21:00:00,0.201,-0.507,7888229.5
2012-28-06 22:00:00,0,-0.017,7910070.25
2012-28-06 23:00:00,0,0.628,7931245.125
2012-29-06 00:00:00,0,1.103,7952956.5
2012-29-06 01:00:00,0,1.393,7974591.313
2012-29-06 02:00:00,0,1.364,7995548.938
2012-29-06 03:00:00,0,0.889,8014966.75
2012-29-06 04:00:00,0.201,0.303,8031866.563
2012-29-06 05:00:00,0,-0.28,8046097.563
2012-29-06 06:00:00,0,-0.9,8058415.125
2012-29-06 07:00:00,0,-1.191,8069304.438
2012-29-06 08:00:00,0.603,-1.277,8079276.375
2012-29-06 09:00:00,0.201,-0.97,8088826.938
2012-29-06 10:00:00,0.201,-0.415,8097919
2012-29-06 11:00:00,0.201,0.187,8107389.938
2012-29-06 12:00:00,0,0.863,8118211.25
2012-29-06 13:00:00,0,1.404,8131433.563
2012-29-06 14:00:00,0,1.58,8146422.938
2012-29-06 15:00:00,0.201,1.338,8162058.25
2012-29-06 16:00:00,0,0.773,8176932.438
2012-29-06 17:00:00,0.201,0.134,8189877.063
2012-29-06 18:00:00,0.201,-0.559,8200660.25
2012-29-06 19:00:00,0.603,-1.115,8209828.438
2012-29-06 20:00:00,0,-1.323,8218333.375
2012-29-06 21:00:00,0,-1.264,8226432
2012-29-06 22:00:00,0,-0.702,8234350.875
2012-29-06 23:00:00,0,-0.261,8242117.813
2012-30-06 00:00:00,0,0.375,8250223.563
2012-30-06 01:00:00,0,1.038,8260154.125
2012-30-06 02:00:00,0,1.349,8272049.375
2012-30-06 03:00:00,0,1.349,8284691.688
2012-30-06 04:00:00,0,0.96,8296929.938
2012-30-06 05:00:00,0.201,0.347,8307623.188
2012-30-06 06:00:00,0,-0.372,8316073.063
2012-30-06 07:00:00,0.402,-1.039,8322729.938
2012-30-06 08:00:00,0.201,-1.555,8328535.063
2012-30-06 09:00:00,2.01,-1.548,8334066.5
2012-30-06 10:00:00,0.603,-1.205,8339407.375
2012-30-06 11:00:00,0.201,-0.723,8344560.438
2012-30-06 12:00:00,0,-0.046,8349938.75
2012-30-06 13:00:00,1.407,0.786,8356590
2012-30-06 14:00:00,0,1.383,8365833.875
2012-30-06 15:00:00,0,1.664,8376880.25
2012-30-06 16:00:00,1.206,1.361,8388393.688
2012-30-06 17:00:00,0.402,0.816,8398750.313
2012-30-06 18:00:00,0.603,0.199,8407550.063
2012-30-06 19:00:00,0,-0.565,8414409.938
2012-30-06 20:00:00,0,-1.361,8419754.438
2012-30-06 21:00:00,0,-1.667,8424292.5
2012-30-06 22:00:00,0,-1.514,8428095.125
2012-30-06 23:00:00,0.201,-1.102,8431333.063
07/01/2012 00:00,0,-0.475,8434204.438
07/01/2012 01:00,0,0.254,8437033.5
07/01/2012 02:00,0,1.013,8441339.625
07/01/2012 03:00,0,1.423,8447622.875
07/01/2012 04:00,0,1.423,8454465.813
07/01/2012 05:00,0,0.992,8460453.375
07/01/2012 06:00,0,0.418,8464589.75
07/01/2012 07:00,0,-0.38,8466386.625
07/01/2012 08:00,0,-1.175,8466230.25
07/01/2012 09:00,0,-1.67,8465031.625
07/01/2012 10:00,0,-1.803,8463265.063
07/01/2012 11:00,0,-1.397,8461059.813
07/01/2012 12:00,0.402,-0.723,8458505.563
07/01/2012 13:00,0,-0.061,8455943
07/01/2012 14:00,0.402,0.886,8454435.125
07/01/2012 15:00,0,1.66,8455552.813
07/01/2012 16:00,0.603,1.884,8458379.375
07/01/2012 17:00,0,1.621,8461232.406
07/01/2012 18:00,0.402,1.071,8462781.938
07/01/2012 19:00,0.402,0.23,8462059.188
07/01/2012 20:00,0.201,-0.736,8458599.188
07/01/2012 21:00,0,-1.525,8453509.531
07/01/2012 22:00,0,-1.899,8447816.969
07/01/2012 23:00,0,-1.827,8441865.188
07/02/2012 00:00,0,-1.247,8435827.625
07/02/2012 01:00,0,-0.487,8429958.438
07/02/2012 02:00,0.804,0.313,8424813.281
07/02/2012 03:00,0.804,1.173,8422093.125
07/02/2012 04:00,0.201,1.659,8422234.063
07/02/2012 05:00,0,1.717,8423697.188
07/02/2012 06:00,0.201,1.369,8425054.594
07/02/2012 07:00,0,0.587,8424985.125
07/02/2012 08:00,0,-0.3,8422697.25
07/02/2012 09:00,0,-1.297,8418999.625
07/02/2012 10:00,0,-1.82,8415177.25
07/02/2012 11:00,2.01,-1.826,8411929.719
07/02/2012 12:00,0.402,-1.468,8409105.813
07/02/2012 13:00,0.603,-0.721,8406584.719
07/02/2012 14:00,0,0.171,8404660.719
07/02/2012 15:00,0,1.147,8405802.406
07/02/2012 16:00,0,1.882,8413192.625
07/02/2012 17:00,0,2.145,8425146.625
07/02/2012 18:00,0,1.795,8438325
07/02/2012 19:00,0,1.061,8451491.063
07/02/2012 20:00,0,0.122,8463205.813
07/02/2012 21:00,0,-0.932,8471687
07/02/2012 22:00,0,-1.868,8477531.406
07/02/2012 23:00,0,-2.185,8481694.063
07/03/2012 00:00,0,-1.972,8484621.75
07/03/2012 01:00,0,-1.382,8486448.531
07/03/2012 02:00,0,-0.499,8487348.531
07/03/2012 03:00,0,0.445,8488039.625
07/03/2012 04:00,0,1.42,8490570.344
07/03/2012 05:00,0,1.984,8495327.875
07/03/2012 06:00,0,1.999,8500857.969
07/03/2012 07:00,0,1.481,8505413.75
07/03/2012 08:00,0,0.611,8507462.063
07/03/2012 09:00,0,-0.299,8506236.438
07/03/2012 10:00,0,-1.366,8502449.656
07/03/2012 11:00,0,-1.918,8497372.656
07/03/2012 12:00,0,-1.989,8491711.5
07/03/2012 13:00,0.402,-1.479,8485665.688
07/03/2012 14:00,0.603,-0.467,8479321.563
07/03/2012 15:00,0.201,0.421,8473357.219
07/03/2012 16:00,0.402,1.376,8469683.938
07/03/2012 17:00,0.201,2.207,8469006.281
07/03/2012 18:00,1.005,2.465,8470525.375
07/03/2012 19:00,1.206,1.951,8472262.5
07/03/2012 20:00,0.201,1.031,8472364.5
07/03/2012 21:00,0,0.017,8470566
07/03/2012 22:00,0,-1.121,8470594.063
07/03/2012 23:00,0,-2.111,8477611.375
07/04/2012 00:00,0,-2.367,8488218.094
07/04/2012 01:00,0,-2.027,8501611.219
07/04/2012 02:00,0,-1.27,8516919.031
07/04/2012 03:00,0,-0.265,8531455
07/04/2012 04:00,0,0.662,8545324.844
07/04/2012 05:00,0,1.636,8560338.094
07/04/2012 06:00,0,2.209,8576554.688
07/04/2012 07:00,0,2.14,8592577.688
07/04/2012 08:00,0,1.372,8606337.938
07/04/2012 09:00,0,0.475,8616461.938
07/04/2012 10:00,0,-0.556,8622711.75
07/04/2012 11:00,0,-1.661,8626192.781
07/04/2012 12:00,1.608,-2.199,8628208.188
07/04/2012 13:00,0,-2.07,8629358.344
07/04/2012 14:00,0.603,-1.345,8629911.594
07/04/2012 15:00,1.206,-0.371,8630004.063
07/04/2012 16:00,0,0.615,8630517.125
07/04/2012 17:00,2.211,1.612,8633602.375
07/04/2012 18:00,0.201,2.358,8639447.719
07/04/2012 19:00,0,2.464,8647299.844
07/04/2012 20:00,0,1.864,8656938.219
07/04/2012 21:00,0,0.835,8666829.313
07/04/2012 22:00,0,-0.249,8673403.875
07/04/2012 23:00,0,-1.488,8676633.281
07/05/2012 00:00,0,-2.45,8678215.875
07/05/2012 01:00,0,-2.562,8679087.188
07/05/2012 02:00,0,-2.059,8679583.469
07/05/2012 03:00,0,-1.223,8679735.594
07/05/2012 04:00,0,-0.297,8679646.625
07/05/2012 05:00,0,0.764,8680315.156
07/05/2012 06:00,0,1.73,8683896.906
07/05/2012 07:00,0,2.157,8689909.469
07/05/2012 08:00,0,1.903,8696487.75
07/05/2012 09:00,0,1.152,8701614.313
07/05/2012 10:00,0,0.151,8704013.719
07/05/2012 11:00,0,-0.862,8703529.656
07/05/2012 12:00,0,-1.953,8701407.344
07/05/2012 13:00,0,-2.302,8698663.531
07/05/2012 14:00,0,-1.891,8695640.219
07/05/2012 15:00,0,-1.113,8692406.156
07/05/2012 16:00,0,-0.187,8689117.313
07/05/2012 17:00,0,0.825,8686566.094
07/05/2012 18:00,0,1.809,8686109.031
07/05/2012 19:00,0,2.415,8687966.063
07/05/2012 20:00,0,2.355,8690912.938
07/05/2012 21:00,0,1.593,8692774.219
07/05/2012 22:00,0,0.512,8691772.844
07/05/2012 23:00,0,-0.618,8687382.063
07/06/2012 00:00,0,-1.844,8680750.531
07/06/2012 01:00,0,-2.548,8673246.875
07/06/2012 02:00,0,-2.475,8665436.469
07/06/2012 03:00,0,-1.92,8657428.563
07/06/2012 04:00,0,-1.034,8649183.875
07/06/2012 05:00,0,-0.064,8640887.156
07/06/2012 06:00,0,1.023,8633930.969
07/06/2012 07:00,0.201,1.812,8630126.25
07/06/2012 08:00,0,2.084,8628313.313
07/06/2012 09:00,0,1.691,8626631.906
07/06/2012 10:00,0,0.843,8623214.406
07/06/2012 11:00,0,-0.087,8617043.094
07/06/2012 12:00,0,-1.167,8608381.125
07/06/2012 13:00,0.402,-2.174,8598523.656
07/06/2012 14:00,0.804,-2.201,8588232.125
07/06/2012 15:00,0.603,-1.67,8577786
07/06/2012 16:00,3.216,-0.976,8567228.625
07/06/2012 17:00,0.402,0.109,8557004.844
07/06/2012 18:00,0,0.994,8549257
07/06/2012 19:00,0,1.85,8545014.594
07/06/2012 20:00,0,2.342,8543468.344
07/06/2012 21:00,0,2.166,8543307.781
07/06/2012 22:00,0,1.254,8542800.094
07/06/2012 23:00,0,0.153,8540973.719
07/07/2012 00:00,0,-0.873,8537611.844
07/07/2012 01:00,0,-2.025,8533376.125
07/07/2012 02:00,0,-2.511,8528619.313
07/07/2012 03:00,0.201,-2.261,8523514.281
07/07/2012 04:00,0.201,-1.641,8518072.813
07/07/2012 05:00,0.402,-0.73,8512345.625
07/07/2012 06:00,0.201,0.178,8506728.688
07/07/2012 07:00,0.201,1.113,8502727.219
07/07/2012 08:00,0.603,1.727,8501345.031
07/07/2012 09:00,1.206,1.92,8501443.063
07/07/2012 10:00,0.603,1.363,8501435.75
07/07/2012 11:00,0,0.448,8499992.25
07/07/2012 12:00,0,-0.446,8499997.781
07/07/2012 13:00,0,-1.441,8504967.438
07/07/2012 14:00,0,-2.09,8511370.125
07/07/2012 15:00,0,-1.996,8521257.469
07/07/2012 16:00,0,-1.435,8531515.438
07/07/2012 17:00,0,-0.688,8540178.938
07/07/2012 18:00,0,0.345,8547388.281
07/07/2012 19:00,0,1.13,8555016.688
07/07/2012 20:00,0,1.852,8563791.344
07/07/2012 21:00,0,2.172,8573085.281
07/07/2012 22:00,0,1.774,8581387.938
07/07/2012 23:00,0,0.844,8586832.313
07/08/2012 00:00,0,-0.112,8588542.875
07/08/2012 01:00,0,-1.1,8587131.719
07/08/2012 02:00,0,-2.107,8583881.125
07/08/2012 03:00,0,-2.288,8579648.406
07/08/2012 04:00,0,-1.901,8574772.063
07/08/2012 05:00,0,-1.288,8569347.125
07/08/2012 06:00,0,-0.408,8563457.969
07/08/2012 07:00,0,0.382,8557757.719
07/08/2012 08:00,0,1.132,8553774.406
07/08/2012 09:00,0,1.71,8551796.875
07/08/2012 10:00,0,1.66,8550701.031
07/08/2012 11:00,0,0.997,8548670.688
07/08/2012 12:00,0,0.156,8544236.906
07/08/2012 13:00,0,-0.673,8537202.125
07/08/2012 14:00,0,-1.482,8528542.781
07/08/2012 15:00,0,-1.848,8519055.563
07/08/2012 16:00,0,-1.701,8509180.563
07/08/2012 17:00,0,-1.138,8499015.438
07/08/2012 18:00,0,-0.376,8488759.719
07/08/2012 19:00,0,0.442,8479033.563
07/08/2012 20:00,0.201,1.133,8471253.156
07/08/2012 21:00,0,1.693,8465484.125
07/08/2012 22:00,0,1.859,8460949.594
07/08/2012 23:00,0,1.289,8456068.594
07/09/2012 00:00,0,0.414,8449022.438
07/09/2012 01:00,0.201,-0.338,8439293.5
07/09/2012 02:00,0.201,-1.271,8427753.906
07/09/2012 03:00,0.201,-2,8415310.844
07/09/2012 04:00,0,-2,8402508.5
07/09/2012 05:00,0.201,-1.541,8389531.969
07/09/2012 06:00,0.402,-0.89,8376408.5
07/09/2012 07:00,0,-0.158,8363379.031
07/09/2012 08:00,0.201,0.446,8351104.156
07/09/2012 09:00,0.201,1.127,8340719.031
07/09/2012 10:00,0,1.487,8332277.25
07/09/2012 11:00,0,1.246,8324408.688
07/09/2012 12:00,0,0.59,8315431.875
07/09/2012 13:00,0,-0.072,8304496.219
07/09/2012 14:00,0,-0.837,8291987.719
07/09/2012 15:00,0.201,-1.478,8278767.031
07/09/2012 16:00,0,-1.66,8265418.156
07/09/2012 17:00,0,-1.401,8252121.156
07/09/2012 18:00,0,-0.911,8238909.969
07/09/2012 19:00,0,-0.176,8225978.938
07/09/2012 20:00,0,0.349,8213877.719
07/09/2012 21:00,0,1.04,8203426.906
07/09/2012 22:00,0,1.491,8195016.438
07/09/2012 23:00,0,1.334,8187391.094
07/10/2012 00:00,0,0.868,8178927.531
07/10/2012 01:00,0,0.202,8168672.719
07/10/2012 02:00,0,-0.546,8156376.906
07/10/2012 03:00,0,-1.378,8142700.719
07/10/2012 04:00,0,-1.74,8128338.563
07/10/2012 05:00,0,-1.658,8113669.719
07/10/2012 06:00,0,-1.222,8098825.938
07/10/2012 07:00,0,-0.593,8083899.594
07/10/2012 08:00,0,-0.141,8069146.969
07/10/2012 09:00,0,0.475,8055045.563
07/10/2012 10:00,0,1.064,8042713.438
07/10/2012 11:00,0,1.244,8031900.031
07/10/2012 12:00,0,0.886,8021152.922
07/10/2012 13:00,0,0.364,8009201.422
07/10/2012 14:00,0,-0.175,7995562.984
07/10/2012 15:00,0.402,-0.734,7980562.25
07/10/2012 16:00,0,-1.217,7964734.641
07/10/2012 17:00,1.005,-1.364,7948533.078
07/10/2012 18:00,1.407,-1.087,7932104.063
07/10/2012 19:00,0,-0.605,7915691.344
07/10/2012 20:00,0,-0.115,7899689.969
07/10/2012 21:00,0,0.372,7884382.438
07/10/2012 22:00,0,0.899,7870482.813
07/10/2012 23:00,0,1.184,7858071.672
07/11/2012 00:00,0,1.024,7846082.922
07/11/2012 01:00,0,0.629,7833283.781
07/11/2012 02:00,0,0.026,7818985.797
07/11/2012 03:00,0,-0.655,7803039.797
07/11/2012 04:00,1.608,-1.247,7786093.5
07/11/2012 05:00,0.201,-1.478,7768718.688
07/11/2012 06:00,0,-1.327,7751250.281
07/11/2012 07:00,0,-0.988,7733829.672
07/11/2012 08:00,0,-0.534,7716515.297
07/11/2012 09:00,0,-0.11,7699444.953
07/11/2012 10:00,0,0.452,7683055.063
07/11/2012 11:00,0,0.901,7668234.703
07/11/2012 12:00,0,0.951,7654600.234
07/11/2012 13:00,0,0.696,7640852.375
07/11/2012 14:00,0,0.245,7626061.234
07/11/2012 15:00,0.603,-0.159,7609903.219
07/11/2012 16:00,0,-0.714,7592780.094
07/11/2012 17:00,0,-1.1,7574938.047
07/11/2012 18:00,0,-1.115,7556740.313
07/11/2012 19:00,0,-0.958,7538323.781
07/11/2012 20:00,0,-0.583,7519847.703
07/11/2012 21:00,0,-0.173,7501570.719
07/11/2012 22:00,0,0.253,7483762.094
07/11/2012 23:00,0,0.657,7466957.672
07/12/2012 00:00,0,0.865,7451352.25
07/12/2012 01:00,0,0.808,7436184.688
07/12/2012 02:00,0,0.447,7420571.234
07/12/2012 03:00,0,-0.1,7403661.781
07/12/2012 04:00,0,-0.625,7385408.344
07/12/2012 05:00,0,-0.972,7366341.703
07/12/2012 06:00,0,-1.161,7346887.656
07/12/2012 07:00,0,-1.136,7327249.781
07/12/2012 08:00,0,-0.837,7307541.18
07/12/2012 09:00,0,-0.389,7287917.984
07/12/2012 10:00,0,-0.048,7268621.93
07/12/2012 11:00,0,0.463,7250005.656
07/12/2012 12:00,0,0.789,7232816.602
07/12/2012 13:00,0.201,0.869,7216603.305
07/12/2012 14:00,1.608,0.74,7200523.227
07/12/2012 15:00,0.402,0.31,7183828.039
07/12/2012 16:00,0,-0.15,7165907.617
07/12/2012 17:00,0,-0.442,7147048.531
07/12/2012 18:00,0.201,-0.763,7127685.586
07/12/2012 19:00,0.201,-0.974,7108005.703
07/12/2012 20:00,0.201,-0.865,7088207.211
07/12/2012 21:00,1.005,-0.511,7068437.578
07/12/2012 22:00,0.201,-0.214,7048943.797
07/12/2012 23:00,0,0.216,7030046.25
2012-13-07 00:00:00,0,0.603,7012302.984
2012-13-07 01:00:00,0,0.765,6995943.539
2012-13-07 02:00:00,0.201,0.771,6980160.93
2012-13-07 03:00:00,0,0.456,6964213.445
2012-13-07 04:00:00,0,0,6947197.969
2012-13-07 05:00:00,0,-0.415,6929046.969
2012-13-07 06:00:00,0,-0.814,6910224.18
2012-13-07 07:00:00,0.201,-1.022,6891090.047
2012-13-07 08:00:00,0,-0.938,6871876.211
2012-13-07 09:00:00,0,-0.715,6852738.109
2012-13-07 10:00:00,0,-0.449,6833763.391
2012-13-07 11:00:00,0,0.013,6815143.328
2012-13-07 12:00:00,0,0.409,6797417.141
2012-13-07 13:00:00,0,0.751,6781074.813
2012-13-07 14:00:00,0,0.943,6766007.996
2012-13-07 15:00:00,0,0.732,6751306.238
2012-13-07 16:00:00,0,0.444,6735929.996
2012-13-07 17:00:00,0,0.033,6719467.102
2012-13-07 18:00:00,0,-0.335,6701900.262
2012-13-07 19:00:00,0,-0.708,6683564.723
2012-13-07 20:00:00,0,-0.896,6664770.094
2012-13-07 21:00:00,0,-0.896,6645757.723
2012-13-07 22:00:00,0,-0.617,6626668.777
2012-13-07 23:00:00,0,-0.354,6607659.684
2012-14-07 00:00:00,0,0.132,6588934.324
2012-14-07 01:00:00,0,0.509,6571040.891
2012-14-07 02:00:00,0,0.739,6554354.016
2012-14-07 03:00:00,0,0.742,6538266.438
2012-14-07 04:00:00,0,0.526,6521950.977
2012-14-07 05:00:00,0,0.07,6504600.973
2012-14-07 06:00:00,0,-0.308,6485941.363
2012-14-07 07:00:00,0,-0.715,6466448.953
2012-14-07 08:00:00,0,-1.009,6446466.66
2012-14-07 09:00:00,0,-1.017,6426214.615
2012-14-07 10:00:00,0,-0.824,6405879.332
2012-14-07 11:00:00,0,-0.424,6385609.184
2012-14-07 12:00:00,0,-0.058,6365646.619
2012-14-07 13:00:00,0,0.382,6346361.309
2012-14-07 14:00:00,0,0.784,6328450.783
2012-14-07 15:00:00,0,0.975,6311876.045
2012-14-07 16:00:00,0,0.834,6295647.604
2012-14-07 17:00:00,0,0.477,6278738.766
2012-14-07 18:00:00,0,0.008,6260517.211
2012-14-07 19:00:00,0,-0.479,6241001.285
2012-14-07 20:00:00,0,-0.92,6220610.469
2012-14-07 21:00:00,0,-1.111,6199769.317
2012-14-07 22:00:00,0,-1.106,6178752.406
2012-14-07 23:00:00,0,-0.874,6157686.217
2012-15-07 00:00:00,0,-0.488,6136666.199
2012-15-07 01:00:00,0,0.055,6115959.535
2012-15-07 02:00:00,0,0.517,6096220.308
2012-15-07 03:00:00,0,0.775,6077977.131
2012-15-07 04:00:00,0,0.747,6060499.976
2012-15-07 05:00:00,0,0.55,6042835.917
2012-15-07 06:00:00,0,0.146,6024256.457
2012-15-07 07:00:00,0,-0.359,6004431.684
2012-15-07 08:00:00,0.201,-0.813,5983838.958
2012-15-07 09:00:00,0.201,-1.082,5962616.348
2012-15-07 10:00:00,0,-1.068,5941101.677
2012-15-07 11:00:00,0,-0.877,5919532.604
2012-15-07 12:00:00,0.201,-0.448,5898058.802
2012-15-07 13:00:00,0,0.031,5876965.135
2012-15-07 14:00:00,0,0.579,5856888.638
2012-15-07 15:00:00,0,0.989,5838751.732
2012-15-07 16:00:00,0.402,1.128,5821948.952
2012-15-07 17:00:00,0,0.909,5805286.867
2012-15-07 18:00:00,0,0.537,5787801.665
2012-15-07 19:00:00,0.201,-0.003,5768899.56
2012-15-07 20:00:00,0,-0.582,5748539.53
2012-15-07 21:00:00,0,-1.121,5727288.211
2012-15-07 22:00:00,0,-1.257,5705615.436
2012-15-07 23:00:00,0.201,-1.21,5683832.701
2012-16-07 00:00:00,0,-0.823,5662053.459
2012-16-07 01:00:00,0,-0.35,5640422.094
2012-16-07 02:00:00,0,0.274,5619352.081
2012-16-07 03:00:00,0.804,0.727,5599781.496
2012-16-07 04:00:00,2.412,1.099,5582092.503
2012-16-07 05:00:00,0.804,1.023,5565424.395
2012-16-07 06:00:00,2.613,0.693,5548552.266
2012-16-07 07:00:00,2.412,0.21,5530747.017
2012-16-07 08:00:00,0.603,-0.386,5511724.233
2012-16-07 09:00:00,0.804,-0.916,5492032.443
2012-16-07 10:00:00,1.005,-1.198,5472315.927
2012-16-07 11:00:00,0.804,-1.204,5453598.783
2012-16-07 12:00:00,0.201,-0.841,5441144.4
2012-16-07 13:00:00,0,-0.289,5434613.568
2012-16-07 14:00:00,0,0.228,5432766.803
2012-16-07 15:00:00,0.402,0.86,5437055.329
2012-16-07 16:00:00,0,1.257,5445424.174
2012-16-07 17:00:00,0.201,1.355,5455652.056
2012-16-07 18:00:00,0.201,1.046,5465408.736
2012-16-07 19:00:00,0,0.506,5472900.115
2012-16-07 20:00:00,0.201,-0.241,5477142.176
2012-16-07 21:00:00,0.201,-0.93,5479119.115
2012-16-07 22:00:00,0.201,-1.401,5481235.867
2012-16-07 23:00:00,0,-1.626,5483444.23
2012-17-07 00:00:00,0,-1.484,5485525.719
2012-17-07 01:00:00,0,-0.831,5487283.715
2012-17-07 02:00:00,0,-0.243,5488710.406
2012-17-07 03:00:00,0.402,0.424,5490270.531
2012-17-07 04:00:00,0,0.941,5493096.418
2012-17-07 05:00:00,0.201,1.209,5497133.777
2012-17-07 06:00:00,0.402,1.145,5501159.078
2012-17-07 07:00:00,0,0.624,5503944.211
2012-17-07 08:00:00,0,0.012,5504523.406
2012-17-07 09:00:00,0.201,-0.723,5502877.438
2012-17-07 10:00:00,0.201,-1.267,5499716.867
2012-17-07 11:00:00,0.201,-1.489,5495721.688
2012-17-07 12:00:00,0,-1.312,5491189.813
2012-17-07 13:00:00,0,-0.783,5486238.781
2012-17-07 14:00:00,0,-0.124,5481082.727
2012-17-07 15:00:00,0,0.545,5476472.953
2012-17-07 16:00:00,0,1.179,5473798.07
2012-17-07 17:00:00,0,1.52,5472832.146
2012-17-07 18:00:00,0,1.574,5472407.672
2012-17-07 19:00:00,0,1.06,5471137.113
2012-17-07 20:00:00,0.201,0.284,5467551.666
2012-17-07 21:00:00,3.819,-0.409,5461910.938
2012-17-07 22:00:00,0.603,-1.109,5455089.934
2012-17-07 23:00:00,0.402,-1.59,5447896.283
2012-18-07 00:00:00,0,-1.622,5440905.02
2012-18-07 01:00:00,0,-1.335,5435143.424
2012-18-07 02:00:00,0,-0.595,5431636.346
2012-18-07 03:00:00,0.804,0.073,5430451.932
2012-18-07 04:00:00,0.402,0.86,5433113.557
2012-18-07 05:00:00,0,1.255,5440530.057
2012-18-07 06:00:00,0,1.449,5449979.311
2012-18-07 07:00:00,0,1.169,5459440.531
2012-18-07 08:00:00,0,0.514,5467198.906
2012-18-07 09:00:00,0,-0.376,5472049.355
2012-18-07 10:00:00,0,-1.056,5474614.355
2012-18-07 11:00:00,0,-1.568,5476145.469
2012-18-07 12:00:00,0,-1.63,5477079.695
2012-18-07 13:00:00,0,-1.247,5477481.355
2012-18-07 14:00:00,0,-0.588,5477370.176
2012-18-07 15:00:00,0,0.233,5477040.969
2012-18-07 16:00:00,0,0.963,5478018.992
2012-18-07 17:00:00,0,1.554,5481349.57
2012-18-07 18:00:00,0,1.791,5485982.73
2012-18-07 19:00:00,0.201,1.495,5490425.977
2012-18-07 20:00:00,0,0.781,5492812.066
2012-18-07 21:00:00,0,0.015,5492097.715
2012-18-07 22:00:00,0,-0.891,5488507.504
2012-18-07 23:00:00,0,-1.806,5483219.402
2012-19-07 00:00:00,0,-2.043,5477100.57
2012-19-07 01:00:00,0,-1.773,5470487.895
2012-19-07 02:00:00,0,-1.218,5463478.773
2012-19-07 03:00:00,0,-0.406,5456232.27
2012-19-07 04:00:00,0,0.369,5449393.293
2012-19-07 05:00:00,0,1.1,5444604.672
2012-19-07 06:00:00,0,1.586,5442352.43
2012-19-07 07:00:00,0,1.528,5441069.309
2012-19-07 08:00:00,0,0.868,5438720.805
2012-19-07 09:00:00,0,0.118,5433796.508
2012-19-07 10:00:00,0,-0.698,5426319.68
2012-19-07 11:00:00,0,-1.566,5417375.047
2012-19-07 12:00:00,0,-1.958,5407798.818
2012-19-07 13:00:00,0,-1.787,5397988.822
2012-19-07 14:00:00,0,-1.215,5388017.016
2012-19-07 15:00:00,0,-0.329,5377957.084
2012-19-07 16:00:00,0,0.414,5368456.947
2012-19-07 17:00:00,0,1.205,5361249.879
2012-19-07 18:00:00,0,1.732,5356801.465
2012-19-07 19:00:00,0,1.814,5353695.342
2012-19-07 20:00:00,0,1.216,5349954.537
2012-19-07 21:00:00,0,0.441,5343743.477
2012-19-07 22:00:00,0,-0.527,5334574.208
2012-19-07 23:00:00,0,-1.457,5323370.715
2012-20-07 00:00:00,0,-2.245,5311369.39
2012-20-07 01:00:00,0,-2.203,5299109.351
2012-20-07 02:00:00,0,-1.739,5286701.21
2012-20-07 03:00:00,0,-1.013,5274180.128
2012-20-07 04:00:00,0,-0.073,5261727.209
2012-20-07 05:00:00,0,0.693,5250397.339
2012-20-07 06:00:00,0,1.392,5241968.885
2012-20-07 07:00:00,0,1.762,5235884.905
2012-20-07 08:00:00,0,1.427,5230330.392
2012-20-07 09:00:00,0,0.683,5223083.05
2012-20-07 10:00:00,0,-0.193,5213219.927
2012-20-07 11:00:00,0,-1.195,5200916.952
2012-20-07 12:00:00,0,-1.909,5187463.154
2012-20-07 13:00:00,0,-2.058,5173676.552
2012-20-07 14:00:00,0,-1.663,5159799.835
2012-20-07 15:00:00,0,-0.936,5145865.239
2012-20-07 16:00:00,0,0.011,5132080.07
2012-20-07 17:00:00,0,0.804,5119684.86
2012-20-07 18:00:00,0,1.575,5110521.678
2012-20-07 19:00:00,0,1.982,5103883.012
2012-20-07 20:00:00,0,1.705,5097948.518
2012-20-07 21:00:00,0,0.973,5090392.785
2012-20-07 22:00:00,0,-0.047,5079846.921
2012-20-07 23:00:00,0,-0.974,5066434.884
2012-21-07 00:00:00,0,-1.987,5051705.912
2012-21-07 01:00:00,0,-2.438,5036559.629
2012-21-07 02:00:00,0,-2.159,5021293.651
2012-21-07 03:00:00,0,-1.577,5005938.331
2012-21-07 04:00:00,0,-0.658,4990530.745
2012-21-07 05:00:00,0,0.205,4975450.795
2012-21-07 06:00:00,0,1.123,4962430.131
2012-21-07 07:00:00,0,1.637,4952770.13
2012-21-07 08:00:00,0,1.739,4944666.807
2012-21-07 09:00:00,0,1.24,4936232.705
2012-21-07 10:00:00,0,0.292,4925493.686
2012-21-07 11:00:00,0,-0.673,4911720.081
2012-21-07 12:00:00,0,-1.617,4896218.993
2012-21-07 13:00:00,0,-2.193,4880161.572
2012-21-07 14:00:00,0,-1.93,4863988.931
2012-21-07 15:00:00,0,-1.387,4847745.599
2012-21-07 16:00:00,0,-0.603,4831449.374
2012-21-07 17:00:00,0,0.391,4815600.932
2012-21-07 18:00:00,0,1.238,4802378.945
2012-21-07 19:00:00,0,1.819,4792504.511
2012-21-07 20:00:00,0,2.04,4784513.323
2012-21-07 21:00:00,0,1.546,4776482.478
2012-21-07 22:00:00,0,0.657,4766122.819
2012-21-07 23:00:00,0,-0.251,4752594.024
2012-22-07 00:00:00,0,-1.328,4736729.627
2012-22-07 01:00:00,0,-2.294,4719874.347
2012-22-07 02:00:00,0,-2.351,4702788.347
2012-22-07 03:00:00,0,-1.822,4685654.182
2012-22-07 04:00:00,0,-1.189,4668486.708
2012-22-07 05:00:00,0,-0.172,4651393.827
2012-22-07 06:00:00,0,0.693,4635390.342
2012-22-07 07:00:00,0,1.51,4622705.828
2012-22-07 08:00:00,0,1.922,4612895.818
2012-22-07 09:00:00,0,1.713,4604005.878
2012-22-07 10:00:00,0,1,4593747.027
2012-22-07 11:00:00,0,0.034,4580629.465
2012-22-07 12:00:00,0,-0.863,4564749.099
2012-22-07 13:00:00,0,-1.775,4547606.965
2012-22-07 14:00:00,0,-2.116,4530072.512
2012-22-07 15:00:00,0,-1.679,4512507.005
2012-22-07 16:00:00,0,-1.009,4494948.672
2012-22-07 17:00:00,0,-0.05,4477587.706
2012-22-07 18:00:00,0.201,0.771,4461548.922
2012-22-07 19:00:00,0.402,1.572,4448957.301
2012-22-07 20:00:00,0.603,2.023,4439294.131
2012-22-07 21:00:00,0.804,2,4430959.698
2012-22-07 22:00:00,1.407,1.339,4421833.796
2012-22-07 23:00:00,1.608,0.307,4409947.102
2012-23-07 00:00:00,1.407,-0.668,4395004.749
2012-23-07 01:00:00,1.005,-1.661,4378628.118
2012-23-07 02:00:00,2.613,-2.287,4362000.961
2012-23-07 03:00:00,2.01,-2.203,4345588.109
2012-23-07 04:00:00,1.407,-1.595,4329606.962
2012-23-07 05:00:00,1.206,-0.786,4314198.572
2012-23-07 06:00:00,2.211,0.082,4300217.466
2012-23-07 07:00:00,1.809,1.048,4294172.385
2012-23-07 08:00:00,1.005,1.745,4300280.708
2012-23-07 09:00:00,0.804,1.874,4314012.141
2012-23-07 10:00:00,3.015,1.529,4332239.264
2012-23-07 11:00:00,1.809,0.643,4355482.147
2012-23-07 12:00:00,0.804,-0.342,4382353.778
2012-23-07 13:00:00,2.01,-1.24,4417199.535
2012-23-07 14:00:00,3.015,-2.008,4460670.762
2012-23-07 15:00:00,1.005,-2.034,4511212.707
2012-23-07 16:00:00,0.402,-1.483,4569268.906
2012-23-07 17:00:00,0.402,-0.801,4634677.906
2012-23-07 18:00:00,0.201,0.132,4704465.781
2012-23-07 19:00:00,0.603,0.896,4776295.703
2012-23-07 20:00:00,0.402,1.576,4847524.625
2012-23-07 21:00:00,0.201,1.951,4914750.781
2012-23-07 22:00:00,0,1.696,4976692.484
2012-23-07 23:00:00,0,0.799,5030710.703
2012-24-07 00:00:00,0,-0.044,5075952.453
2012-24-07 01:00:00,0,-0.908,5114044.828
2012-24-07 02:00:00,0,-1.963,5147039.938
2012-24-07 03:00:00,0.201,-2.338,5176613.063
2012-24-07 04:00:00,0,-1.929,5203458.031
2012-24-07 05:00:00,0,-1.341,5227806.469
2012-24-07 06:00:00,0,-0.518,5249921
2012-24-07 07:00:00,0,0.315,5270742.875
2012-24-07 08:00:00,0,1.148,5292444.875
2012-24-07 09:00:00,0,1.617,5315759.5
2012-24-07 10:00:00,0,1.749,5339162.688
2012-24-07 11:00:00,0,1.164,5361053.094
2012-24-07 12:00:00,0,0.228,5379482.344
2012-24-07 13:00:00,0,-0.574,5393928.938
2012-24-07 14:00:00,0,-1.457,5405910.688
2012-24-07 15:00:00,0,-1.949,5416596.563
2012-24-07 16:00:00,2.613,-1.847,5426493.813
2012-24-07 17:00:00,3.417,-1.314,5435767.125
2012-24-07 18:00:00,0,-0.497,5444702.031
2012-24-07 19:00:00,1.206,0.207,5454046.125
2012-24-07 20:00:00,1.407,0.929,5465461.031
2012-24-07 21:00:00,0.402,1.53,5481195.781
2012-24-07 22:00:00,0,1.697,5501339.094
2012-24-07 23:00:00,0,1.283,5524722.375
2012-25-07 00:00:00,0,0.484,5549505.438
2012-25-07 01:00:00,0,-0.36,5573248.438
2012-25-07 02:00:00,0,-1.169,5596054.563
2012-25-07 03:00:00,0,-2.054,5618101.5
2012-25-07 04:00:00,0,-2.17,5639171.375
2012-25-07 05:00:00,0,-1.711,5659027.875
2012-25-07 06:00:00,0,-1.162,5677605.438
2012-25-07 07:00:00,0,-0.465,5695119.969
2012-25-07 08:00:00,0,0.337,5712153.156
2012-25-07 09:00:00,0,1.097,5730521.781
2012-25-07 10:00:00,0,1.553,5750829.188
2012-25-07 11:00:00,0,1.419,5771392.906
2012-25-07 12:00:00,0,0.683,5790082.438
2012-25-07 13:00:00,0,0.002,5805592.344
2012-25-07 14:00:00,0,-0.67,5818356.344
2012-25-07 15:00:00,0,-1.507,5829501.688
2012-25-07 16:00:00,0,-1.894,5839720.281
2012-25-07 17:00:00,0,-1.611,5849354.5
2012-25-07 18:00:00,0,-1.114,5858496.938
2012-25-07 19:00:00,0,-1.032,5867233.781
2012-25-07 20:00:00,0,-0.39,5875620.656
2012-25-07 21:00:00,0,0.312,5884143.281
2012-25-07 22:00:00,0,1.414,5894766.969
2012-25-07 23:00:00,0,1.484,5908103.781
2012-26-07 00:00:00,0,1.043,5920904.688
2012-26-07 01:00:00,0,0.391,5931556.781
2012-26-07 02:00:00,0,-0.338,5939462.5
2012-26-07 03:00:00,0,-1.16,5945322.688
2012-26-07 04:00:00,0,-1.775,5950093.156
2012-26-07 05:00:00,0,-1.804,5954265.75
2012-26-07 06:00:00,0,-1.389,5958056.875
2012-26-07 07:00:00,0,-0.922,5961602.031
2012-26-07 08:00:00,0,-0.264,5965060.469
2012-26-07 09:00:00,0,0.447,5968993.969
2012-26-07 10:00:00,0,1.146,5974999.094
2012-26-07 11:00:00,0,1.446,5983086.5
2012-26-07 12:00:00,0,1.305,5991535.563
2012-26-07 13:00:00,0,0.775,5998774
2012-26-07 14:00:00,0,0.163,6003761.781
2012-26-07 15:00:00,0,-0.509,6006402.031
2012-26-07 16:00:00,0,-1.266,6007558.094
2012-26-07 17:00:00,0,-1.482,6007880.984
2012-26-07 18:00:00,0,-1.211,6007767.875
2012-26-07 19:00:00,0,-0.864,6007366.297
2012-26-07 20:00:00,0,-0.387,6006786.516
2012-26-07 21:00:00,0,0.203,6006433.438
2012-26-07 22:00:00,0,0.897,6007448.75
2012-26-07 23:00:00,0,1.31,6010655.531
2012-27-07 00:00:00,0,1.347,6014675.078
2012-27-07 01:00:00,0,0.934,6018049.625
2012-27-07 02:00:00,0.201,0.387,6019529.938
2012-27-07 03:00:00,0,-0.21,6018679.531
2012-27-07 04:00:00,0,-0.955,6016059.734
2012-27-07 05:00:00,0,-1.483,6012373.125
2012-27-07 06:00:00,0,-1.485,6008201.219
2012-27-07 07:00:00,0,-1.28,6003723.516
2012-27-07 08:00:00,0,-0.829,5999053.125
2012-27-07 09:00:00,0,-0.189,5994387.016
2012-27-07 10:00:00,0,0.403,5990343.203
2012-27-07 11:00:00,0,0.995,5988115.094
2012-27-07 12:00:00,0,1.372,5987917.844
2012-27-07 13:00:00,0,1.202,5988324.453
2012-27-07 14:00:00,0,0.753,5987702.188
2012-27-07 15:00:00,0,0.254,5985229.031
2012-27-07 16:00:00,0,-0.422,5980662.391
2012-27-07 17:00:00,0,-1.074,5974454.984
2012-27-07 18:00:00,0,-1.28,5967380.047
2012-27-07 19:00:00,0,-1.224,5959886.438
2012-27-07 20:00:00,0,-0.98,5952130.203
2012-27-07 21:00:00,0,-0.541,5944248.672
2012-27-07 22:00:00,0,0.049,5936459.359
2012-27-07 23:00:00,0,0.593,5929536.969
2012-28-07 00:00:00,0,1.032,5924453.625
2012-28-07 01:00:00,0,1.161,5920560.234
2012-28-07 02:00:00,0,0.955,5916576.984
2012-28-07 03:00:00,0,0.435,5911350.234
2012-28-07 04:00:00,0,-0.066,5904094.063
2012-28-07 05:00:00,0,-0.697,5895259.5
2012-28-07 06:00:00,0,-1.192,5885446.609
2012-28-07 07:00:00,0,-1.312,5875128.5
2012-28-07 08:00:00,0,-1.196,5864561.625
2012-28-07 09:00:00,0,-0.845,5853917.18
2012-28-07 10:00:00,0,-0.372,5843333.078
2012-28-07 11:00:00,0,0.266,5833179.719
2012-28-07 12:00:00,0,0.925,5824702.766
2012-28-07 13:00:00,0,1.314,5818585.602
2012-28-07 14:00:00,0,1.339,5813472.055
2012-28-07 15:00:00,0,0.916,5807986.977
2012-28-07 16:00:00,0,0.405,5800873.43
2012-28-07 17:00:00,1.005,-0.119,5791603.898
2012-28-07 18:00:00,0,-0.801,5780789.781
2012-28-07 19:00:00,0,-1.26,5769103.625
2012-28-07 20:00:00,0,-1.32,5756992.258
2012-28-07 21:00:00,0,-1.135,5744689.719
2012-28-07 22:00:00,0,-0.709,5732280.953
2012-28-07 23:00:00,0,-0.242,5719968.859
2012-29-07 00:00:00,0,0.401,5708256.367
2012-29-07 01:00:00,0,0.946,5698376.105
2012-29-07 02:00:00,0,1.18,5690346.535
2012-29-07 03:00:00,0,1.017,5682711.555
2012-29-07 04:00:00,0,0.731,5674330.199
2012-29-07 05:00:00,0,0.158,5664494.906
2012-29-07 06:00:00,0,-0.493,5652772.227
2012-29-07 07:00:00,0,-1.049,5639836.754
2012-29-07 08:00:00,0,-1.351,5626313.125
2012-29-07 09:00:00,0,-1.308,5612525.391
2012-29-07 10:00:00,0,-0.966,5598650.242
2012-29-07 11:00:00,0,-0.465,5584849.836
2012-29-07 12:00:00,0.603,0.097,5571417.852
2012-29-07 13:00:00,1.407,0.922,5559417.83
2012-29-07 14:00:00,0,1.433,5550375.807
2012-29-07 15:00:00,0,1.461,5542849.877
2012-29-07 16:00:00,0,1.222,5535244.424
2012-29-07 17:00:00,1.407,0.674,5526386.201
2012-29-07 18:00:00,0,0.072,5515494.891
2012-29-07 19:00:00,0,-0.662,5502733.646
2012-29-07 20:00:00,1.005,-1.332,5488712.626
2012-29-07 21:00:00,0,-1.521,5474142.643
2012-29-07 22:00:00,0,-1.381,5459416.867
2012-29-07 23:00:00,0,-0.956,5444648.492
2012-30-07 00:00:00,0,-0.399,5429977.707
2012-30-07 01:00:00,0,0.294,5415770.452
2012-30-07 02:00:00,0,0.936,5403344.841
2012-30-07 03:00:00,0,1.39,5393388.462
2012-30-07 04:00:00,0,1.27,5384455.996
2012-30-07 05:00:00,0,0.949,5374896.786
2012-30-07 06:00:00,0,0.39,5363838.6
2012-30-07 07:00:00,0,-0.342,5350634.155
2012-30-07 08:00:00,0,-1.044,5335851.175
2012-30-07 09:00:00,0,-1.433,5320528.945
2012-30-07 10:00:00,0,-1.445,5304847.074
2012-30-07 11:00:00,0,-1.118,5288965.408
2012-30-07 12:00:00,0,-0.536,5273084.224
2012-30-07 13:00:00,0,0.142,5257565.785
2012-30-07 14:00:00,0,1.037,5243799.152
2012-30-07 15:00:00,0,1.685,5233389.786
2012-30-07 16:00:00,0,1.765,5224818.283
2012-30-07 17:00:00,0,1.469,5216138.364
2012-30-07 18:00:00,0,0.917,5206003.525
2012-30-07 19:00:00,0,0.165,5193581.042
2012-30-07 20:00:00,0,-0.734,5178695.883
2012-30-07 21:00:00,0,-1.487,5162407.54
2012-30-07 22:00:00,0,-1.763,5145606.575
2012-30-07 23:00:00,0,-1.573,5128664.611
2012-31-07 00:00:00,0,-1.066,5111678.354
2012-31-07 01:00:00,0,-0.397,5094768.306
2012-31-07 02:00:00,0,0.4,5078458.816
2012-31-07 03:00:00,0,1.201,5064558.086
2012-31-07 04:00:00,0,1.698,5053637.453
2012-31-07 05:00:00,0,1.713,5044073.569
2012-31-07 06:00:00,0,1.288,5034065.292
2012-31-07 07:00:00,0.402,0.597,5022167.382
2012-31-07 08:00:00,0,-0.221,5007706.728
2012-31-07 09:00:00,0.804,-1.004,4991247.306
2012-31-07 10:00:00,0.402,-1.558,4973937.448
2012-31-07 11:00:00,0.804,-1.584,4956431.652
2012-31-07 12:00:00,0.402,-1.125,4938940.647
2012-31-07 13:00:00,1.608,-0.379,4921649.001
2012-31-07 14:00:00,0.402,0.458,4905174.818
2012-31-07 15:00:00,0,1.284,4891556.832
2012-31-07 16:00:00,0.201,1.999,4881472.834
2012-31-07 17:00:00,0.804,2.214,4873693.216
2012-31-07 18:00:00,0.603,1.878,4866184.853
2012-31-07 19:00:00,1.206,1.102,4856900.65
2012-31-07 20:00:00,0.402,0.244,4844773.47
2012-31-07 21:00:00,0,-0.777,4829969.736
2012-31-07 22:00:00,0,-1.521,4813774.036
2012-31-07 23:00:00,0.201,-1.823,4797287.995
08/01/2012 00:00,0.402,-1.633,4781032.46
08/01/2012 01:00,1.005,-0.921,4765019.867
08/01/2012 02:00,0,-0.039,4749417.718
08/01/2012 03:00,0,0.774,4735361.15
08/01/2012 04:00,0,1.676,4725060.744
08/01/2012 05:00,0,2.193,4718276.343
08/01/2012 06:00,0,2.145,4713274.661
08/01/2012 07:00,0,1.589,4708010.985
08/01/2012 08:00,0,0.737,4700824.65
08/01/2012 09:00,0,-0.208,4690895.308
08/01/2012 10:00,0.402,-1.079,4678770.589
08/01/2012 11:00,0.402,-1.542,4665809.594
08/01/2012 12:00,1.206,-1.371,4652732.572
08/01/2012 13:00,0,-0.926,4639765.289
08/01/2012 14:00,0,-0.169,4627117.303
08/01/2012 15:00,0,0.783,4615652.185
08/01/2012 16:00,0,1.739,4607987.173
08/01/2012 17:00,0,2.381,4604003.344
08/01/2012 18:00,0,2.483,4602357.39
08/01/2012 19:00,0,1.957,4600794.983
08/01/2012 20:00,0,0.963,4596843.311
08/01/2012 21:00,0,-0.052,4589382.344
08/01/2012 22:00,0,-1.095,4579113.191
08/01/2012 23:00,0,-2.096,4567605.191
08/02/2012 00:00,0,-2.249,4555691.04
08/02/2012 01:00,0,-1.698,4543555.459
08/02/2012 02:00,0,-0.949,4531223.846
08/02/2012 03:00,0,-0.015,4518887.579
08/02/2012 04:00,0,0.937,4507859.063
08/02/2012 05:00,0,1.832,4500601.422
08/02/2012 06:00,0,2.32,4496415.377
08/02/2012 07:00,0.201,2.091,4493238.077
08/02/2012 08:00,0,1.337,4488378.311
08/02/2012 09:00,0,0.36,4480267.963
08/02/2012 10:00,0,-0.575,4468825.209
08/02/2012 11:00,0,-1.587,4455450.07
08/02/2012 12:00,0,-1.939,4441359.726
08/02/2012 13:00,0,-1.689,4427037.351
08/02/2012 14:00,0,-0.999,4412584.99
08/02/2012 15:00,0,0.076,4398282.773
08/02/2012 16:00,0,1.12,4385780.695
08/02/2012 17:00,0,1.999,4377569.918
08/02/2012 18:00,0,2.58,4372677.983
08/02/2012 19:00,0,2.611,4369541.948
08/02/2012 20:00,0,1.906,4365441.95
08/02/2012 21:00,0,0.767,4357833.632
08/02/2012 22:00,0.201,-0.343,4346105.021
08/02/2012 23:00,0,-1.493,4331651.789
08/03/2012 00:00,0,-2.346,4316209.925
08/03/2012 01:00,0,-2.215,4300550.383
08/03/2012 02:00,0,-1.586,4284833.667
08/03/2012 03:00,0,-0.781,4269079.937
08/03/2012 04:00,0,0.226,4253583.507
08/03/2012 05:00,0,1.296,4240380.629
08/03/2012 06:00,0,2.107,4231631.43
08/03/2012 07:00,0,2.395,4225702.287
08/03/2012 08:00,0,1.954,4220045.039
08/03/2012 09:00,0,1.055,4211971.545
08/03/2012 10:00,0,0.111,4200454.882
08/03/2012 11:00,0,-0.947,4186027.997
08/03/2012 12:00,2.412,-1.937,4170176.716
08/03/2012 13:00,1.206,-2.151,4153941.23
08/03/2012 14:00,0.201,-1.512,4137804.764
08/03/2012 15:00,0,-0.688,4121894.882
08/03/2012 16:00,1.407,0.404,4106596.057
08/03/2012 17:00,0.804,1.357,4094234.027
08/03/2012 18:00,1.005,2.218,4086395.349
08/03/2012 19:00,0.402,2.676,4082530.793
08/03/2012 20:00,2.412,2.46,4084562.131
08/03/2012 21:00,0.402,1.502,4088312.783
08/03/2012 22:00,0,0.32,4089370.156
08/03/2012 23:00,0,-0.734,4086895.56
08/04/2012 00:00,0,-1.963,4082373.231
08/04/2012 01:00,0,-2.451,4077063.95
08/04/2012 02:00,0,-2.177,4071573.178
08/04/2012 03:00,0.603,-1.489,4066023.569
08/04/2012 04:00,0.201,-0.467,4060383.64
08/04/2012 05:00,0,0.488,4055254.142
08/04/2012 06:00,0,1.484,4053094.804
08/04/2012 07:00,0.201,2.096,4054711.938
08/04/2012 08:00,0,2.192,4058000.037
08/04/2012 09:00,0,1.635,4060519.924
08/04/2012 10:00,0,0.583,4059877.994
08/04/2012 11:00,0,-0.403,4055326.733
08/04/2012 12:00,0,-1.492,4048292.207
08/04/2012 13:00,0,-2.215,4040209.204
08/04/2012 14:00,2.412,-2.06,4031783.13
08/04/2012 15:00,0,-1.395,4023201.24
08/04/2012 16:00,1.005,-0.522,4014674.341
08/04/2012 17:00,0,0.577,4006914.752
08/04/2012 18:00,0,1.493,4003042.143
08/04/2012 19:00,0,2.264,4003967.166
08/04/2012 20:00,0.804,2.486,4008116.617
08/04/2012 21:00,0,2.001,4013028.377
08/04/2012 22:00,0,0.966,4016100.953
08/04/2012 23:00,0,-0.098,4015964.692
08/05/2012 00:00,0,-1.282,4013005.983
08/05/2012 01:00,0,-2.313,4008540.254
08/05/2012 02:00,0,-2.422,4003358.05
08/05/2012 03:00,0,-1.885,3997659.746
08/05/2012 04:00,0,-1.147,3991491.744
08/05/2012 05:00,0,-0.148,3984993.538
08/05/2012 06:00,0,0.745,3979209.046
08/05/2012 07:00,0,1.615,3976854.838
08/05/2012 08:00,0,2.088,3977570.021
08/05/2012 09:00,0,1.967,3979284.863
08/05/2012 10:00,0,1.092,3979273.419
08/05/2012 11:00,0,0.143,3975570.978
08/05/2012 12:00,0.201,-0.744,3968615.43
08/05/2012 13:00,0,-1.771,3959977.577
08/05/2012 14:00,0,-2.12,3950651.25
08/05/2012 15:00,0,-1.683,3941070.871
08/05/2012 16:00,0,-1.074,3931316.735
08/05/2012 17:00,0,-0.117,3921544.571
08/05/2012 18:00,0.201,0.882,3912840.472
08/05/2012 19:00,0,1.628,3908014.45
08/05/2012 20:00,0,2.198,3906212.782
08/05/2012 21:00,0,2.227,3906050.929
08/05/2012 22:00,0,1.475,3904800.454
08/05/2012 23:00,0,0.501,3900070.125
08/06/2012 00:00,0,-0.429,3891738.332
08/06/2012 01:00,0,-1.585,3881197.591
08/06/2012 02:00,0,-2.227,3869758.716
08/06/2012 03:00,0,-2.015,3858084.269
08/06/2012 04:00,0,-1.473,3846331.387
08/06/2012 05:00,0,-0.657,3834522.251
08/06/2012 06:00,0,0.284,3822994.278
08/06/2012 07:00,0,0.988,3813401.247
08/06/2012 08:00,0,1.688,3807293.69
08/06/2012 09:00,0,1.939,3803522.565
08/06/2012 10:00,0,1.554,3799949.475
08/06/2012 11:00,0,0.674,3794140.619
08/06/2012 12:00,0,-0.158,3785036.169
08/06/2012 13:00,0,-1.022,3773603.654
08/06/2012 14:00,0,-1.821,3761158.933
08/06/2012 15:00,0,-1.778,3748392.588
08/06/2012 16:00,0.402,-1.313,3735505.08
08/06/2012 17:00,0.201,-0.671,3722611.48
08/06/2012 18:00,0,0.299,3710129.82
08/06/2012 19:00,0,1.019,3699766.175
08/06/2012 20:00,0,1.67,3693046.229
08/06/2012 21:00,0,2.03,3688836.779
08/06/2012 22:00,0,1.712,3685320.558
08/06/2012 23:00,0,1.036,3680016.647
08/07/2012 00:00,0,0.169,3671833.072
08/07/2012 01:00,0,-0.79,3660893.576
08/07/2012 02:00,0,-1.732,3648597.037
08/07/2012 03:00,0,-1.914,3635993.917
08/07/2012 04:00,0,-1.557,3623552.715
08/07/2012 05:00,0,-1.053,3611441.935
08/07/2012 06:00,0,-0.229,3599821.569
08/07/2012 07:00,0,0.423,3589269.568
08/07/2012 08:00,0,1.149,3581227.962
08/07/2012 09:00,0,1.637,3576589.135
08/07/2012 10:00,0,1.655,3573515.271
08/07/2012 11:00,0,1.059,3569773.278
08/07/2012 12:00,0,0.325,3563527.628
08/07/2012 13:00,0,-0.406,3554629.143
08/07/2012 14:00,0,-1.217,3544143.121
08/07/2012 15:00,0,-1.62,3532953.331
08/07/2012 16:00,0,-1.4,3521558.967
08/07/2012 17:00,0,-0.942,3510174.615
08/07/2012 18:00,0,-0.258,3498929.872
08/07/2012 19:00,0,0.374,3488368.822
08/07/2012 20:00,0,1.039,3479839.067
08/07/2012 21:00,0,1.589,3474521.94
08/07/2012 22:00,0,1.666,3470937.6
08/07/2012 23:00,0,1.286,3467055.437
08/08/2012 00:00,0,0.556,3461118.415
08/08/2012 01:00,0,-0.166,3452368.851
08/08/2012 02:00,0,-0.968,3441613.336
08/08/2012 03:00,0,-1.617,3429888.699
08/08/2012 04:00,0,-1.608,3417862.001
08/08/2012 05:00,0,-1.146,3405789.075
08/08/2012 06:00,0.201,-0.627,3393793.359
08/08/2012 07:00,0,-0.049,3382076.783
08/08/2012 08:00,0,0.509,3371286.78
08/08/2012 09:00,0,1.177,3362826.082
08/08/2012 10:00,0,1.377,3357085.211
08/08/2012 11:00,0,1.248,3351825.555
08/08/2012 12:00,0,0.688,3345480.101
08/08/2012 13:00,0,0.003,3336798.692
08/08/2012 14:00,0,-0.58,3326015.189
08/08/2012 15:00,0,-1.146,3314172.377
08/08/2012 16:00,0,-1.374,3301924.336
08/08/2012 17:00,0,-1.103,3289583.11
08/08/2012 18:00,0,-0.706,3277283.869
08/08/2012 19:00,0,-0.105,3265187.97
08/08/2012 20:00,0,0.377,3253847.621
08/08/2012 21:00,0,0.927,3244218.782
08/08/2012 22:00,0,1.198,3237119.711
08/08/2012 23:00,0,1.244,3230997.081
08/09/2012 00:00,0,0.867,3224504.88
08/09/2012 01:00,0,0.198,3216160.794
08/09/2012 02:00,0,-0.455,3205479.863
08/09/2012 03:00,0,-1.029,3193409.988
08/09/2012 04:00,0,-1.363,3180813.687
08/09/2012 05:00,0,-1.278,3168057.674
08/09/2012 06:00,0,-0.87,3155286.171
08/09/2012 07:00,0,-0.455,3142623.176
08/09/2012 08:00,0,0.037,3130293.654
08/09/2012 09:00,0,0.592,3118928.947
08/09/2012 10:00,0,0.966,3109709.645
08/09/2012 11:00,0,1.066,3102244.16
08/09/2012 12:00,0,0.904,3094913.946
08/09/2012 13:00,0,0.382,3086474.472
08/09/2012 14:00,0,-0.151,3075947.718
08/09/2012 15:00,0,-0.595,3063982.058
08/09/2012 16:00,0,-0.998,3051333.037
08/09/2012 17:00,0,-1.147,3038420.446
08/09/2012 18:00,0,-0.901,3025442.898
08/09/2012 19:00,0,-0.571,3012546.998
08/09/2012 20:00,0,-0.159,2999905.505
08/09/2012 21:00,0,0.316,2987875.262
08/09/2012 22:00,0,0.694,2977210.092
08/09/2012 23:00,0,0.917,2968392.55
08/10/2012 00:00,0,0.879,2960518.386
08/10/2012 01:00,0,0.583,2952185.73
08/10/2012 02:00,0,0.068,2942275.304
08/10/2012 03:00,0,-0.447,2930699.855
08/10/2012 04:00,0,-0.875,2918147.139
08/10/2012 05:00,0,-1.106,2905194.267
08/10/2012 06:00,0,-0.906,2892109.991
08/10/2012 07:00,0,-0.68,2879049.856
08/10/2012 08:00,0,-0.379,2866124.848
08/10/2012 09:00,0,0.044,2853511.071
08/10/2012 10:00,0,0.512,2841685.715
08/10/2012 11:00,0,0.764,2831445.842
08/10/2012 12:00,0,0.891,2822640.394
08/10/2012 13:00,0,0.716,2814140.842
08/10/2012 14:00,0,0.336,2804546.362
08/10/2012 15:00,0,-0.028,2793339.226
08/10/2012 16:00,0,-0.449,2780981.757
08/10/2012 17:00,0,-0.777,2767956.317
08/10/2012 18:00,0,-0.872,2754626.056
08/10/2012 19:00,0,-0.713,2741210.395
08/10/2012 20:00,0,-0.476,2727843.439
08/10/2012 21:00,0,-0.162,2714664.826
08/10/2012 22:00,0,0.219,2701921.14
08/10/2012 23:00,0,0.552,2690093.926
08/11/2012 00:00,0,0.749,2679591.351
08/11/2012 01:00,0,0.723,2670040.76
08/11/2012 02:00,0,0.509,2660140.799
08/11/2012 03:00,0,0.11,2649004.008
08/11/2012 04:00,0,-0.272,2636541.597
08/11/2012 05:00,0,-0.605,2623273.832
08/11/2012 06:00,0,-0.765,2609611.838
08/11/2012 07:00,0,-0.778,2595781.74
08/11/2012 08:00,0,-0.557,2581919.576
08/11/2012 09:00,0,-0.198,2568197.476
08/11/2012 10:00,0,0.081,2554873.953
08/11/2012 11:00,0,0.476,2542220.349
08/11/2012 12:00,0,0.824,2531041.542
08/11/2012 13:00,0,0.906,2521610.094
08/11/2012 14:00,0,0.815,2512487.904
08/11/2012 15:00,0,0.563,2502707.433
08/11/2012 16:00,0,0.241,2491515.275
08/11/2012 17:00,0,-0.155,2479016.976
08/11/2012 18:00,0,-0.525,2465623.26
08/11/2012 19:00,0.402,-0.671,2451775.101
08/11/2012 20:00,0,-0.604,2437783.024
08/11/2012 21:00,0,-0.51,2423842.913
08/11/2012 22:00,0,-0.267,2410029.402
08/11/2012 23:00,0,0.144,2396541.348
08/12/2012 00:00,0,0.511,2383886.623
08/12/2012 01:00,0,0.706,2372567.619
08/12/2012 02:00,0,0.794,2362385.005
08/12/2012 03:00,0.804,0.634,2352469.933
08/12/2012 04:00,2.613,0.278,2341502.1
08/12/2012 05:00,3.618,-0.009,2329216.573
08/12/2012 06:00,1.809,-0.327,2316384.574
08/12/2012 07:00,0,-0.604,2303483.226
08/12/2012 08:00,0,-0.699,2290697.642
08/12/2012 09:00,0,-0.48,2278113.328
08/12/2012 10:00,0,-0.245,2265869.15
08/12/2012 11:00,0,0.046,2254066.424
08/12/2012 12:00,0,0.447,2242997.6
08/12/2012 13:00,0,0.816,2233455.652
08/12/2012 14:00,0,0.995,2226200.076
08/12/2012 15:00,0,0.937,2220119.9
08/12/2012 16:00,1.407,0.763,2213981.746
08/12/2012 17:00,0.402,0.368,2206820.727
08/12/2012 18:00,3.618,-0.007,2198226
08/12/2012 19:00,0.804,-0.458,2188918.766
08/12/2012 20:00,0.603,-0.672,2179371.229
08/12/2012 21:00,0,-0.764,2170034.947
08/12/2012 22:00,0.201,-0.642,2162627.038
08/12/2012 23:00,0.603,-0.36,2162355.006
2012-13-08 00:00:00,3.417,0.071,2167721.638
2012-13-08 01:00:00,1.407,0.487,2180094.848
2012-13-08 02:00:00,0.201,0.909,2198232.896
2012-13-08 03:00:00,1.005,1.022,2221483.15
2012-13-08 04:00:00,0.402,0.902,2250974.125
2012-13-08 05:00:00,1.206,0.607,2284208.375
2012-13-08 06:00:00,0.201,0.297,2319851.527
2012-13-08 07:00:00,0,-0.179,2357853.34
2012-13-08 08:00:00,0,-0.538,2399046.156
2012-13-08 09:00:00,0,-0.621,2443688.414
2012-13-08 10:00:00,0,-0.523,2489822.969
2012-13-08 11:00:00,0,-0.266,2535117.938
2012-13-08 12:00:00,0,0.103,2577800.047
2012-13-08 13:00:00,1.005,0.571,2617791.547
2012-13-08 14:00:00,1.407,1.043,2656003.742
2012-13-08 15:00:00,2.211,1.28,2692846.375
2012-13-08 16:00:00,0,1.135,2726888.219
2012-13-08 17:00:00,0,0.914,2757235.172
2012-13-08 18:00:00,7.638,0.492,2783855.266
2012-13-08 19:00:00,2.613,-0.044,2806530.914
2012-13-08 20:00:00,0.402,-0.551,2827406.297
2012-13-08 21:00:00,0,-0.906,2852074.688
2012-13-08 22:00:00,0,-1.057,2885135.539
2012-13-08 23:00:00,0.201,-0.793,2921603.242
2012-14-08 00:00:00,0,-0.372,2960641.023
2012-14-08 01:00:00,0,0.083,2999538.617
2012-14-08 02:00:00,0,0.632,3036826.828
2012-14-08 03:00:00,0,1.05,3073420.992
2012-14-08 04:00:00,0,1.198,3109237.711
2012-14-08 05:00:00,0,1.057,3142747.586
2012-14-08 06:00:00,0,0.638,3173136.57
2012-14-08 07:00:00,0,0.123,3199844.531
2012-14-08 08:00:00,0,-0.394,3223371.922
2012-14-08 09:00:00,0,-0.791,3244927.297
2012-14-08 10:00:00,0,-0.978,3265225.289
2012-14-08 11:00:00,0,-0.849,3284561.797
2012-14-08 12:00:00,0,-0.386,3303250.25
2012-14-08 13:00:00,0,0.175,3321690.016
2012-14-08 14:00:00,0,0.66,3340654.219
2012-14-08 15:00:00,0,1.213,3361517.094
2012-14-08 16:00:00,0,1.488,3384375.25
2012-14-08 17:00:00,0,1.35,3407346.75
2012-14-08 18:00:00,0,1.004,3428807.469
2012-14-08 19:00:00,0,0.497,3447933.688
2012-14-08 20:00:00,0,-0.262,3464030.125
2012-14-08 21:00:00,0,-0.871,3477700.5
2012-14-08 22:00:00,0,-1.202,3490187.047
2012-14-08 23:00:00,0,-1.26,3501975.969
2012-15-08 00:00:00,0,-0.887,3513285.75
2012-15-08 01:00:00,0,-0.26,3524296.516
2012-15-08 02:00:00,0,0.274,3535512.156
2012-15-08 03:00:00,0.201,0.942,3547998.047
2012-15-08 04:00:00,0,1.36,3563325.234
2012-15-08 05:00:00,0.201,1.426,3579870.531
2012-15-08 06:00:00,0,1.208,3595977.734
2012-15-08 07:00:00,0,0.629,3610354.344
2012-15-08 08:00:00,0,-0.112,3621867.859
2012-15-08 09:00:00,3.216,-0.639,3630915.781
2012-15-08 10:00:00,5.226,-1.041,3638878.047
2012-15-08 11:00:00,2.814,-1.148,3646625.938
2012-15-08 12:00:00,0.201,-0.774,3654839.297
2012-15-08 13:00:00,3.015,-0.038,3664595.625
2012-15-08 14:00:00,0,0.56,3681558.406
2012-15-08 15:00:00,0,1.274,3711442.047
2012-15-08 16:00:00,0.201,1.782,3751531.953
2012-15-08 17:00:00,0,1.989,3801276.531
2012-15-08 18:00:00,0.804,1.855,3853155.5
2012-15-08 19:00:00,0.201,1.334,3902649.891
2012-15-08 20:00:00,0.201,0.516,3947319.719
2012-15-08 21:00:00,2.211,-0.387,3986273.266
2012-15-08 22:00:00,1.005,-0.867,4020765.422
2012-15-08 23:00:00,1.407,-1.136,4053306.813
2012-16-08 00:00:00,1.005,-1.03,4086304.672
2012-16-08 01:00:00,0.402,-0.411,4121453.047
2012-16-08 02:00:00,0.201,0.091,4159307.375
2012-16-08 03:00:00,0,0.917,4201045.406
2012-16-08 04:00:00,0,1.586,4248153
2012-16-08 05:00:00,0,1.96,4298593.438
2012-16-08 06:00:00,0,1.814,4349419.031
2012-16-08 07:00:00,0,1.305,4397788.125
2012-16-08 08:00:00,0,0.565,4442173.766
2012-16-08 09:00:00,0,-0.21,4481640.906
2012-16-08 10:00:00,0,-0.981,4516764.844
2012-16-08 11:00:00,0,-1.477,4548826.125
2012-16-08 12:00:00,0,-1.329,4578583.141
2012-16-08 13:00:00,0,-0.8,4606472.156
2012-16-08 14:00:00,0,-0.02,4633123
2012-16-08 15:00:00,0,0.687,4659749.828
2012-16-08 16:00:00,0,1.468,4688319.891
2012-16-08 17:00:00,0,1.895,4718774.344
2012-16-08 18:00:00,0,1.996,4749527
2012-16-08 19:00:00,0.402,1.611,4778982.156
2012-16-08 20:00:00,1.809,0.657,4805182.813
2012-16-08 21:00:00,0.201,-0.211,4827070.453
2012-16-08 22:00:00,0.201,-1.083,4846018.578
2012-16-08 23:00:00,0,-1.721,4863453.5
2012-17-08 00:00:00,0,-1.717,4880211.031
2012-17-08 01:00:00,0,-1.295,4896752.672
2012-17-08 02:00:00,0.201,-0.585,4913381.406
2012-17-08 03:00:00,0,0.322,4930577.516
2012-17-08 04:00:00,0.201,1.251,4950507.047
2012-17-08 05:00:00,0,1.857,4974350.359
2012-17-08 06:00:00,0.201,2.163,5000218.609
2012-17-08 07:00:00,0,1.852,5026219.438
2012-17-08 08:00:00,0,1.102,5050068.875
2012-17-08 09:00:00,0,0.219,5070575.328
2012-17-08 10:00:00,0,-0.673,5087829.594
2012-17-08 11:00:00,0,-1.485,5103293.641
2012-17-08 12:00:00,0,-1.716,5117993.594
2012-17-08 13:00:00,0,-1.286,5132308.438
2012-17-08 14:00:00,0,-0.529,5146393.516
2012-17-08 15:00:00,0,0.432,5160722.625
2012-17-08 16:00:00,0,1.195,5177478.125
2012-17-08 17:00:00,0.402,1.986,5197464.781
2012-17-08 18:00:00,0.402,2.338,5219745.266
2012-17-08 19:00:00,0,2.205,5242498.094
2012-17-08 20:00:00,0,1.427,5263366.438
2012-17-08 21:00:00,0,0.417,5280474.5
2012-17-08 22:00:00,0,-0.556,5293657.219
2012-17-08 23:00:00,0,-1.547,5304556.625
2012-18-08 00:00:00,0,-2.006,5314552.063
2012-18-08 01:00:00,0,-1.853,5324239.594
2012-18-08 02:00:00,0.201,-1.191,5333800.875
2012-18-08 03:00:00,0,-0.204,5343267.563
2012-18-08 04:00:00,0,0.653,5353494.906
2012-18-08 05:00:00,0,1.624,5366980.125
2012-18-08 06:00:00,0,2.211,5383780.938
2012-18-08 07:00:00,0,2.218,5401968.094
2012-18-08 08:00:00,0,1.688,5419163.469
2012-18-08 09:00:00,0,0.726,5433448.094
2012-18-08 10:00:00,0,-0.26,5443987.969
2012-18-08 11:00:00,0,-1.297,5451740.781
2012-18-08 12:00:00,0,-1.919,5458267.688
2012-18-08 13:00:00,0,-1.762,5464312.5
2012-18-08 14:00:00,0,-1.213,5470013.375
2012-18-08 15:00:00,0,-0.288,5475538.063
2012-18-08 16:00:00,0,0.754,5481831.531
2012-18-08 17:00:00,0,1.589,5491571.781
2012-18-08 18:00:00,0,2.311,5504359.531
2012-18-08 19:00:00,0,2.51,5519077.531
2012-18-08 20:00:00,0,2.03,5533333.313
2012-18-08 21:00:00,0,1.06,5544623.219
2012-18-08 22:00:00,0,-0.013,5551808.563
2012-18-08 23:00:00,0,-1.17,5555461.969
2012-19-08 00:00:00,0,-2.14,5557425.75
2012-19-08 01:00:00,0,-2.218,5558813.156
2012-19-08 02:00:00,0,-1.816,5559874.656
2012-19-08 03:00:00,0,-0.975,5560612
2012-19-08 04:00:00,0,0.083,5561283.313
2012-19-08 05:00:00,0,1.07,5563628.594
2012-19-08 06:00:00,0.201,1.916,5569766.438
2012-19-08 07:00:00,0,2.363,5578646.844
2012-19-08 08:00:00,0,2.155,5588275.094
2012-19-08 09:00:00,0,1.383,5596076.813
2012-19-08 10:00:00,0,0.272,5600319.156
2012-19-08 11:00:00,0,-0.771,5600804.281
2012-19-08 12:00:00,0,-1.814,5599309.594
2012-19-08 13:00:00,0,-2.112,5597060.688
2012-19-08 14:00:00,0,-1.721,5594532.438
2012-19-08 15:00:00,0.603,-0.942,5591771.469
2012-19-08 16:00:00,0,0.11,5589010.688
2012-19-08 17:00:00,0,1.127,5588140.25
2012-19-08 18:00:00,0,2.002,5591215.781
2012-19-08 19:00:00,0,2.407,5597075.563
2012-19-08 20:00:00,0,2.48,5604032.313
2012-19-08 21:00:00,0,1.75,5609955.719
2012-19-08 22:00:00,0,0.554,5612337.875
2012-19-08 23:00:00,0,-0.466,5610571.625
2012-20-08 00:00:00,0,-1.626,5606314.391
2012-20-08 01:00:00,0,-2.346,5601120.875
2012-20-08 02:00:00,0,-2.175,5595647.453
2012-20-08 03:00:00,0.402,-1.478,5589991.188
2012-20-08 04:00:00,0.201,-0.6,5584180.875
2012-20-08 05:00:00,0,0.51,5578677.094
2012-20-08 06:00:00,0,1.5,5576243.313
2012-20-08 07:00:00,0,2.246,5577538.141
2012-20-08 08:00:00,0,2.427,5581031.719
2012-20-08 09:00:00,1.608,2.01,5584367.078
2012-20-08 10:00:00,0,0.963,5585122.859
2012-20-08 11:00:00,0,-0.158,5582002.844
2012-20-08 12:00:00,0,-1.163,5575863.75
2012-20-08 13:00:00,0,-2.094,5568512.734
2012-20-08 14:00:00,0,-2.201,5560779.391
2012-20-08 15:00:00,0,-1.537,5552919.938
2012-20-08 16:00:00,0,-0.62,5544989.063
2012-20-08 17:00:00,0,0.394,5537405.109
2012-20-08 18:00:00,0,1.319,5532433.313
2012-20-08 19:00:00,0,2.118,5531121
2012-20-08 20:00:00,0,2.505,5532423.984
2012-20-08 21:00:00,0,2.208,5534301.516
2012-20-08 22:00:00,0,1.246,5533995.766
2012-20-08 23:00:00,0,0.135,5529845.703
2012-21-08 00:00:00,0,-0.95,5522186.609
2012-21-08 01:00:00,0,-2.027,5512829.875
2012-21-08 02:00:00,0,-2.405,5502928.109
2012-21-08 03:00:00,0,-1.994,5492846.766
2012-21-08 04:00:00,0,-1.279,5482627.094
2012-21-08 05:00:00,0,-0.174,5472382.266
2012-21-08 06:00:00,0,0.789,5463254.625
2012-21-08 07:00:00,0.603,1.722,5457788.953
2012-21-08 08:00:00,0.603,2.286,5455556.438
2012-21-08 09:00:00,0,2.379,5455012.125
2012-21-08 10:00:00,0.402,1.642,5453726.969
2012-21-08 11:00:00,0,0.531,5449185
2012-21-08 12:00:00,0,-0.471,5440953.719
2012-21-08 13:00:00,0.201,-1.537,5430559.531
2012-21-08 14:00:00,0.402,-2.117,5419367.875
2012-21-08 15:00:00,0,-1.865,5407959.227
2012-21-08 16:00:00,0.201,-1.182,5396505.992
2012-21-08 17:00:00,0,-0.281,5385091.5
2012-21-08 18:00:00,0.201,0.658,5374556.156
2012-21-08 19:00:00,0,1.594,5367419.055
2012-21-08 20:00:00,0,2.212,5363662.641
2012-21-08 21:00:00,0,2.319,5361717.234
2012-21-08 22:00:00,0,1.827,5359354.672
2012-21-08 23:00:00,0.201,0.875,5354458.789
2012-22-08 00:00:00,0.201,-0.17,5346014.797
2012-22-08 01:00:00,0,-1.167,5334765.539
2012-22-08 02:00:00,0,-2.098,5322353.422
2012-22-08 03:00:00,0,-2.192,5309622.859
2012-22-08 04:00:00,0.201,-1.646,5296774.656
2012-22-08 05:00:00,0,-0.9,5283870.789
2012-22-08 06:00:00,0,0.169,5271207.531
2012-22-08 07:00:00,0,0.898,5260364.484
2012-22-08 08:00:00,0,1.775,5253110.461
2012-22-08 09:00:00,0.603,2.224,5248973.773
2012-22-08 10:00:00,0,2.013,5245878.875
2012-22-08 11:00:00,0,1.133,5241105.156
2012-22-08 12:00:00,0.603,0.197,5232993.031
2012-22-08 13:00:00,0,-0.743,5221834.75
2012-22-08 14:00:00,0,-1.706,5209128.375
2012-22-08 15:00:00,0,-1.962,5195945.719
2012-22-08 16:00:00,0,-1.549,5182699.957
2012-22-08 17:00:00,0,-0.985,5170035.305
2012-22-08 18:00:00,0,-0.096,5159121.016
2012-22-08 19:00:00,0,0.72,5149631.762
2012-22-08 20:00:00,0,1.544,5143165.086
2012-22-08 21:00:00,0,1.971,5139239.965
2012-22-08 22:00:00,0.201,2.018,5136340.078
2012-22-08 23:00:00,0,1.387,5132528.215
2012-23-08 00:00:00,0,0.554,5125929.281
2012-23-08 01:00:00,0,-0.314,5116173.84
2012-23-08 02:00:00,0,-1.388,5104167.32
2012-23-08 03:00:00,0,-1.866,5091190.215
2012-23-08 04:00:00,0.603,-1.792,5077904.242
2012-23-08 05:00:00,0.201,-1.278,5064456.625
2012-23-08 06:00:00,0.201,-0.491,5051020.688
2012-23-08 07:00:00,0,0.251,5038079.168
2012-23-08 08:00:00,0.201,0.993,5027051.172
2012-23-08 09:00:00,0.201,1.819,5019334.445
2012-23-08 10:00:00,0,2.09,5014163.469
2012-23-08 11:00:00,0,1.656,5009200.004
2012-23-08 12:00:00,0,0.919,5002231.309
2012-23-08 13:00:00,0.201,0.109,4992511.895
2012-23-08 14:00:00,0,-0.674,4980361.477
2012-23-08 15:00:00,0,-1.492,4967005.957
2012-23-08 16:00:00,0,-1.633,4953175.973
2012-23-08 17:00:00,0,-1.221,4939226.063
2012-23-08 18:00:00,0,-0.623,4925296.727
2012-23-08 19:00:00,0,0.108,4911705.445
2012-23-08 20:00:00,0,0.755,4899478.859
2012-23-08 21:00:00,0,1.444,4890079.352
2012-23-08 22:00:00,0,1.854,4883071.797
2012-23-08 23:00:00,0,1.763,4877021.34
2012-24-08 00:00:00,0,1.161,4869939.609
2012-24-08 01:00:00,0,0.415,4860382.717
2012-24-08 02:00:00,0,-0.305,4848137.172
2012-24-08 03:00:00,0,-1.114,4834144.818
2012-24-08 04:00:00,0.201,-1.49,4819378.025
2012-24-08 05:00:00,0.804,-1.308,4804371.447
2012-24-08 06:00:00,1.206,-0.848,4789363.352
2012-24-08 07:00:00,1.005,-0.271,4774611.277
2012-24-08 08:00:00,1.206,0.302,4760683.768
2012-24-08 09:00:00,0.804,1.124,4748980.123
2012-24-08 10:00:00,0,1.673,4740767.049
2012-24-08 11:00:00,2.613,1.858,4734641.113
2012-24-08 12:00:00,0.603,1.445,4728734.086
2012-24-08 13:00:00,0.603,0.908,4721430.03
2012-24-08 14:00:00,0,0.221,4712436.11
2012-24-08 15:00:00,0,-0.551,4702417.414
2012-24-08 16:00:00,0,-1.157,4695440.799
2012-24-08 17:00:00,0,-1.248,4695250.859
2012-24-08 18:00:00,0,-0.917,4701150.314
2012-24-08 19:00:00,0,-0.481,4708557.078
2012-24-08 20:00:00,0,0.006,4715721.18
2012-24-08 21:00:00,0,0.582,4722700.992
2012-24-08 22:00:00,0.402,1.246,4730854.574
2012-24-08 23:00:00,0.201,1.516,4740204.523
2012-25-08 00:00:00,0,1.442,4749291.727
2012-25-08 01:00:00,0,1.023,4756817.539
2012-25-08 02:00:00,0.201,0.417,4761761.727
2012-25-08 03:00:00,0,-0.197,4763831.188
2012-25-08 04:00:00,0.201,-0.869,4763731.875
2012-25-08 05:00:00,0,-1.188,4762332.82
2012-25-08 06:00:00,0,-1.072,4760264.266
2012-25-08 07:00:00,0,-0.851,4757817.961
2012-25-08 08:00:00,0,-0.396,4755123.914
2012-25-08 09:00:00,0,0.113,4752540.641
2012-25-08 10:00:00,0,0.778,4750979.32
2012-25-08 11:00:00,0,1.318,4751895
2012-25-08 12:00:00,0,1.402,4754228.656
2012-25-08 13:00:00,0,1.161,4756307.711
2012-25-08 14:00:00,0.201,0.715,4756985.203
2012-25-08 15:00:00,0,0.138,4755627.781
2012-25-08 16:00:00,0,-0.525,4752150.563
2012-25-08 17:00:00,0,-1.058,4747283.867
2012-25-08 18:00:00,0,-1.219,4741706.727
2012-25-08 19:00:00,0,-1.109,4735780.648
2012-25-08 20:00:00,0,-0.863,4729619.469
2012-25-08 21:00:00,0,-0.417,4723315.711
2012-25-08 22:00:00,0,0.094,4717192.672
2012-25-08 23:00:00,0,0.7,4712002.383
2012-26-08 00:00:00,0,1.052,4708875.891
2012-26-08 01:00:00,0,1.06,4706672.703
2012-26-08 02:00:00,0,0.862,4704092.25
2012-26-08 03:00:00,0,0.437,4700312.773
2012-26-08 04:00:00,0,-0.196,4694560.977
2012-26-08 05:00:00,0,-0.676,4687139.047
2012-26-08 06:00:00,0,-1.012,4678851.109
2012-26-08 07:00:00,0,-1.142,4670145.211
2012-26-08 08:00:00,0,-0.974,4661210.016
2012-26-08 09:00:00,0,-0.534,4652200.344
2012-26-08 10:00:00,0,-0.161,4643383.75
2012-26-08 11:00:00,0,0.404,4635151.504
2012-26-08 12:00:00,0,1.05,4628839.988
2012-26-08 13:00:00,0,1.31,4624874.668
2012-26-08 14:00:00,0,1.185,4621451.629
2012-26-08 15:00:00,0,0.891,4617283.195
2012-26-08 16:00:00,0.402,0.436,4611700.898
2012-26-08 17:00:00,0,-0.208,4604147.305
2012-26-08 18:00:00,0,-0.721,4595008.527
2012-26-08 19:00:00,0,-1.03,4585110.012
2012-26-08 20:00:00,0,-1.027,4574905.023
2012-26-08 21:00:00,0.402,-0.923,4564542.008
2012-26-08 22:00:00,1.407,-0.53,4554129.52
2012-26-08 23:00:00,0.201,0.028,4543984.352
2012-27-08 00:00:00,0.201,0.727,4535037.773
2012-27-08 01:00:00,0.402,1.205,4528894.391
2012-27-08 02:00:00,0,1.464,4524624.852
2012-27-08 03:00:00,0.201,1.374,4520948.824
2012-27-08 04:00:00,0.201,0.983,4516519.969
2012-27-08 05:00:00,0.201,0.506,4510465.809
2012-27-08 06:00:00,0,-0.049,4502378.723
2012-27-08 07:00:00,0,-0.646,4492690.313
2012-27-08 08:00:00,0,-0.843,4482159.379
2012-27-08 09:00:00,0,-0.739,4471429.982
2012-27-08 10:00:00,0,-0.463,4460784.424
2012-27-08 11:00:00,0,-0.135,4450482.289
2012-27-08 12:00:00,0,0.572,4440997.352
2012-27-08 13:00:00,0,1.223,4434210.119
2012-27-08 14:00:00,0,1.642,4430228.223
2012-27-08 15:00:00,0.201,1.698,4427656.828
2012-27-08 16:00:00,0,1.311,4424885.691
2012-27-08 17:00:00,0,0.867,4420565.414
2012-27-08 18:00:00,0,0.307,4414325.045
2012-27-08 19:00:00,1.608,-0.423,4405947.365
2012-27-08 20:00:00,0,-1.097,4396147.373
2012-27-08 21:00:00,0,-1.206,4385741.893
2012-27-08 22:00:00,0.201,-1.072,4375170.059
2012-27-08 23:00:00,0,-0.65,4364571.762
2012-28-08 00:00:00,1.407,-0.132,4354128.283
2012-28-08 01:00:00,0.201,0.618,4344524.195
2012-28-08 02:00:00,0,1.16,4337609.583
2012-28-08 03:00:00,0,1.534,4332992.158
2012-28-08 04:00:00,0,1.452,4329279.991
2012-28-08 05:00:00,0,1.167,4324944.431
2012-28-08 06:00:00,0,0.599,4319058.938
2012-28-08 07:00:00,0,-0.115,4310834.043
2012-28-08 08:00:00,0,-0.803,4300616.63
2012-28-08 09:00:00,0,-1.107,4289427.938
2012-28-08 10:00:00,0,-1.073,4277922.871
2012-28-08 11:00:00,0,-0.815,4266335.959
2012-28-08 12:00:00,0.402,-0.267,4254799.413
2012-28-08 13:00:00,0,0.451,4243890.444
2012-28-08 14:00:00,0,1.295,4235541.846
2012-28-08 15:00:00,0,1.803,4230571.426
2012-28-08 16:00:00,0,1.876,4227163.061
2012-28-08 17:00:00,0,1.55,4223515.527
2012-28-08 18:00:00,0,0.997,4218198.669
2012-28-08 19:00:00,0,0.331,4210518.446
2012-28-08 20:00:00,0,-0.594,4200264.334
2012-28-08 21:00:00,0,-1.353,4188332.355
2012-28-08 22:00:00,0.402,-1.482,4175772.242
2012-28-08 23:00:00,0,-1.173,4163058.906
2012-29-08 00:00:00,0.201,-0.789,4150335.672
2012-29-08 01:00:00,0,-0.108,4137758.985
2012-29-08 02:00:00,0.201,0.745,4126238.517
2012-29-08 03:00:00,0,1.475,4118144.251
2012-29-08 04:00:00,0,1.909,4112926.784
2012-29-08 05:00:00,0,1.849,4108924.914
2012-29-08 06:00:00,0,1.37,4104112.233
2012-29-08 07:00:00,0,0.789,4097168.114
2012-29-08 08:00:00,0,0.025,4087756.327
2012-29-08 09:00:00,0.402,-0.879,4076033.963
2012-29-08 10:00:00,3.015,-1.286,4063152.154
2012-29-08 11:00:00,0,-1.276,4049965.959
2012-29-08 12:00:00,0,-0.735,4036955.069
2012-29-08 13:00:00,0.201,-0.013,4024411.691
2012-29-08 14:00:00,0.201,0.701,4013250.908
2012-29-08 15:00:00,1.005,1.535,4005497.533
2012-29-08 16:00:00,0.603,2.179,4001306.955
2012-29-08 17:00:00,0,2.209,3999293.154
2012-29-08 18:00:00,0.201,1.696,3996913.467
2012-29-08 19:00:00,0.201,0.974,3992408.413
2012-29-08 20:00:00,0,-0.091,3985456.799
2012-29-08 21:00:00,0,-1.113,3977631.028
2012-29-08 22:00:00,0,-1.825,3971861.484
2012-29-08 23:00:00,0,-2.072,3968131.343
2012-30-08 00:00:00,0,-1.73,3965131.958
2012-30-08 01:00:00,0,-1.095,3962322.82
2012-30-08 02:00:00,0,-0.294,3959666.073
2012-30-08 03:00:00,0,0.588,3957503.105
2012-30-08 04:00:00,0,1.463,3958132.629
2012-30-08 05:00:00,0,1.772,3961660.499
2012-30-08 06:00:00,0,1.695,3965592.956
2012-30-08 07:00:00,0,0.964,3967892.147
2012-30-08 08:00:00,0,0.131,3966825.048
2012-30-08 09:00:00,0,-0.751,3962582.286
2012-30-08 10:00:00,0,-1.643,3956500.504
2012-30-08 11:00:00,0,-2.116,3949524.381
2012-30-08 12:00:00,0,-1.828,3942124.666
2012-30-08 13:00:00,0,-1.219,3934404.218
2012-30-08 14:00:00,0,-0.294,3926456.136
2012-30-08 15:00:00,0,0.658,3919122.641
2012-30-08 16:00:00,0,1.519,3915123.589
2012-30-08 17:00:00,0,2.034,3914443.883
2012-30-08 18:00:00,0,2.061,3915094.874
2012-30-08 19:00:00,0,1.439,3914706.363
2012-30-08 20:00:00,0,0.39,3910995.684
2012-30-08 21:00:00,0,-0.598,3903457.431
2012-30-08 22:00:00,0,-1.7,3893732.548
2012-30-08 23:00:00,0,-2.421,3883110.234
2012-31-08 00:00:00,0,-2.337,3872148.769
2012-31-08 01:00:00,0,-1.828,3860977.492
2012-31-08 02:00:00,0,-0.942,3849626.762
2012-31-08 03:00:00,0,-0.005,3838344.036
2012-31-08 04:00:00,0,0.925,3828484.532
2012-31-08 05:00:00,0,1.726,3822643.425
2012-31-08 06:00:00,0,2.042,3819640.096
2012-31-08 07:00:00,0.201,1.71,3817087.782
2012-31-08 08:00:00,0.402,0.823,3812345.298
2012-31-08 09:00:00,0,-0.086,3804121.239
2012-31-08 10:00:00,0,-1.172,3793216.46
2012-31-08 11:00:00,0.201,-2.012,3781104.752
2012-31-08 12:00:00,0,-2.171,3768680.355
2012-31-08 13:00:00,0,-1.75,3756208.249
2012-31-08 14:00:00,0,-1.02,3743749.06
2012-31-08 15:00:00,0,0.169,3731474.597
2012-31-08 16:00:00,0,1.131,3721185.799
2012-31-08 17:00:00,0,1.864,3715349.284
2012-31-08 18:00:00,0,2.313,3712446.317
2012-31-08 19:00:00,0,2.111,3710672.987
2012-31-08 20:00:00,0,1.245,3707051.756
2012-31-08 21:00:00,0,0.187,3699669.41
2012-31-08 22:00:00,0,-0.935,3688824.453
2012-31-08 23:00:00,0,-2.061,3676268.4
09/01/2012 00:00,0,-2.457,3663229.841
09/01/2012 01:00,0,-2.127,3650114.078
09/01/2012 02:00,0,-1.478,3636984.096
09/01/2012 03:00,0,-0.515,3623878.472
09/01/2012 04:00,0,0.478,3611305.663
09/01/2012 05:00,0,1.444,3601813.247
09/01/2012 06:00,0,2.113,3596690.828
09/01/2012 07:00,0,2.139,3593693.802
09/01/2012 08:00,0,1.479,3589858.851
09/01/2012 09:00,0,0.576,3582909.882
09/01/2012 10:00,0,-0.392,3572527.061
09/01/2012 11:00,0,-1.513,3559884.858
09/01/2012 12:00,0,-2.14,3546397.637
09/01/2012 13:00,0,-2.106,3532763.925
09/01/2012 14:00,0,-1.311,3519115.867
09/01/2012 15:00,0.201,-0.37,3505548.107
09/01/2012 16:00,0.402,0.654,3492732.977
09/01/2012 17:00,2.814,1.587,3483625.409
09/01/2012 18:00,1.005,2.392,3479019.749
09/01/2012 19:00,1.206,2.501,3477358.56
09/01/2012 20:00,0.402,2.024,3475557.216
09/01/2012 21:00,0.201,0.962,3470939.607
09/01/2012 22:00,0.201,-0.192,3462244.907
09/01/2012 23:00,0,-1.277,3450610.178
09/02/2012 00:00,0.201,-2.4,3437848.794
09/02/2012 01:00,0,-2.468,3424868.463
09/02/2012 02:00,0,-1.825,3411895.832
09/02/2012 03:00,0.201,-1.149,3398978.585
09/02/2012 04:00,0.603,-0.098,3386301.408
09/02/2012 05:00,0.201,0.928,3375140.874
09/02/2012 06:00,0,1.757,3368836.097
09/02/2012 07:00,0,2.191,3366201.362
09/02/2012 08:00,0.201,2.007,3364801.985
09/02/2012 09:00,0,1.037,3361484.683
09/02/2012 10:00,0,0.109,3354297.743
09/02/2012 11:00,0,-0.843,3344095.191
09/02/2012 12:00,0,-2.027,3332422.269
09/02/2012 13:00,0,-2.296,3320396.533
09/02/2012 14:00,0,-1.857,3308450.231
09/02/2012 15:00,0,-1.157,3296688.077
09/02/2012 16:00,0,-0.063,3285244.949
09/02/2012 17:00,0,0.839,3275173.198
09/02/2012 18:00,0,1.679,3269319.794
09/02/2012 19:00,0,2.268,3267267.831
09/02/2012 20:00,0,2.21,3267054.01
09/02/2012 21:00,0,1.412,3265452.704
09/02/2012 22:00,0,0.365,3260035.603
09/02/2012 23:00,0,-0.718,3250859.167
09/03/2012 00:00,0,-1.77,3239593.913
09/03/2012 01:00,0,-2.432,3227706.566
09/03/2012 02:00,0,-2.222,3215680.478
09/03/2012 03:00,0,-1.497,3203582.737
09/03/2012 04:00,0,-0.612,3191460.531
09/03/2012 05:00,0,0.338,3179658.947
09/03/2012 06:00,0,1.261,3170240.896
09/03/2012 07:00,0,1.905,3165222.766
09/03/2012 08:00,0,2.11,3162552.869
09/03/2012 09:00,0,1.603,3159755.857
09/03/2012 10:00,0,0.628,3154016.737
09/03/2012 11:00,0,-0.331,3144555.426
09/03/2012 12:00,0,-1.241,3132676.473
09/03/2012 13:00,0,-2.079,3119944.703
09/03/2012 14:00,0,-2.016,3107037.756
09/03/2012 15:00,0.201,-1.386,3094114.609
09/03/2012 16:00,0,-0.572,3081219.374
09/03/2012 17:00,0,0.376,3068723.231
09/03/2012 18:00,0,1.239,3058744.841
09/03/2012 19:00,0,1.954,3053197.996
09/03/2012 20:00,0.402,2.283,3050465.592
09/03/2012 21:00,0.402,1.911,3048250.235
09/03/2012 22:00,1.809,0.971,3043449.484
09/03/2012 23:00,0.201,-0.067,3034697.814
09/04/2012 00:00,0.201,-0.959,3022993.354
09/04/2012 01:00,0,-1.993,3010187.403
09/04/2012 02:00,0,-2.265,2997214.654
09/04/2012 03:00,0.201,-1.682,2984285.799
09/04/2012 04:00,0,-1.06,2971413.801
09/04/2012 05:00,0,-0.107,2958718.133
09/04/2012 06:00,0,0.755,2947092.178
09/04/2012 07:00,0,1.376,2939133.849
09/04/2012 08:00,0,1.751,2934391.562
09/04/2012 09:00,0,1.83,2931359.384
09/04/2012 10:00,0,1.094,2927876.467
09/04/2012 11:00,0,0.072,2921268.085
09/04/2012 12:00,0,-0.785,2911586.94
09/04/2012 13:00,0,-1.645,2900605.119
09/04/2012 14:00,0,-2.033,2889319.623
09/04/2012 15:00,0,-1.747,2878032.154
09/04/2012 16:00,0,-1.227,2866778.218
09/04/2012 17:00,0,-0.26,2855640.09
09/04/2012 18:00,0,0.469,2845210.444
09/04/2012 19:00,0,1.207,2837338.568
09/04/2012 20:00,0,1.72,2833122.776
09/04/2012 21:00,0,1.782,2830570.475
09/04/2012 22:00,0,1.19,2827227.327
09/04/2012 23:00,0,0.33,2820865.711
09/05/2012 00:00,0,-0.546,2811196.344
09/05/2012 01:00,0,-1.483,2799644.715
09/05/2012 02:00,0,-2.066,2787462.08
09/05/2012 03:00,0,-1.905,2775080.654
09/05/2012 04:00,0,-1.404,2762612.51
09/05/2012 05:00,0,-0.62,2750109.353
09/05/2012 06:00,0,0.228,2737899.898
09/05/2012 07:00,0,0.801,2727204.296
09/05/2012 08:00,0,1.389,2719641.295
09/05/2012 09:00,0,1.663,2714552.192
09/05/2012 10:00,0,1.274,2709711.806
09/05/2012 11:00,0,0.549,2702688.458
09/05/2012 12:00,0,-0.292,2692631.414
09/05/2012 13:00,0,-1.084,2680440.37
09/05/2012 14:00,0,-1.744,2667514.823
09/05/2012 15:00,0,-1.774,2654405.734
09/05/2012 16:00,0,-1.366,2641303.422
09/05/2012 17:00,0,-0.761,2628258.896
09/05/2012 18:00,0,0.047,2615457.384
09/05/2012 19:00,0,0.679,2603801.819
09/05/2012 20:00,0,1.27,2595109.139
09/05/2012 21:00,0,1.525,2589164.638
09/05/2012 22:00,0,1.355,2583771.157
09/05/2012 23:00,0,0.737,2576923.935
09/06/2012 00:00,0,-0.012,2567318.516
09/06/2012 01:00,0,-0.703,2555293.242
09/06/2012 02:00,0,-1.554,2542236.537
09/06/2012 03:00,0,-1.751,2528792.469
09/06/2012 04:00,0,-1.275,2515256.719
09/06/2012 05:00,0,-0.807,2501753.72
09/06/2012 06:00,0,-0.113,2488443.083
09/06/2012 07:00,0,0.451,2475913.385
09/06/2012 08:00,0,1.064,2465472.289
09/06/2012 09:00,0,1.42,2458172.103
09/06/2012 10:00,0,1.542,2452255.418
09/06/2012 11:00,0,0.924,2445734.256
09/06/2012 12:00,0,0.319,2436575.201
09/06/2012 13:00,0,-0.309,2424898.92
09/06/2012 14:00,0,-0.978,2411846.59
09/06/2012 15:00,0,-1.435,2398254.018
09/06/2012 16:00,0,-1.276,2384520.91
09/06/2012 17:00,0,-0.879,2370825.828
09/06/2012 18:00,0,-0.283,2357312.027
09/06/2012 19:00,0,0.265,2344382.687
09/06/2012 20:00,0,0.734,2332821.98
09/06/2012 21:00,0,1.203,2323837.946
09/06/2012 22:00,0,1.395,2317007.129
09/06/2012 23:00,0,1.069,2310278.547
09/07/2012 00:00,0,0.425,2301672.029
09/07/2012 01:00,0,-0.13,2290359.027
09/07/2012 02:00,0,-0.8,2277470.409
09/07/2012 03:00,0,-1.214,2263877.149
09/07/2012 04:00,0,-1.193,2250052.897
09/07/2012 05:00,0,-0.873,2236216.144
09/07/2012 06:00,0,-0.419,2222519.003
09/07/2012 07:00,0,0.123,2209242.499
09/07/2012 08:00,0,0.555,2196984.476
09/07/2012 09:00,0,1.091,2186804.34
09/07/2012 10:00,0,1.279,2179266.372
09/07/2012 11:00,0,1.047,2172081.582
09/07/2012 12:00,0,0.603,2163563.225
09/07/2012 13:00,0,0.104,2152837.954
09/07/2012 14:00,0,-0.503,2140361.236
09/07/2012 15:00,0,-0.934,2127008.824
09/07/2012 16:00,0,-1.112,2113320.697
09/07/2012 17:00,0,-0.972,2099562.281
09/07/2012 18:00,0,-0.661,2085883.291
09/07/2012 19:00,0,-0.146,2072437.159
09/07/2012 20:00,0,0.192,2059611.964
09/07/2012 21:00,0,0.627,2047769.371
09/07/2012 22:00,0,0.969,2037860.336
09/07/2012 23:00,0,1.065,2029811.575
09/08/2012 00:00,0,0.684,2021647.989
09/08/2012 01:00,0,0.218,2011507.874
09/08/2012 02:00,0,-0.3,1999514.322
09/08/2012 03:00,0,-0.73,1986553.006
09/08/2012 04:00,0.201,-0.94,1973152.165
09/08/2012 05:00,0,-0.834,1959627.614
09/08/2012 06:00,0,-0.623,1946160.587
09/08/2012 07:00,0,-0.204,1932892.052
09/08/2012 08:00,0,0.183,1920153.763
09/08/2012 09:00,0,0.591,1908397.294
09/08/2012 10:00,0,0.968,1898456.724
09/08/2012 11:00,0,1.076,1890578.583
09/08/2012 12:00,0,0.879,1882878.303
09/08/2012 13:00,0,0.517,1873965.693
09/08/2012 14:00,0,0.136,1863108.741
09/08/2012 15:00,0,-0.341,1851000.963
09/08/2012 16:00,0,-0.645,1838117.977
09/08/2012 17:00,0,-0.734,1824896.245
09/08/2012 18:00,0,-0.694,1811589.124
09/08/2012 19:00,0,-0.437,1798344.94
09/08/2012 20:00,0,-0.085,1785368.408
09/08/2012 21:00,0,0.237,1772971.095
09/08/2012 22:00,0,0.615,1761523.693
09/08/2012 23:00,0,0.83,1751568.922
09/09/2012 00:00,0,0.867,1742916.508
09/09/2012 01:00,0,0.671,1734245.332
09/09/2012 02:00,0,0.315,1724162.298
09/09/2012 03:00,0,-0.019,1712665.629
09/09/2012 04:00,0,-0.366,1700318.193
09/09/2012 05:00,0,-0.517,1687438.857
09/09/2012 06:00,0,-0.474,1674353.868
09/09/2012 07:00,0,-0.309,1661290.831
09/09/2012 08:00,0.201,-0.052,1648449.113
09/09/2012 09:00,0,0.274,1636119.969
09/09/2012 10:00,0,0.661,1624787.693
09/09/2012 11:00,0,0.942,1615198.502
09/09/2012 12:00,0,1.028,1607327.297
09/09/2012 13:00,0,0.967,1599732.645
09/09/2012 14:00,0.201,0.68,1591457.039
09/09/2012 15:00,1.206,0.372,1581445.823
09/09/2012 16:00,0.804,0.083,1570164.823
09/09/2012 17:00,0.201,-0.324,1558172.207
09/09/2012 18:00,0,-0.475,1545689.879
09/09/2012 19:00,0.201,-0.504,1533104.022
09/09/2012 20:00,0,-0.35,1520608.858
09/09/2012 21:00,0,-0.176,1508360.197
09/09/2012 22:00,0.402,0.152,1496512.728
09/09/2012 23:00,0,0.509,1485495.636
09/10/2012 00:00,0.402,0.83,1475880.095
09/10/2012 01:00,1.608,0.793,1467771.167
09/10/2012 02:00,1.407,0.723,1459604.282
09/10/2012 03:00,2.01,0.508,1450827.286
09/10/2012 04:00,0,0.152,1441160.545
09/10/2012 05:00,0.603,-0.151,1430704.148
09/10/2012 06:00,1.809,-0.442,1419802.815
09/10/2012 07:00,1.206,-0.517,1408715.748
09/10/2012 08:00,0.201,-0.448,1397751.72
09/10/2012 09:00,0.402,-0.189,1387115.266
09/10/2012 10:00,0,0.039,1377028.558
09/10/2012 11:00,1.206,0.411,1367768.96
09/10/2012 12:00,0.804,0.669,1360880.776
09/10/2012 13:00,0.201,0.896,1359881.599
09/10/2012 14:00,0,0.936,1363164.545
09/10/2012 15:00,0.402,0.69,1367390.77
09/10/2012 16:00,0.201,0.436,1370420.458
09/10/2012 17:00,0,0.078,1372825.046
09/10/2012 18:00,2.01,-0.322,1374946.617
09/10/2012 19:00,0,-0.547,1376746.526
09/10/2012 20:00,0.402,-0.673,1378152.607
09/10/2012 21:00,0.201,-0.643,1379051.488
09/10/2012 22:00,0.402,-0.425,1379547.475
09/10/2012 23:00,4.221,0.013,1379908.779
09/11/2012 00:00,0,0.319,1380793.457
09/11/2012 01:00,0,0.69,1383382.574
09/11/2012 02:00,0,0.847,1389328.037
09/11/2012 03:00,0,0.825,1398176.309
09/11/2012 04:00,0.201,0.595,1407722.34
09/11/2012 05:00,0,0.31,1416379.871
09/11/2012 06:00,0,-0.151,1423895.43
09/11/2012 07:00,0,-0.537,1429838.031
09/11/2012 08:00,0,-0.694,1434366.424
09/11/2012 09:00,0,-0.678,1437811.412
09/11/2012 10:00,0,-0.513,1440427.168
09/11/2012 11:00,0.201,-0.233,1442428.977
09/11/2012 12:00,0.201,0.149,1444152.859
09/11/2012 13:00,0,0.687,1446312.4
09/11/2012 14:00,0,0.957,1449950.436
09/11/2012 15:00,0,0.934,1454609.145
09/11/2012 16:00,0.201,0.806,1458511.67
09/11/2012 17:00,0.201,0.56,1460654.028
09/11/2012 18:00,0,0.096,1460910.937
09/11/2012 19:00,0.201,-0.355,1459428.375
09/11/2012 20:00,1.206,-0.796,1456688.621
09/11/2012 21:00,1.005,-1.018,1453117.841
09/11/2012 22:00,0.201,-0.944,1449132.042
09/11/2012 23:00,0,-0.682,1444962.742
09/12/2012 00:00,0,-0.1,1440806.452
09/12/2012 01:00,0,0.426,1437273.052
09/12/2012 02:00,0,0.887,1435312.175
09/12/2012 03:00,0.201,1.077,1435575.534
09/12/2012 04:00,0,1.018,1436983.478
09/12/2012 05:00,0,0.768,1437136.691
09/12/2012 06:00,0,0.479,1435201.426
09/12/2012 07:00,0.201,-0.107,1431532.453
09/12/2012 08:00,0.201,-0.637,1426409.809
09/12/2012 09:00,0,-0.813,1420532.912
09/12/2012 10:00,0,-0.883,1414395.507
09/12/2012 11:00,1.206,-0.563,1408211.384
09/12/2012 12:00,0.201,-0.215,1402254.727
09/12/2012 13:00,0,0.296,1396930.361
09/12/2012 14:00,0,0.866,1393220.325
09/12/2012 15:00,0,1.24,1392587.764
09/12/2012 16:00,0,1.178,1393784.778
09/12/2012 17:00,0,1.005,1394547.878
09/12/2012 18:00,0,0.537,1393853.068
09/12/2012 19:00,0,-0.135,1390653.882
09/12/2012 20:00,0,-0.761,1385870.415
09/12/2012 21:00,0,-1.286,1380268.011
09/12/2012 22:00,0,-1.466,1374289.843
09/12/2012 23:00,0,-1.237,1368140.918
2012-13-09 00:00:00,0,-0.716,1361910.099
2012-13-09 01:00:00,0,-0.167,1355785.578
2012-13-09 02:00:00,0,0.48,1350336.768
2012-13-09 03:00:00,0,1.058,1347017.484
2012-13-09 04:00:00,0,1.336,1346844.365
2012-13-09 05:00:00,0,1.338,1347770.039
2012-13-09 06:00:00,0,0.85,1347675.222
2012-13-09 07:00:00,0.402,0.261,1344566.932
2012-13-09 08:00:00,0,-0.436,1338986.015
2012-13-09 09:00:00,0,-1.044,1332089.47
2012-13-09 10:00:00,0,-1.246,1324640.262
2012-13-09 11:00:00,0,-1.124,1317043.776
2012-13-09 12:00:00,0,-0.609,1309435.459
2012-13-09 13:00:00,0,0.008,1302084.765
2012-13-09 14:00:00,0,0.667,1295836.296
2012-13-09 15:00:00,0,1.334,1292706.914
2012-13-09 16:00:00,0,1.726,1293558.655
2012-13-09 17:00:00,0,1.757,1296055.325
2012-13-09 18:00:00,0,1.284,1297444.435
2012-13-09 19:00:00,0,0.574,1295605.823
2012-13-09 20:00:00,0,-0.18,1290130.293
2012-13-09 21:00:00,0,-1.002,1282691.348
2012-13-09 22:00:00,1.608,-1.447,1274410.821
2012-13-09 23:00:00,0.603,-1.525,1265889.016
2012-14-09 00:00:00,0.402,-1.244,1257369.248
2012-14-09 01:00:00,0,-0.518,1249004.766
2012-14-09 02:00:00,0,0.25,1241203.075
2012-14-09 03:00:00,0.201,1.016,1235483.057
2012-14-09 04:00:00,0,1.564,1234212.059
2012-14-09 05:00:00,0,1.82,1235983.59
2012-14-09 06:00:00,0,1.516,1238047.747
2012-14-09 07:00:00,0,0.864,1237645.605
2012-14-09 08:00:00,0,-0.019,1234011.977
2012-14-09 09:00:00,0,-0.887,1228269.488
2012-14-09 10:00:00,0,-1.567,1222028.955
2012-14-09 11:00:00,0,-1.649,1215974.714
2012-14-09 12:00:00,0,-1.329,1210150.224
2012-14-09 13:00:00,0,-0.626,1204528.976
2012-14-09 14:00:00,0,0.087,1199361.653
2012-14-09 15:00:00,0,0.926,1195752.134
2012-14-09 16:00:00,0,1.681,1196818.853
2012-14-09 17:00:00,0,1.908,1201909.063
2012-14-09 18:00:00,0,1.719,1207383.47
2012-14-09 19:00:00,0,0.995,1210102.937
2012-14-09 20:00:00,0,0.1,1208376.68
2012-14-09 21:00:00,0,-0.822,1203284.764
2012-14-09 22:00:00,0,-1.748,1196748.555
2012-14-09 23:00:00,0,-2.088,1189646.151
2012-15-09 00:00:00,0.201,-1.819,1182341.616
2012-15-09 01:00:00,0,-1.258,1174921.484
2012-15-09 02:00:00,0,-0.329,1167499.701
2012-15-09 03:00:00,0,0.653,1160772.832
2012-15-09 04:00:00,0,1.486,1157903.649
2012-15-09 05:00:00,0,1.989,1160184.61
2012-15-09 06:00:00,0,2.073,1164862.523
2012-15-09 07:00:00,0,1.542,1168316.339
2012-15-09 08:00:00,0,0.534,1167297.808
2012-15-09 09:00:00,0,-0.4,1161636.04
2012-15-09 10:00:00,0,-1.354,1153858.062
2012-15-09 11:00:00,0,-1.951,1145358.899
2012-15-09 12:00:00,0,-1.77,1136694.924
2012-15-09 13:00:00,0.201,-1.14,1128037.868
2012-15-09 14:00:00,0,-0.338,1119468.014
2012-15-09 15:00:00,0,0.607,1111645.146
2012-15-09 16:00:00,0,1.613,1107872.409
2012-15-09 17:00:00,0,2.226,1110493.774
2012-15-09 18:00:00,0,2.377,1116655.309
2012-15-09 19:00:00,0,1.909,1121954.812
2012-15-09 20:00:00,0,0.915,1122225.323
2012-15-09 21:00:00,0,-0.085,1117228.252
2012-15-09 22:00:00,0,-1.171,1109126.037
2012-15-09 23:00:00,0,-2.087,1099909.313
2012-16-09 00:00:00,0,-2.255,1090446.853
2012-16-09 01:00:00,0,-1.685,1080988.921
2012-16-09 02:00:00,0,-0.802,1071580.545
2012-16-09 03:00:00,0.804,0.206,1062458.979
2012-16-09 04:00:00,1.608,1.281,1055709.796
2012-16-09 05:00:00,1.608,2.137,1055851.636
2012-16-09 06:00:00,2.211,2.573,1061836.416
2012-16-09 07:00:00,2.412,2.298,1069663.782
2012-16-09 08:00:00,0.603,1.33,1072881.689
2012-16-09 09:00:00,0.201,0.272,1070293.37
2012-16-09 10:00:00,0,-0.798,1063964.27
2012-16-09 11:00:00,0.201,-1.891,1056522.929
2012-16-09 12:00:00,0,-2.182,1052148.296
2012-16-09 13:00:00,0,-1.752,1054422.579
2012-16-09 14:00:00,0,-0.963,1065413.821
2012-16-09 15:00:00,0,0.122,1080196.704
2012-16-09 16:00:00,0,1.133,1096281.396
2012-16-09 17:00:00,0,2.104,1117378.777
2012-16-09 18:00:00,0,2.518,1142906.889
2012-16-09 19:00:00,0,2.456,1168966.262
2012-16-09 20:00:00,0.201,1.747,1190399.088
2012-16-09 21:00:00,0.201,0.541,1204278.875
2012-16-09 22:00:00,0,-0.553,1211652.033
2012-16-09 23:00:00,0,-1.721,1215681.027
2012-17-09 00:00:00,0,-2.435,1218165.725
2012-17-09 01:00:00,0,-2.252,1219785.563
2012-17-09 02:00:00,0,-1.514,1220738.902
2012-17-09 03:00:00,0.402,-0.414,1221120.604
2012-17-09 04:00:00,0.201,0.683,1221678.736
2012-17-09 05:00:00,1.407,1.737,1226472.205
2012-17-09 06:00:00,0,2.489,1237982.498
2012-17-09 07:00:00,0,2.717,1254338.172
2012-17-09 08:00:00,0.201,2.098,1269276.455
2012-17-09 09:00:00,0,0.952,1277248.385
2012-17-09 10:00:00,2.211,-0.099,1279214.033
2012-17-09 11:00:00,1.407,-1.261,1278084.875
2012-17-09 12:00:00,0,-1.95,1276185.342
2012-17-09 13:00:00,0,-2.221,1274583.824
2012-17-09 14:00:00,0.201,-1.569,1273527.844
2012-17-09 15:00:00,0.603,-0.654,1273143.86
2012-17-09 16:00:00,0.201,0.581,1274566.214
2012-17-09 17:00:00,0,1.584,1281960.278
2012-17-09 18:00:00,0.603,2.366,1297827.234
2012-17-09 19:00:00,0,2.758,1319985.553
2012-17-09 20:00:00,0,2.448,1343588.479
2012-17-09 21:00:00,0,1.338,1361558.945
2012-17-09 22:00:00,0,0.101,1372537.957
2012-17-09 23:00:00,0,-0.961,1378943.445
2012-18-09 00:00:00,0.201,-2.282,1383453.158
2012-18-09 01:00:00,0,-2.654,1387127.09
2012-18-09 02:00:00,0,-2.184,1390319.609
2012-18-09 03:00:00,0,-1.365,1393071.822
2012-18-09 04:00:00,0,-0.179,1395456.988
2012-18-09 05:00:00,0,0.925,1398544.756
2012-18-09 06:00:00,0,1.926,1406982.635
2012-18-09 07:00:00,0,2.483,1421172.504
2012-18-09 08:00:00,0,2.449,1437766.066
2012-18-09 09:00:00,0,1.569,1450984.684
2012-18-09 10:00:00,0,0.406,1457630.701
2012-18-09 11:00:00,0.603,-0.709,1459152.93
2012-18-09 12:00:00,0,-1.946,1458442.563
2012-18-09 13:00:00,0,-2.561,1457015.545
2012-18-09 14:00:00,0,-2.312,1455370.355
2012-18-09 15:00:00,0,-1.49,1453549.824
2012-18-09 16:00:00,0,-0.337,1451570.723
2012-18-09 17:00:00,0,0.68,1450247.441
2012-18-09 18:00:00,0,1.616,1453079.764
2012-18-09 19:00:00,0,2.302,1461726.658
2012-18-09 20:00:00,0,2.545,1474065.197
2012-18-09 21:00:00,0,1.905,1485320.664
2012-18-09 22:00:00,0,0.73,1490473.473
2012-18-09 23:00:00,0,-0.377,1489892.319
2012-19-09 00:00:00,0,-1.604,1486391.615
2012-19-09 01:00:00,0,-2.527,1481893.34
2012-19-09 02:00:00,0,-2.527,1477110.02
2012-19-09 03:00:00,0,-1.895,1472229.18
2012-19-09 04:00:00,0,-0.979,1467268.347
2012-19-09 05:00:00,0,0.174,1462402.425
2012-19-09 06:00:00,0.201,1.224,1459624.373
2012-19-09 07:00:00,0,2.022,1463020.573
2012-19-09 08:00:00,0,2.493,1471267.121
2012-19-09 09:00:00,0.201,2.127,1480745.217
2012-19-09 10:00:00,0,1.146,1485636.156
2012-19-09 11:00:00,0,0.095,1484959.397
2012-19-09 12:00:00,0,-1.021,1480528.305
2012-19-09 13:00:00,0,-2.166,1474704.554
2012-19-09 14:00:00,0,-2.489,1468547.375
2012-19-09 15:00:00,0,-1.894,1462396.693
2012-19-09 16:00:00,0,-1.119,1456267.435
2012-19-09 17:00:00,0,-0.027,1450288.625
2012-19-09 18:00:00,0,0.82,1445617.781
2012-19-09 19:00:00,0,1.787,1445733.697
2012-19-09 20:00:00,0,2.39,1451716.077
2012-19-09 21:00:00,0.201,2.336,1460431.947
2012-19-09 22:00:00,0.603,1.453,1466306.47
2012-19-09 23:00:00,0.201,0.464,1466529.05
2012-20-09 00:00:00,0.201,-0.552,1462436.541
2012-20-09 01:00:00,0,-1.688,1456410.216
2012-20-09 02:00:00,0,-2.356,1449836.636
2012-20-09 03:00:00,0.603,-2.001,1443211.306
2012-20-09 04:00:00,0.402,-1.394,1436637.315
2012-20-09 05:00:00,0,-0.488,1430175.504
2012-20-09 06:00:00,1.005,0.435,1424306.424
2012-20-09 07:00:00,0.201,1.367,1421537.531
2012-20-09 08:00:00,0,2.15,1424951.681
2012-20-09 09:00:00,0,2.431,1432791.436
2012-20-09 10:00:00,0,1.852,1440478.407
2012-20-09 11:00:00,0.201,0.846,1443327.423
2012-20-09 12:00:00,0,-0.048,1441642.821
2012-20-09 13:00:00,0,-1.184,1437705.302
2012-20-09 14:00:00,0.201,-2.067,1433169.56
2012-20-09 15:00:00,1.809,-2.072,1428641.404
2012-20-09 16:00:00,0.402,-1.478,1424252.215
2012-20-09 17:00:00,0,-0.819,1420107.17
2012-20-09 18:00:00,1.809,0.021,1416438.236
2012-20-09 19:00:00,0,0.997,1414426.216
2012-20-09 20:00:00,0,1.709,1417669.985
2012-20-09 21:00:00,0,2.134,1425182.245
2012-20-09 22:00:00,0.402,1.894,1433964.163
2012-20-09 23:00:00,0,1.134,1439844.926
2012-21-09 00:00:00,0.201,0.31,1441437.634
2012-21-09 01:00:00,2.613,-0.591,1439559.365
2012-21-09 02:00:00,3.015,-1.669,1436158.282
2012-21-09 03:00:00,2.01,-2.035,1432409.96
2012-21-09 04:00:00,1.005,-1.606,1429002.694
2012-21-09 05:00:00,0.603,-1.079,1426296.63
2012-21-09 06:00:00,0.402,-0.282,1425108.543
2012-21-09 07:00:00,0,0.477,1429034.012
2012-21-09 08:00:00,0,1.275,1442118.615
2012-21-09 09:00:00,0,1.904,1469400.295
2012-21-09 10:00:00,0,2.033,1504320.631
2012-21-09 11:00:00,0,1.347,1538663.252
2012-21-09 12:00:00,0,0.506,1567755.027
2012-21-09 13:00:00,0,-0.19,1591204.152
2012-21-09 14:00:00,0,-1.196,1610836.652
2012-21-09 15:00:00,0,-1.836,1627642.207
2012-21-09 16:00:00,0,-1.726,1642334.789
2012-21-09 17:00:00,0,-1.306,1655279.988
2012-21-09 18:00:00,0,-0.706,1666801.277
2012-21-09 19:00:00,0,0.042,1677284.273
2012-21-09 20:00:00,0,0.711,1687817.438
2012-21-09 21:00:00,0,1.346,1700483.57
2012-21-09 22:00:00,0,1.734,1715838.629
2012-21-09 23:00:00,0,1.447,1731207.656
2012-22-09 00:00:00,0,0.751,1743418.301
2012-22-09 01:00:00,0,0.075,1751336.754
2012-22-09 02:00:00,0,-0.633,1756244.871
2012-22-09 03:00:00,0,-1.423,1759546.191
2012-22-09 04:00:00,0,-1.566,1761973.828
2012-22-09 05:00:00,0,-1.237,1763924.199
2012-22-09 06:00:00,0,-0.888,1765600.164
2012-22-09 07:00:00,0,-0.23,1767114.379
2012-22-09 08:00:00,0,0.469,1769025.836
2012-22-09 09:00:00,0,1.106,1772960.641
2012-22-09 10:00:00,0,1.608,1780463.195
2012-22-09 11:00:00,0,1.682,1789889.691
2012-22-09 12:00:00,0,1.116,1798139.145
2012-22-09 13:00:00,0,0.47,1803028.945
2012-22-09 14:00:00,0,-0.084,1804536.703
2012-22-09 15:00:00,0,-0.909,1804286.398
2012-22-09 16:00:00,0,-1.403,1803001.961
2012-22-09 17:00:00,0,-1.314,1801275.555
2012-22-09 18:00:00,0,-1.021,1799372.73
2012-22-09 19:00:00,0,-0.504,1797417.383
2012-22-09 20:00:00,0,-0.065,1795649.879
2012-22-09 21:00:00,0,0.592,1794598.164
2012-22-09 22:00:00,0,1.17,1795941.059
2012-22-09 23:00:00,0,1.435,1800318.563
2012-23-09 00:00:00,0,1.283,1805271.348
2012-23-09 01:00:00,0,0.754,1808604.547
2012-23-09 02:00:00,0,0.238,1808904.918
2012-23-09 03:00:00,0,-0.322,1806965.273
2012-23-09 04:00:00,0,-0.83,1803816.609
2012-23-09 05:00:00,0,-1.005,1800043.867
2012-23-09 06:00:00,0,-0.921,1796023.887
2012-23-09 07:00:00,0,-0.619,1791926.074
2012-23-09 08:00:00,0,-0.095,1787978.457
2012-23-09 09:00:00,0,0.441,1784752.586
2012-23-09 10:00:00,0,0.981,1783348.875
2012-23-09 11:00:00,0,1.397,1785070.092
2012-23-09 12:00:00,0,1.571,1788733.648
2012-23-09 13:00:00,0,1.239,1792266.508
2012-23-09 14:00:00,0,0.757,1793685.078
2012-23-09 15:00:00,0,0.206,1792287.34
2012-23-09 16:00:00,0,-0.453,1788677.039
2012-23-09 17:00:00,0,-0.872,1783914.396
2012-23-09 18:00:00,0,-0.969,1778698.57
2012-23-09 19:00:00,0,-0.875,1773366.273
2012-23-09 20:00:00,0,-0.534,1768061.959
2012-23-09 21:00:00,0,-0.166,1762963.682
2012-23-09 22:00:00,0,0.392,1758440.041
2012-23-09 23:00:00,0,0.959,1755613.796
2012-24-09 00:00:00,0,1.311,1755904.498
2012-24-09 01:00:00,0,1.238,1757506.362
2012-24-09 02:00:00,0,1.006,1758337.562
2012-24-09 03:00:00,0,0.629,1757607.32
2012-24-09 04:00:00,0,0.168,1754535.053
2012-24-09 05:00:00,0,-0.368,1749895.658
2012-24-09 06:00:00,0,-0.683,1744360.632
2012-24-09 07:00:00,0,-0.723,1738321.898
2012-24-09 08:00:00,0,-0.537,1732146.915
2012-24-09 09:00:00,0,-0.192,1726086.075
2012-24-09 10:00:00,0,0.15,1720481.574
2012-24-09 11:00:00,0,0.748,1715909.651
2012-24-09 12:00:00,0,1.226,1714140.306
2012-24-09 13:00:00,0,1.493,1715066
2012-24-09 14:00:00,0,1.283,1716554.359
2012-24-09 15:00:00,0,0.841,1716459.497
2012-24-09 16:00:00,0,0.416,1713924.091
2012-24-09 17:00:00,0.201,-0.133,1709220.042
2012-24-09 18:00:00,0.201,-0.794,1703195.431
2012-24-09 19:00:00,0.804,-1.042,1696449.172
2012-24-09 20:00:00,0.603,-1.07,1689495.776
2012-24-09 21:00:00,0.402,-0.928,1682546.509
2012-24-09 22:00:00,0.402,-0.509,1675742.22
2012-24-09 23:00:00,0.603,0.037,1669347.699
2012-25-09 00:00:00,0.201,0.604,1664055.038
2012-25-09 01:00:00,0.402,1.093,1661201.766
2012-25-09 02:00:00,0.402,1.206,1661011.737
2012-25-09 03:00:00,0.804,1.05,1661091.927
2012-25-09 04:00:00,0.603,0.755,1660177.977
2012-25-09 05:00:00,1.206,0.32,1657349.048
2012-25-09 06:00:00,0.804,-0.25,1652871.539
2012-25-09 07:00:00,0.603,-0.737,1647512.444
2012-25-09 08:00:00,0.402,-0.926,1641979.827
2012-25-09 09:00:00,0,-0.812,1636829.725
2012-25-09 10:00:00,0,-0.542,1632773.979
2012-25-09 11:00:00,0.201,-0.118,1631281.339
2012-25-09 12:00:00,0,0.567,1633315.428
2012-25-09 13:00:00,0,1.155,1639941.332
2012-25-09 14:00:00,0,1.433,1651332.224
2012-25-09 15:00:00,0,1.469,1664695.166
2012-25-09 16:00:00,0.804,1.23,1677837.497
2012-25-09 17:00:00,0.804,0.683,1689074.193
2012-25-09 18:00:00,0.201,-0.04,1697000.778
2012-25-09 19:00:00,0,-0.861,1702587.735
2012-25-09 20:00:00,0,-1.288,1707072.936
2012-25-09 21:00:00,0,-1.421,1711234.928
2012-25-09 22:00:00,0,-1.273,1715400.014
2012-25-09 23:00:00,0,-0.838,1719677.894
2012-26-09 00:00:00,0,-0.208,1724181.08
2012-26-09 01:00:00,0,0.533,1729408.271
2012-26-09 02:00:00,0,1.05,1736882.037
2012-26-09 03:00:00,0,1.292,1747024.602
2012-26-09 04:00:00,0,1.262,1757744.424
2012-26-09 05:00:00,0,0.87,1767308.426
2012-26-09 06:00:00,0,0.358,1774241.508
2012-26-09 07:00:00,0,-0.38,1778520.365
2012-26-09 08:00:00,0,-1.086,1781116.533
2012-26-09 09:00:00,0,-1.326,1782814.656
2012-26-09 10:00:00,0,-1.266,1784087.848
2012-26-09 11:00:00,0,-0.866,1785090.137
2012-26-09 12:00:00,0,-0.347,1785977.961
2012-26-09 13:00:00,0,0.331,1787176.406
2012-26-09 14:00:00,0,1.058,1790130.527
2012-26-09 15:00:00,0,1.583,1796933.432
2012-26-09 16:00:00,0,1.547,1805534.118
2012-26-09 17:00:00,0,1.098,1812878.161
2012-26-09 18:00:00,0,0.453,1817464.994
2012-26-09 19:00:00,0,-0.274,1818688.204
2012-26-09 20:00:00,0,-1.117,1817995.393
2012-26-09 21:00:00,0,-1.651,1816318.92
2012-26-09 22:00:00,0,-1.832,1814253.93
2012-26-09 23:00:00,0,-1.536,1811935.549
2012-27-09 00:00:00,0,-0.806,1809434.201
2012-27-09 01:00:00,0,-0.221,1806961.859
2012-27-09 02:00:00,0,0.557,1805104.319
2012-27-09 03:00:00,0,1.248,1805900.888
2012-27-09 04:00:00,0,1.625,1810430.146
2012-27-09 05:00:00,0,1.417,1815863.374
2012-27-09 06:00:00,0,0.945,1819511.701
2012-27-09 07:00:00,0,0.142,1820120.423
2012-27-09 08:00:00,0,-0.529,1817680.434
2012-27-09 09:00:00,0,-1.179,1813955.592
2012-27-09 10:00:00,0,-1.626,1809686.956
2012-27-09 11:00:00,0,-1.482,1805214.763
2012-27-09 12:00:00,0,-0.798,1800731.511
2012-27-09 13:00:00,0,-0.054,1796357.992
2012-27-09 14:00:00,0,0.7,1793004.838
2012-27-09 15:00:00,0,1.477,1793159.826
2012-27-09 16:00:00,0,1.965,1797691.445
2012-27-09 17:00:00,0,1.933,1803923.393
2012-27-09 18:00:00,0.201,1.422,1808727.087
2012-27-09 19:00:00,0.402,0.612,1810114.891
2012-27-09 20:00:00,0.201,-0.291,1807590.148
2012-27-09 21:00:00,1.407,-1.18,1802799.101
2012-27-09 22:00:00,0,-1.843,1797224.447
2012-27-09 23:00:00,0,-1.819,1791524.795
2012-28-09 00:00:00,0,-1.321,1785886.811
2012-28-09 01:00:00,0.201,-0.574,1780369.885
2012-28-09 02:00:00,0.201,0.171,1775236.816
2012-28-09 03:00:00,0.201,1.102,1771911.989
2012-28-09 04:00:00,0,1.726,1773548.884
2012-28-09 05:00:00,0.201,2.014,1778328.234
2012-28-09 06:00:00,0,1.711,1783507.584
2012-28-09 07:00:00,0.201,0.944,1785979.853
2012-28-09 08:00:00,0,0.14,1784666.194
2012-28-09 09:00:00,0.402,-0.757,1780390.206
2012-28-09 10:00:00,0,-1.536,1774862.549
2012-28-09 11:00:00,0.201,-1.723,1768989.938
2012-28-09 12:00:00,0,-1.368,1763151.201
2012-28-09 13:00:00,0,-0.648,1757540.43
2012-28-09 14:00:00,0.201,0.213,1752395.136
2012-28-09 15:00:00,1.005,1.016,1749173.269
2012-28-09 16:00:00,0,1.906,1751060.216
2012-28-09 17:00:00,0,2.252,1757348.572
2012-28-09 18:00:00,0,2.014,1764480.399
2012-28-09 19:00:00,0,1.27,1768868.775
2012-28-09 20:00:00,0,0.307,1768926.172
2012-28-09 21:00:00,0,-0.774,1765046.778
2012-28-09 22:00:00,0,-1.675,1759475.809
2012-28-09 23:00:00,0,-2.127,1753410.982
2012-29-09 00:00:00,0,-1.854,1747238.76
2012-29-09 01:00:00,0,-1.267,1741030.959
2012-29-09 02:00:00,0,-0.379,1734863.339
2012-29-09 03:00:00,0,0.452,1729280.456
2012-29-09 04:00:00,0,1.407,1726704.361
2012-29-09 05:00:00,0,1.963,1729481.562
2012-29-09 06:00:00,0,1.988,1734443.667
2012-29-09 07:00:00,0,1.459,1738215.171
2012-29-09 08:00:00,0,0.569,1738356.526
2012-29-09 09:00:00,0,-0.388,1734431.519
2012-29-09 10:00:00,0,-1.352,1728324.596
2012-29-09 11:00:00,0,-2.006,1721509.072
2012-29-09 12:00:00,0,-1.936,1714559.992
2012-29-09 13:00:00,0,-1.337,1707613.882
2012-29-09 14:00:00,0,-0.442,1700728.905
2012-29-09 15:00:00,0,0.474,1694442.235
2012-29-09 16:00:00,0,1.433,1691332.666
2012-29-09 17:00:00,0,2.112,1693910.017
2012-29-09 18:00:00,0,2.333,1699731.806
2012-29-09 19:00:00,0,1.928,1705395.909
2012-29-09 20:00:00,0,1.022,1707297.44
2012-29-09 21:00:00,0,0.02,1704483.604
2012-29-09 22:00:00,0,-1.019,1698259.892
2012-29-09 23:00:00,0.402,-1.852,1690823.507
2012-30-09 00:00:00,0.402,-1.981,1683092.546
2012-30-09 01:00:00,0.402,-1.457,1675346.072
2012-30-09 02:00:00,0.201,-0.707,1667707.215
2012-30-09 03:00:00,0.402,0.195,1660461.627
2012-30-09 04:00:00,0.201,1.145,1655287.045
2012-30-09 05:00:00,1.005,1.991,1655886.518
2012-30-09 06:00:00,1.809,2.298,1660749.208
2012-30-09 07:00:00,3.417,2.213,1666792.642
2012-30-09 08:00:00,3.417,1.425,1670717.429
2012-30-09 09:00:00,0,0.211,1670081.892
2012-30-09 10:00:00,0,-0.689,1665854.239
2012-30-09 11:00:00,0,-1.597,1662375.652
2012-30-09 12:00:00,0,-2.069,1667577.923
2012-30-09 13:00:00,0,-1.697,1681988.857
2012-30-09 14:00:00,0,-0.903,1706318.478
2012-30-09 15:00:00,0,0.086,1731724.701
2012-30-09 16:00:00,0,1.001,1756207.709
2012-30-09 17:00:00,0,1.823,1782870.926
2012-30-09 18:00:00,0,2.326,1811439.66
2012-30-09 19:00:00,0,2.315,1839801.133
2012-30-09 20:00:00,0.201,1.67,1864522.648
2012-30-09 21:00:00,2.613,0.631,1883032.066
2012-30-09 22:00:00,0,-0.429,1895612.742
2012-30-09 23:00:00,0,-1.486,1904902.879
10/01/2012 00:00,1.407,-2.105,1912726.758
10/01/2012 01:00,0,-1.882,1919772.73
10/01/2012 02:00,0.402,-1.206,1926295.863
10/01/2012 03:00,0,-0.328,1932402.582
10/01/2012 04:00,0,0.579,1938814.402
10/01/2012 05:00,0,1.503,1948416.426
10/01/2012 06:00,0.201,2.134,1963006.441
10/01/2012 07:00,0.402,2.332,1980274.586
10/01/2012 08:00,0,1.815,1996954.055
10/01/2012 09:00,0,0.869,2009476.793
10/01/2012 10:00,0,-0.065,2017287.016
10/01/2012 11:00,0,-1.037,2021891.867
10/01/2012 12:00,3.417,-1.764,2025365.055
10/01/2012 13:00,1.608,-1.837,2028671.746
10/01/2012 14:00,0,-1.312,2032373.992
10/01/2012 15:00,0.603,-0.411,2037581.27
10/01/2012 16:00,0.402,0.521,2047850.703
10/01/2012 17:00,0,1.403,2068170.805
10/01/2012 18:00,0,2.122,2101060.973
10/01/2012 19:00,0.402,2.4,2140462.461
10/01/2012 20:00,0.201,2.114,2179563.586
10/01/2012 21:00,0,1.201,2213518.523
10/01/2012 22:00,0.201,0.107,2240552.961
10/01/2012 23:00,0.603,-0.875,2261772.094
10/02/2012 00:00,0.201,-1.769,2280147.773
10/02/2012 01:00,0.402,-1.991,2297214.336
10/02/2012 02:00,0.201,-1.432,2313649.789
10/02/2012 03:00,0.603,-0.773,2329965.609
10/02/2012 04:00,2.613,0.302,2346985.5
10/02/2012 05:00,1.206,1.15,2367362.023
10/02/2012 06:00,1.809,1.922,2394189.805
10/02/2012 07:00,0,2.335,2426505.984
10/02/2012 08:00,0,2.26,2462588.336
10/02/2012 09:00,0,1.409,2498857.836
10/02/2012 10:00,0,0.406,2532245.406
10/02/2012 11:00,0,-0.421,2562179.633
10/02/2012 12:00,0.402,-1.448,2589872.688
10/02/2012 13:00,1.407,-1.928,2616090.828
10/02/2012 14:00,0.201,-1.588,2641047.992
10/02/2012 15:00,0.603,-0.718,2665132.188
10/02/2012 16:00,0.603,0.089,2689335
10/02/2012 17:00,1.005,1.06,2715886.516
10/02/2012 18:00,0.402,1.717,2748132.258
10/02/2012 19:00,0.201,2.274,2784798.82
10/02/2012 20:00,0.402,2.312,2824101.945
10/02/2012 21:00,1.407,1.641,2862474.336
10/02/2012 22:00,0.804,0.685,2897259.156
10/02/2012 23:00,0.402,-0.255,2928175.977
10/03/2012 00:00,0.402,-1.249,2956708.961
10/03/2012 01:00,1.005,-1.736,2984992.938
10/03/2012 02:00,1.206,-1.644,3014367.148
10/03/2012 03:00,0,-1.126,3044850.898
10/03/2012 04:00,0.603,-0.216,3075629.82
10/03/2012 05:00,0.201,0.7,3106903.609
10/03/2012 06:00,0,1.478,3141765.359
10/03/2012 07:00,0.201,1.981,3180462.703
10/03/2012 08:00,0,2.277,3221049.578
10/03/2012 09:00,3.618,1.77,3260987.477
10/03/2012 10:00,1.608,0.802,3296897.422
10/03/2012 11:00,0.603,-0.001,3328417.078
10/03/2012 12:00,0,-0.947,3357315.234
10/03/2012 13:00,1.206,-1.684,3388939.922
10/03/2012 14:00,0.804,-1.747,3428429.609
10/03/2012 15:00,0.201,-1.248,3475220
10/03/2012 16:00,0,-0.491,3526952.344
10/03/2012 17:00,0.201,0.295,3582991.648
10/03/2012 18:00,2.211,1.085,3643030.82
10/03/2012 19:00,0,1.741,3707336.648
10/03/2012 20:00,0.201,2.016,3773245.141
10/03/2012 21:00,0,1.81,3839302.938
10/03/2012 22:00,0,1.044,3902967.297
10/03/2012 23:00,0,0.12,3961918.328
10/04/2012 00:00,0,-0.72,4015229.797
10/04/2012 01:00,0,-1.512,4064174.297
10/04/2012 02:00,0,-1.7,4109674.313
10/04/2012 03:00,0,-1.287,4152436.469
10/04/2012 04:00,0,-0.653,4192561.313
10/04/2012 05:00,0,0.224,4230345.734
10/04/2012 06:00,0,0.873,4267697.984
10/04/2012 07:00,0,1.581,4306921.188
10/04/2012 08:00,0,1.997,4347601.797
10/04/2012 09:00,0,1.807,4388076.484
10/04/2012 10:00,0,1.241,4426048.531
10/04/2012 11:00,0,0.427,4460254.875
10/04/2012 12:00,0,-0.375,4490393.75
10/04/2012 13:00,0.201,-1.109,4517774.516
10/04/2012 14:00,0,-1.539,4543779.547
10/04/2012 15:00,0,-1.322,4568976.281
10/04/2012 16:00,0,-0.694,4593619.375
10/04/2012 17:00,0.201,0.02,4617997.422
10/04/2012 18:00,0.402,0.588,4643014.688
10/04/2012 19:00,0,1.309,4670290.828
10/04/2012 20:00,0,1.789,4700246.688
10/04/2012 21:00,0.201,1.864,4731271.891
10/04/2012 22:00,0,1.436,4761495.063
10/04/2012 23:00,0,0.669,4789059.359
10/05/2012 00:00,0.201,-0.097,4813132.328
10/05/2012 01:00,0,-0.839,4834529.891
10/05/2012 02:00,0,-1.323,4854610.813
10/05/2012 03:00,0,-1.221,4874109.25
10/05/2012 04:00,0,-0.704,4893394.063
10/05/2012 05:00,0,-0.132,4912650.578
10/05/2012 06:00,0,0.483,4932505.016
10/05/2012 07:00,0,1.23,4954545.672
10/05/2012 08:00,0,1.685,4979448.609
10/05/2012 09:00,0,1.866,5005617.406
10/05/2012 10:00,0,1.507,5031472.813
10/05/2012 11:00,0,0.853,5055127.063
10/05/2012 12:00,0,0.156,5075814.5
10/05/2012 13:00,0,-0.565,5093751.219
10/05/2012 14:00,0,-1.21,5110106.453
10/05/2012 15:00,0,-1.353,5125669.031
10/05/2012 16:00,0,-0.965,5140850.875
10/05/2012 17:00,0,-0.505,5155891.094
10/05/2012 18:00,0,0.18,5171115.828
10/05/2012 19:00,0,0.669,5187532.859
10/05/2012 20:00,0,1.193,5206166.359
10/05/2012 21:00,0,1.574,5226700.891
10/05/2012 22:00,0,1.42,5247802.75
10/05/2012 23:00,0,0.966,5267647.563
10/06/2012 00:00,0,0.246,5285201.859
10/06/2012 01:00,0,-0.412,5299981.188
10/06/2012 02:00,0,-0.893,5313044.703
10/06/2012 03:00,0,-1.118,5325233.781
10/06/2012 04:00,0,-0.884,5336984.969
10/06/2012 05:00,0,-0.483,5348524.234
10/06/2012 06:00,0,0.097,5360165.844
10/06/2012 07:00,0,0.657,5372771.531
10/06/2012 08:00,0,1.161,5387544.906
10/06/2012 09:00,0,1.437,5403928.313
10/06/2012 10:00,0,1.461,5420786.734
10/06/2012 11:00,0.201,1.151,5437000.516
10/06/2012 12:00,0,0.524,5451349.141
10/06/2012 13:00,0,-0.05,5463046.719
10/06/2012 14:00,0,-0.713,5472671.75
10/06/2012 15:00,0,-1.04,5481073.156
10/06/2012 16:00,0,-0.963,5488876.25
10/06/2012 17:00,0.201,-0.737,5496452.359
10/06/2012 18:00,0,-0.236,5503908.063
10/06/2012 19:00,0,0.117,5511632.75
10/06/2012 20:00,0,0.629,5520121.75
10/06/2012 21:00,0,1.131,5530495.031
10/06/2012 22:00,0,1.288,5542236.906
10/06/2012 23:00,0,1.021,5553761.156
10/07/2012 00:00,0,0.621,5563800.281
10/07/2012 01:00,0,0.073,5571725.875
10/07/2012 02:00,0,-0.479,5577549.125
10/07/2012 03:00,0,-0.776,5582082.594
10/07/2012 04:00,0.201,-0.802,5585887.813
10/07/2012 05:00,0,-0.641,5589267.5
10/07/2012 06:00,0,-0.224,5592441.719
10/07/2012 07:00,0,0.209,5595842.375
10/07/2012 08:00,0,0.61,5600092.5
10/07/2012 09:00,0,1.016,5605907.781
10/07/2012 10:00,0,1.309,5613003.375
10/07/2012 11:00,0,1.101,5620275.938
10/07/2012 12:00,0,0.888,5626462.906
10/07/2012 13:00,0,0.396,5631145.125
10/07/2012 14:00,0,-0.157,5633633.656
10/07/2012 15:00,0,-0.586,5634411.031
10/07/2012 16:00,0,-0.719,5634235.406
10/07/2012 17:00,0,-0.776,5633614.031
10/07/2012 18:00,0,-0.518,5632724.5
10/07/2012 19:00,0,-0.142,5631806.188
10/07/2012 20:00,0,0.173,5631281.531
10/07/2012 21:00,0,0.587,5631511.313
10/07/2012 22:00,0,0.925,5633211.469
10/07/2012 23:00,0,1.123,5636020.906
10/08/2012 00:00,0,0.909,5638887.938
10/08/2012 01:00,0.804,0.545,5640649.75
10/08/2012 02:00,0,0.15,5640711.125
10/08/2012 03:00,0,-0.2,5639319.969
10/08/2012 04:00,0,-0.482,5636997.688
10/08/2012 05:00,0,-0.57,5634112.656
10/08/2012 06:00,0,-0.438,5630952.031
10/08/2012 07:00,0,0.006,5627832.656
10/08/2012 08:00,0,0.186,5625250.313
10/08/2012 09:00,1.206,0.633,5623399.438
10/08/2012 10:00,0.603,0.919,5623151.375
10/08/2012 11:00,0,1.039,5623954.219
10/08/2012 12:00,0,1.082,5625070.406
10/08/2012 13:00,0,0.799,5625806.375
10/08/2012 14:00,0,0.299,5625150.281
10/08/2012 15:00,0,0.021,5622631.969
10/08/2012 16:00,0,-0.345,5618995.5
10/08/2012 17:00,0,-0.671,5614551.125
10/08/2012 18:00,0,-0.619,5609592.406
10/08/2012 19:00,0,-0.494,5604498.656
10/08/2012 20:00,0,-0.343,5599449.469
10/08/2012 21:00,0,-0.009,5594563.313
10/08/2012 22:00,0,0.407,5590299.125
10/08/2012 23:00,0,0.709,5587280.313
10/09/2012 00:00,0,0.821,5585353.438
10/09/2012 01:00,0,0.802,5583591.031
10/09/2012 02:00,0,0.499,5581324.031
10/09/2012 03:00,0,0.184,5577667.625
10/09/2012 04:00,0,-0.123,5572766.938
10/09/2012 05:00,0,-0.411,5566951.875
10/09/2012 06:00,0,-0.534,5560513.406
10/09/2012 07:00,0,-0.423,5553748.875
10/09/2012 08:00,0,-0.248,5546917.281
10/09/2012 09:00,0,0.042,5540248.219
10/09/2012 10:00,0,0.337,5534114.031
10/09/2012 11:00,0,0.737,5529003.125
10/09/2012 12:00,0,0.989,5525404.625
10/09/2012 13:00,0,0.987,5522437.75
10/09/2012 14:00,0,0.749,5519077.625
10/09/2012 15:00,0,0.563,5514801.531
10/09/2012 16:00,0,0.137,5509280.563
10/09/2012 17:00,0,-0.256,5502306.625
10/09/2012 18:00,0,-0.527,5494390.094
10/09/2012 19:00,0,-0.655,5485957.313
10/09/2012 20:00,0,-0.582,5477273.125
10/09/2012 21:00,0,-0.446,5468525.25
10/09/2012 22:00,0,-0.091,5459886.078
10/09/2012 23:00,0,0.351,5451811.203
10/10/2012 00:00,0,0.72,5445005.047
10/10/2012 01:00,0,0.98,5439698
10/10/2012 02:00,0,0.929,5434963.625
10/10/2012 03:00,0,0.714,5429780.453
10/10/2012 04:00,0,0.505,5423713.953
10/10/2012 05:00,0,0.177,5416462.219
10/10/2012 06:00,0,-0.316,5407958.734
10/10/2012 07:00,0,-0.517,5398453.234
10/10/2012 08:00,0,-0.483,5388514.359
10/10/2012 09:00,0,-0.297,5378486.359
10/10/2012 10:00,0,-0.093,5368631.547
10/10/2012 11:00,0,0.387,5359261.844
10/10/2012 12:00,0,0.764,5351296.031
10/10/2012 13:00,0,1.051,5344924.188
10/10/2012 14:00,0,1.199,5339447.469
10/10/2012 15:00,0,1.132,5334217.828
10/10/2012 16:00,0,0.727,5328291.688
10/10/2012 17:00,0,0.43,5320926.266
10/10/2012 18:00,0,-0.164,5311986.875
10/10/2012 19:00,0,-0.557,5301607.641
10/10/2012 20:00,0,-0.794,5290521.109
10/10/2012 21:00,0,-0.747,5279125.125
10/10/2012 22:00,0,-0.526,5267661.406
10/10/2012 23:00,0,-0.102,5256392.734
10/11/2012 00:00,0,0.41,5245816.969
10/11/2012 01:00,0.201,0.924,5236949.063
10/11/2012 02:00,0.402,1.273,5230154.063
10/11/2012 03:00,0.603,1.311,5224363.234
10/11/2012 04:00,1.608,1.071,5218430.453
10/11/2012 05:00,4.02,0.645,5211472.328
10/11/2012 06:00,1.608,0.175,5203078.25
10/11/2012 07:00,1.005,-0.317,5193708.828
10/11/2012 08:00,0.201,-0.766,5184013.031
10/11/2012 09:00,0.402,-0.728,5174702.563
10/11/2012 10:00,0,-0.627,5168281.938
10/11/2012 11:00,0,-0.233,5167183.703
10/11/2012 12:00,0,0.319,5170376.688
10/11/2012 13:00,0,0.848,5179625.609
10/11/2012 14:00,0,1.184,5192604.516
10/11/2012 15:00,0,1.422,5206904.734
10/11/2012 16:00,0,1.223,5221297.656
10/11/2012 17:00,0,0.821,5234197.5
10/11/2012 18:00,0,0.278,5244701.969
10/11/2012 19:00,0,-0.419,5252469.219
10/11/2012 20:00,0,-0.967,5258121.859
10/11/2012 21:00,0,-1.236,5262472.047
10/11/2012 22:00,0,-1.205,5265929.75
10/11/2012 23:00,0,-0.773,5268692.906
10/12/2012 00:00,0,-0.229,5271075.047
10/12/2012 01:00,0,0.417,5273676.5
10/12/2012 02:00,0,0.989,5277875
10/12/2012 03:00,0,1.467,5284109.328
10/12/2012 04:00,0,1.516,5291266.25
10/12/2012 05:00,0,1.218,5297841.594
10/12/2012 06:00,0.201,0.572,5302565.625
10/12/2012 07:00,0,-0.139,5304546.844
10/12/2012 08:00,0,-0.756,5304327.266
10/12/2012 09:00,0.201,-1.126,5303011.266
10/12/2012 10:00,0,-1.157,5301153.172
10/12/2012 11:00,0,-0.843,5298975.297
10/12/2012 12:00,0,-0.149,5296725.063
10/12/2012 13:00,0.201,0.393,5295116.781
10/12/2012 14:00,0,1.097,5295386.844
10/12/2012 15:00,0,1.599,5298241.359
10/12/2012 16:00,1.206,1.752,5302484.984
10/12/2012 17:00,0,1.442,5306636.141
10/12/2012 18:00,0.201,0.844,5309183.984
10/12/2012 19:00,0.201,-0.007,5309185.344
10/12/2012 20:00,0,-0.757,5306669.766
10/12/2012 21:00,0,-1.413,5302941.969
10/12/2012 22:00,0,-1.643,5298773.828
10/12/2012 23:00,0,-1.391,5294567.172
2012-13-10 00:00:00,0,-0.754,5290631.813
2012-13-10 01:00:00,0,-0.075,5287275.438
2012-13-10 02:00:00,0,0.753,5285320.781
2012-13-10 03:00:00,0,1.506,5286694.234
2012-13-10 04:00:00,0,1.924,5290687.344
2012-13-10 05:00:00,0,1.744,5295511.688
2012-13-10 06:00:00,0,1.177,5299064.781
2012-13-10 07:00:00,0,0.384,5300074.594
2012-13-10 08:00:00,0,-0.344,5298150.484
2012-13-10 09:00:00,0,-1.237,5294357.625
2012-13-10 10:00:00,0,-1.632,5289657.25
2012-13-10 11:00:00,0,-1.499,5284603.75
2012-13-10 12:00:00,0,-0.925,5279401.688
2012-13-10 13:00:00,0,-0.09,5274299.563
2012-13-10 14:00:00,0,0.709,5270276.297
2012-13-10 15:00:00,0,1.509,5269378.75
2012-13-10 16:00:00,0,2.005,5271235.625
2012-13-10 17:00:00,0,2.065,5274428.688
2012-13-10 18:00:00,0,1.526,5277005.844
2012-13-10 19:00:00,0,0.681,5277063.313
2012-13-10 20:00:00,0,-0.252,5273860.5
2012-13-10 21:00:00,0,-1.201,5268176.344
2012-13-10 22:00:00,0,-1.887,5261423.203
2012-13-10 23:00:00,0,-1.972,5254301.125
2012-14-10 00:00:00,0,-1.48,5246998.859
2012-14-10 01:00:00,0,-0.568,5239581.094
2012-14-10 02:00:00,0,0.298,5232518.828
2012-14-10 03:00:00,0,1.271,5227800.5
2012-14-10 04:00:00,0,2.057,5226902.531
2012-14-10 05:00:00,0,2.412,5228581.477
2012-14-10 06:00:00,0,1.955,5230551.781
2012-14-10 07:00:00,0,1.174,5230226.266
2012-14-10 08:00:00,0,0.259,5226701.328
2012-14-10 09:00:00,0.201,-0.796,5220008.094
2012-14-10 10:00:00,0,-1.692,5211551.445
2012-14-10 11:00:00,0,-1.861,5202525.961
2012-14-10 12:00:00,0,-1.46,5193338.828
2012-14-10 13:00:00,0,-0.737,5184133.234
2012-14-10 14:00:00,0,0.323,5175315.047
2012-14-10 15:00:00,0.201,1.142,5168863.844
2012-14-10 16:00:00,0.402,2.049,5166080.859
2012-14-10 17:00:00,0,2.412,5166186.609
2012-14-10 18:00:00,0.201,2.324,5167280.031
2012-14-10 19:00:00,0,1.47,5167020.984
2012-14-10 20:00:00,0,0.404,5163287.039
2012-14-10 21:00:00,0,-0.664,5155952.211
2012-14-10 22:00:00,0,-1.831,5146614.156
2012-14-10 23:00:00,0,-2.362,5136647.367
2012-15-10 00:00:00,0,-2.026,5126550.297
2012-15-10 01:00:00,0,-1.387,5116419.945
2012-15-10 02:00:00,0,-0.393,5106340.898
2012-15-10 03:00:00,0,0.748,5097122.047
2012-15-10 04:00:00,0,1.832,5091987.406
2012-15-10 05:00:00,0,2.476,5090841.008
2012-15-10 06:00:00,0,2.654,5091823.477
2012-15-10 07:00:00,0,1.967,5092300.75
2012-15-10 08:00:00,0,0.835,5089457.859
2012-15-10 09:00:00,0,-0.114,5082666.711
2012-15-10 10:00:00,0,-1.303,5073151.563
2012-15-10 11:00:00,0,-2.241,5062471.992
2012-15-10 12:00:00,0,-2.064,5051525.016
2012-15-10 13:00:00,0.201,-1.392,5040538.664
2012-15-10 14:00:00,0.402,-0.531,5029558.281
2012-15-10 15:00:00,0,0.644,5019209.328
2012-15-10 16:00:00,0,1.672,5012583.969
2012-15-10 17:00:00,1.206,2.504,5010122.41
2012-15-10 18:00:00,1.608,2.888,5010653.387
2012-15-10 19:00:00,0,2.546,5011997.086
2012-15-10 20:00:00,0.201,1.663,5011415.898
2012-15-10 21:00:00,0.201,0.549,5007208.66
2012-15-10 22:00:00,1.608,-0.561,4999310.883
2012-15-10 23:00:00,0.402,-1.704,4989338.645
2012-16-10 00:00:00,0,-2.317,4978994.832
2012-16-10 01:00:00,0,-1.834,4969734.691
2012-16-10 02:00:00,0.201,-0.884,4963172.508
2012-16-10 03:00:00,0.201,0.079,4960017.672
2012-16-10 04:00:00,0.201,1.2,4960763.102
2012-16-10 05:00:00,0.201,2.294,4967749.211
2012-16-10 06:00:00,0.201,2.82,4980257.066
2012-16-10 07:00:00,0,2.663,4994753.477
2012-16-10 08:00:00,0,1.669,5007399.586
2012-16-10 09:00:00,0,0.434,5015893.555
2012-16-10 10:00:00,0.201,-0.568,5020648.219
2012-16-10 11:00:00,0,-1.786,5023505.102
2012-16-10 12:00:00,0,-2.466,5025611.078
2012-16-10 13:00:00,0,-2.165,5027311.648
2012-16-10 14:00:00,0,-1.356,5028679.914
2012-16-10 15:00:00,0,-0.213,5029696.484
2012-16-10 16:00:00,0,0.918,5031469.508
2012-16-10 17:00:00,0,1.934,5037173.938
2012-16-10 18:00:00,0,2.633,5046334.633
2012-16-10 19:00:00,0,2.813,5057426.938
2012-16-10 20:00:00,0,2.133,5067637.313
2012-16-10 21:00:00,0,1.023,5074138.336
2012-16-10 22:00:00,0.201,-0.118,5076135.695
2012-16-10 23:00:00,0,-1.419,5074681.781
2012-17-10 00:00:00,0,-2.287,5071704.383
2012-17-10 01:00:00,0,-2.141,5068253.281
2012-17-10 02:00:00,2.211,-1.504,5064544.445
2012-17-10 03:00:00,6.834,-0.488,5060670.523
2012-17-10 04:00:00,5.226,0.753,5057643.055
2012-17-10 05:00:00,2.814,1.878,5059490.773
2012-17-10 06:00:00,0,2.792,5067229.141
2012-17-10 07:00:00,0,3.137,5082398.336
2012-17-10 08:00:00,0,2.745,5110580.125
2012-17-10 09:00:00,0,1.649,5151894.797
2012-17-10 10:00:00,0,0.503,5193475.656
2012-17-10 11:00:00,0,-0.681,5231265.906
2012-17-10 12:00:00,0.201,-1.905,5265881.969
2012-17-10 13:00:00,0,-2.197,5298469.484
2012-17-10 14:00:00,3.618,-1.691,5328953
2012-17-10 15:00:00,0,-0.842,5356717.516
2012-17-10 16:00:00,0.201,0.362,5382258.391
2012-17-10 17:00:00,1.407,1.348,5408546.594
2012-17-10 18:00:00,0.402,2.295,5438349.781
2012-17-10 19:00:00,0.201,2.913,5471840.031
2012-17-10 20:00:00,0,2.879,5507752.969
2012-17-10 21:00:00,0,1.971,5543413.875
2012-17-10 22:00:00,0.201,0.812,5576046.219
2012-17-10 23:00:00,0,-0.285,5604552.063
2012-18-10 00:00:00,0.804,-1.594,5629660.125
2012-18-10 01:00:00,2.01,-2.171,5652490.313
2012-18-10 02:00:00,0.201,-1.899,5673823.156
2012-18-10 03:00:00,0.804,-1.218,5694857.063
2012-18-10 04:00:00,0.603,-0.182,5720067.844
2012-18-10 05:00:00,0.402,0.849,5752190.594
2012-18-10 06:00:00,0.201,1.9,5793050.625
2012-18-10 07:00:00,0.201,2.69,5841996.5
2012-18-10 08:00:00,0.201,2.875,5895316.688
2012-18-10 09:00:00,0,2.201,5948644.406
2012-18-10 10:00:00,0.402,1.102,5998729.906
2012-18-10 11:00:00,0.804,0,6044277.469
2012-18-10 12:00:00,0.201,-1.284,6085550
2012-18-10 13:00:00,0.201,-2.209,6124040.688
2012-18-10 14:00:00,0.201,-2.242,6161210.5
2012-18-10 15:00:00,0,-1.642,6197882.188
2012-18-10 16:00:00,0.201,-0.666,6234499.469
2012-18-10 17:00:00,0,0.285,6271140.969
2012-18-10 18:00:00,0.201,1.143,6309118.469
2012-18-10 19:00:00,0,2.153,6349754.063
2012-18-10 20:00:00,0,2.663,6392478.719
2012-18-10 21:00:00,0.201,2.27,6434731.906
2012-18-10 22:00:00,0,1.468,6473524.25
2012-18-10 23:00:00,0.201,0.41,6507640.031
2012-19-10 00:00:00,0,-0.77,6537036.688
2012-19-10 01:00:00,0,-1.812,6563286.625
2012-19-10 02:00:00,0,-2.128,6587836.75
2012-19-10 03:00:00,0,-1.757,6611318.656
2012-19-10 04:00:00,0,-1.103,6633824.375
2012-19-10 05:00:00,0,-0.064,6655601.969
2012-19-10 06:00:00,0,0.781,6677934.781
2012-19-10 07:00:00,0,1.771,6703047.594
2012-19-10 08:00:00,0,2.426,6730920.781
2012-19-10 09:00:00,0,2.434,6760009.719
2012-19-10 10:00:00,0,1.662,6787606.031
2012-19-10 11:00:00,0,0.691,6811660.813
2012-19-10 12:00:00,0,-0.276,6831872.813
2012-19-10 13:00:00,0,-1.416,6849210.219
2012-19-10 14:00:00,0,-2.082,6865222.406
2012-19-10 15:00:00,0,-1.899,6880686.531
2012-19-10 16:00:00,0,-1.407,6895724.594
2012-19-10 17:00:00,0,-0.584,6910462.063
2012-19-10 18:00:00,0,0.309,6925367.406
2012-19-10 19:00:00,0,1.248,6942387.969
2012-19-10 20:00:00,0,1.933,6962508.781
2012-19-10 21:00:00,0,2.302,6984663.5
2012-19-10 22:00:00,0,1.936,7007001.875
2012-19-10 23:00:00,0,1.103,7027219.5
2012-20-10 00:00:00,0,0.276,7044291.5
2012-20-10 01:00:00,0,-0.673,7058332.625
2012-20-10 02:00:00,0,-1.537,7070512.125
2012-20-10 03:00:00,0,-1.637,7081881.313
2012-20-10 04:00:00,0,-1.215,7092899.219
2012-20-10 05:00:00,0,-0.594,7103773.75
2012-20-10 06:00:00,0,0.188,7114849.5
2012-20-10 07:00:00,0,0.895,7127450.594
2012-20-10 08:00:00,0,1.861,7142967.375
2012-20-10 09:00:00,0,2.384,7161283
2012-20-10 10:00:00,0,2.147,7180476.406
2012-20-10 11:00:00,0,1.512,7198171.656
2012-20-10 12:00:00,0,0.677,7213144.031
2012-20-10 13:00:00,0,-0.227,7224969.188
2012-20-10 14:00:00,0,-1.21,7234318.375
2012-20-10 15:00:00,0,-1.681,7242547.313
2012-20-10 16:00:00,0,-1.48,7250365.813
2012-20-10 17:00:00,0,-1.06,7257917.875
2012-20-10 18:00:00,0,-0.367,7265385.875
2012-20-10 19:00:00,0,0.294,7273220.844
2012-20-10 20:00:00,0,1.071,7282793.75
2012-20-10 21:00:00,0,1.82,7295078.156
2012-20-10 22:00:00,0,1.964,7309113.094
2012-20-10 23:00:00,0,1.574,7322881.688
2012-21-10 00:00:00,0,1.011,7334871.531
2012-21-10 01:00:00,0,0.359,7344523.844
2012-21-10 02:00:00,0,-0.551,7351565.844
2012-21-10 03:00:00,0,-1.085,7356692.781
2012-21-10 04:00:00,0,-1.163,7360982.406
2012-21-10 05:00:00,0,-0.851,7364885.938
2012-21-10 06:00:00,0,-0.324,7368629.438
2012-21-10 07:00:00,0,0.25,7372746.969
2012-21-10 08:00:00,0,0.822,7378167.281
2012-21-10 09:00:00,0,1.644,7385795.313
2012-21-10 10:00:00,0,1.967,7395412.969
2012-21-10 11:00:00,0.201,1.831,7405438.344
2012-21-10 12:00:00,0,1.3,7414265.063
2012-21-10 13:00:00,0,0.583,7420756.031
2012-21-10 14:00:00,0,-0.129,7424500.188
2012-21-10 15:00:00,0,-0.948,7426077.281
2012-21-10 16:00:00,0,-1.305,7426419.125
2012-21-10 17:00:00,0,-1.195,7426152.906
2012-21-10 18:00:00,0,-0.906,7425518.344
2012-21-10 19:00:00,0,-0.418,7424663.813
2012-21-10 20:00:00,0,0.107,7423915.688
2012-21-10 21:00:00,0,0.822,7424258.188
2012-21-10 22:00:00,0,1.388,7426801.875
2012-21-10 23:00:00,0,1.572,7430640.656
2012-22-10 00:00:00,0,1.334,7434384.031
2012-22-10 01:00:00,0,0.857,7436839.531
2012-22-10 02:00:00,0,0.412,7437438.969
2012-22-10 03:00:00,0,-0.304,7435958.5
2012-22-10 04:00:00,0,-0.798,7432712.188
2012-22-10 05:00:00,0,-0.872,7428601.594
2012-22-10 06:00:00,0,-0.745,7424078.656
2012-22-10 07:00:00,0,-0.395,7419394.188
2012-22-10 08:00:00,0,0.13,7414893.531
2012-22-10 09:00:00,0,0.595,7411284.063
2012-22-10 10:00:00,0,1.18,7409438.406
2012-22-10 11:00:00,0,1.639,7409343.75
2012-22-10 12:00:00,0,1.535,7410044.406
2012-22-10 13:00:00,0,1.125,7409958.469
2012-22-10 14:00:00,0,0.583,7408189.281
2012-22-10 15:00:00,0,0.02,7404381.813
2012-22-10 16:00:00,0,-0.719,7398730.438
2012-22-10 17:00:00,0,-1.08,7391922.656
2012-22-10 18:00:00,0,-1.141,7384624.969
2012-22-10 19:00:00,0,-0.995,7377110.656
2012-22-10 20:00:00,0,-0.527,7369503.75
2012-22-10 21:00:00,0,-0.179,7362026.688
2012-22-10 22:00:00,0,0.395,7354966.656
2012-22-10 23:00:00,0,0.977,7349488.281
2012-23-10 00:00:00,0,1.289,7345764.031
2012-23-10 01:00:00,0,1.194,7342603
2012-23-10 02:00:00,0,0.82,7338766.063
2012-23-10 03:00:00,0,0.377,7333485.75
2012-23-10 04:00:00,0,-0.102,7326478.656
2012-23-10 05:00:00,0,-0.53,7318136.125
2012-23-10 06:00:00,0,-0.826,7309008.75
2012-23-10 07:00:00,0,-0.819,7299462
2012-23-10 08:00:00,0,-0.541,7289755.688
2012-23-10 09:00:00,0,-0.146,7280159.344
2012-23-10 10:00:00,0,0.277,7271072.25
2012-23-10 11:00:00,0.201,0.884,7263326.781
2012-23-10 12:00:00,0,1.312,7257596.875
2012-23-10 13:00:00,0,1.364,7252910.375
2012-23-10 14:00:00,0,1.128,7248073.875
2012-23-10 15:00:00,0.201,0.698,7242154.156
2012-23-10 16:00:00,0,0.208,7234602
2012-23-10 17:00:00,0,-0.478,7225283.625
2012-23-10 18:00:00,0,-1.003,7214708.344
2012-23-10 19:00:00,0.201,-1.172,7203567.594
2012-23-10 20:00:00,0,-1.053,7192202
2012-23-10 21:00:00,0,-0.816,7180771.031
2012-23-10 22:00:00,0,-0.415,7169408.063
2012-23-10 23:00:00,0,0.106,7158421.875
2012-24-10 00:00:00,0,0.759,7148652.938
2012-24-10 01:00:00,0,1.157,7141018.094
2012-24-10 02:00:00,0,1.11,7134334.875
2012-24-10 03:00:00,0,0.886,7127330.063
2012-24-10 04:00:00,0,0.561,7119367.938
2012-24-10 05:00:00,0,0.045,7110018.813
2012-24-10 06:00:00,0,-0.466,7099143.031
2012-24-10 07:00:00,0,-0.869,7087318.281
2012-24-10 08:00:00,0,-0.988,7075023.844
2012-24-10 09:00:00,0,-0.818,7062525.719
2012-24-10 10:00:00,0,-0.32,7050051.469
2012-24-10 11:00:00,0,0.043,7037958.75
2012-24-10 12:00:00,0,0.67,7026803.875
2012-24-10 13:00:00,0,1.26,7017852.969
2012-24-10 14:00:00,0,1.438,7010567.125
2012-24-10 15:00:00,0,1.217,7003480.125
2012-24-10 16:00:00,0,0.885,6995503.688
2012-24-10 17:00:00,0,0.308,6986057.875
2012-24-10 18:00:00,0,-0.412,6974631.094
2012-24-10 19:00:00,0,-1.062,6961778.719
2012-24-10 20:00:00,0,-1.289,6948261
2012-24-10 21:00:00,0,-1.266,6934509.031
2012-24-10 22:00:00,0,-0.982,6920651.906
2012-24-10 23:00:00,0,-0.532,6906788.344
2012-25-10 00:00:00,0,0.069,6893267.219
2012-25-10 01:00:00,0,0.738,6880992.938
2012-25-10 02:00:00,0,1.285,6871065.766
2012-25-10 03:00:00,0,1.404,6862609.328
2012-25-10 04:00:00,0,1.102,6854140.25
2012-25-10 05:00:00,0,0.736,6844581.344
2012-25-10 06:00:00,0,0.175,6833439.688
2012-25-10 07:00:00,0,-0.461,6820527.875
2012-25-10 08:00:00,0.201,-0.969,6806447.688
2012-25-10 09:00:00,0,-1.129,6791834.313
2012-25-10 10:00:00,0,-0.949,6777036.766
2012-25-10 11:00:00,0,-0.425,6762263.922
2012-25-10 12:00:00,0,0.072,6747903.203
2012-25-10 13:00:00,0,0.778,6734770.938
2012-25-10 14:00:00,0,1.335,6724085.625
2012-25-10 15:00:00,0,1.603,6715125.625
2012-25-10 16:00:00,0,1.491,6706724.016
2012-25-10 17:00:00,0,0.974,6697463.375
2012-25-10 18:00:00,0,0.287,6686298.547
2012-25-10 19:00:00,0,-0.441,6672926.391
2012-25-10 20:00:00,0,-1.074,6658110.531
2012-25-10 21:00:00,0,-1.488,6642699.078
2012-25-10 22:00:00,0,-1.374,6627080.313
2012-25-10 23:00:00,0,-0.967,6611419.203
2012-26-10 00:00:00,0,-0.354,6595863.016
2012-26-10 01:00:00,0,0.236,6580823.922
2012-26-10 02:00:00,0,0.939,6567414.078
2012-26-10 03:00:00,0,1.48,6556533.688
2012-26-10 04:00:00,0,1.646,6547218.141
2012-26-10 05:00:00,0,1.282,6537924.078
2012-26-10 06:00:00,0,0.677,6527132.734
2012-26-10 07:00:00,0,-0.014,6514198.531
2012-26-10 08:00:00,0,-0.713,6499336.766
2012-26-10 09:00:00,0,-1.196,6483418.359
2012-26-10 10:00:00,0,-1.413,6467090.563
2012-26-10 11:00:00,0,-1.151,6450637.125
2012-26-10 12:00:00,0,-0.445,6434221.141
2012-26-10 13:00:00,0,0.164,6418273.453
2012-26-10 14:00:00,0,0.836,6403822.813
2012-26-10 15:00:00,0,1.499,6392033.969
2012-26-10 16:00:00,0,1.822,6382342.516
2012-26-10 17:00:00,0,1.543,6373176.359
2012-26-10 18:00:00,0,0.902,6362551.484
2012-26-10 19:00:00,0,0.157,6349555
2012-26-10 20:00:00,0,-0.653,6334286.828
2012-26-10 21:00:00,0,-1.364,6317710.578
2012-26-10 22:00:00,0,-1.667,6300621.484
2012-26-10 23:00:00,0,-1.584,6283386.531
2012-27-10 00:00:00,0,-1.011,6266095.578
2012-27-10 01:00:00,0,-0.232,6248916.797
2012-27-10 02:00:00,0,0.468,6232567.922
2012-27-10 03:00:00,0,1.177,6218527.813
2012-27-10 04:00:00,0,1.707,6207055.094
2012-27-10 05:00:00,0,1.732,6196938.328
2012-27-10 06:00:00,0,1.229,6186387.516
2012-27-10 07:00:00,0,0.459,6173856.141
2012-27-10 08:00:00,0,-0.299,6158817.969
2012-27-10 09:00:00,0,-1.024,6142045.867
2012-27-10 10:00:00,0,-1.667,6124501.539
2012-27-10 11:00:00,0,-1.672,6106693.945
2012-27-10 12:00:00,0,-1.071,6088822.773
2012-27-10 13:00:00,0.201,-0.291,6071045.57
2012-27-10 14:00:00,0,0.268,6053959.813
2012-27-10 15:00:00,0,1.165,6038863.625
2012-27-10 16:00:00,0,1.805,6026993.25
2012-27-10 17:00:00,0,1.897,6016946.359
2012-27-10 18:00:00,0,1.526,6006744.391
2012-27-10 19:00:00,0,0.703,5994671.297
2012-27-10 20:00:00,0,-0.13,5979847.984
2012-27-10 21:00:00,0,-0.994,5962850.664
2012-27-10 22:00:00,0,-1.646,5944841.297
2012-27-10 23:00:00,0,-1.737,5926536.422
2012-28-10 00:00:00,0,-1.429,5908225.727
2012-28-10 01:00:00,0,-0.668,5889933.313
2012-28-10 02:00:00,0,0.187,5872019.734
2012-28-10 03:00:00,0,0.977,5855950.656
2012-28-10 04:00:00,0,1.655,5842988.289
2012-28-10 05:00:00,0,2.086,5832360.633
2012-28-10 06:00:00,0,1.888,5822630.07
2012-28-10 07:00:00,0,1.152,5811605.578
2012-28-10 08:00:00,0.201,0.418,5798049.867
2012-28-10 09:00:00,0.804,-0.512,5781921.25
2012-28-10 10:00:00,0.603,-1.397,5764015.398
2012-28-10 11:00:00,1.005,-1.64,5745536.063
2012-28-10 12:00:00,0.804,-1.394,5727034.461
2012-28-10 13:00:00,0.201,-0.781,5708700.805
2012-28-10 14:00:00,0,0.103,5690862.477
2012-28-10 15:00:00,0,0.915,5674826.117
2012-28-10 16:00:00,0.804,1.7,5662170.734
2012-28-10 17:00:00,2.01,2.144,5652241.008
2012-28-10 18:00:00,1.608,2.123,5643644.207
2012-28-10 19:00:00,1.206,1.427,5634419.063
2012-28-10 20:00:00,1.608,0.551,5622994.512
2012-28-10 21:00:00,0,-0.325,5609286.984
2012-28-10 22:00:00,0,-1.329,5594361.516
2012-28-10 23:00:00,0,-1.79,5579507.898
2012-29-10 00:00:00,0.201,-1.671,5566669.836
2012-29-10 01:00:00,0,-1.097,5561141.371
2012-29-10 02:00:00,0,-0.249,5562555.375
2012-29-10 03:00:00,0,0.509,5568468.414
2012-29-10 04:00:00,0,1.241,5576843.383
2012-29-10 05:00:00,0,2.001,5587132.656
2012-29-10 06:00:00,0,2.166,5598411.336
2012-29-10 07:00:00,0,1.602,5608315.453
2012-29-10 08:00:00,0,0.821,5614742.656
2012-29-10 09:00:00,0,-0.053,5617341.523
2012-29-10 10:00:00,0,-1.039,5616669.352
2012-29-10 11:00:00,0,-1.716,5614100.727
2012-29-10 12:00:00,0,-1.752,5610533.148
2012-29-10 13:00:00,0,-1.379,5606279.547
2012-29-10 14:00:00,0,-0.613,5601550.781
2012-29-10 15:00:00,0,0.367,5596926.242
2012-29-10 16:00:00,0,1.161,5594274.156
2012-29-10 17:00:00,0,1.832,5594451.328
2012-29-10 18:00:00,0,2.126,5596505.18
2012-29-10 19:00:00,0,1.897,5598785.758
2012-29-10 20:00:00,0,1.092,5599167.594
2012-29-10 21:00:00,0,0.139,5596263.102
2012-29-10 22:00:00,0,-0.816,5590242.641
2012-29-10 23:00:00,0,-1.632,5582549.141
2012-30-10 00:00:00,0,-1.825,5574196.898
2012-30-10 01:00:00,0,-1.327,5565528.914
2012-30-10 02:00:00,0,-0.656,5556672.859
2012-30-10 03:00:00,0,0.192,5548020.672
2012-30-10 04:00:00,0,0.989,5541073.094
2012-30-10 05:00:00,0,1.876,5537409.813
2012-30-10 06:00:00,0,2.303,5536472.711
2012-30-10 07:00:00,0,2.13,5536339.43
2012-30-10 08:00:00,0,1.42,5534719.68
2012-30-10 09:00:00,0,0.589,5530196.164
2012-30-10 10:00:00,0.201,-0.28,5522640.266
2012-30-10 11:00:00,0.201,-1.299,5512864.781
2012-30-10 12:00:00,0,-1.718,5502105.625
2012-30-10 13:00:00,0,-1.373,5491047.383
2012-30-10 14:00:00,0.201,-0.789,5479920.719
2012-30-10 15:00:00,0,0.104,5469010.344
2012-30-10 16:00:00,0,0.954,5459746.016
2012-30-10 17:00:00,0.201,1.75,5453938.328
2012-30-10 18:00:00,0.402,2.357,5451003.242
2012-30-10 19:00:00,0.201,2.469,5449819.578
2012-30-10 20:00:00,0.201,1.893,5448165.93
2012-30-10 21:00:00,0,0.97,5443875.594
2012-30-10 22:00:00,0.201,0.111,5436339.688
2012-30-10 23:00:00,0.603,-0.865,5426134.859
2012-31-10 00:00:00,0.402,-1.437,5414568.305
2012-31-10 01:00:00,0.804,-1.319,5402640.008
2012-31-10 02:00:00,2.412,-0.65,5390739.086
2012-31-10 03:00:00,3.015,0.061,5379383.688
2012-31-10 04:00:00,6.03,0.961,5369991.68
2012-31-10 05:00:00,6.432,1.65,5364703.688
2012-31-10 06:00:00,3.417,2.29,5363477.125
2012-31-10 07:00:00,0.201,2.497,5370401.688
2012-31-10 08:00:00,0.201,2.15,5412829.859
2012-31-10 09:00:00,1.407,1.148,5487250.289
2012-31-10 10:00:00,0.804,0.317,5576107.094
2012-31-10 11:00:00,0,-0.563,5664095.891
2012-31-10 12:00:00,0,-1.386,5746535.891
2012-31-10 13:00:00,0,-1.522,5821209.906
2012-31-10 14:00:00,0,-1.035,5887678.906
2012-31-10 15:00:00,0,-0.363,5949173.344
2012-31-10 16:00:00,0.201,0.588,6007564.719
2012-31-10 17:00:00,0,1.371,6065610.563
2012-31-10 18:00:00,0,2.015,6124287.969
2012-31-10 19:00:00,0,2.383,6183087.688
2012-31-10 20:00:00,0,2.194,6240365.469
2012-31-10 21:00:00,0,1.449,6293480.469
2012-31-10 22:00:00,0,0.389,6340242.281
2012-31-10 23:00:00,0,-0.418,6377064.25
11/01/2012 00:00,0,-1.176,6405902.344
11/01/2012 01:00,0,-1.424,6430483.406
11/01/2012 02:00,0,-1.008,6452198.094
11/01/2012 03:00,0,-0.402,6471855.063
11/01/2012 04:00,0,0.466,6490529.5
11/01/2012 05:00,0,1.334,6510486.563
11/01/2012 06:00,0,2.03,6532427.688
11/01/2012 07:00,0,2.361,6555476.438
11/01/2012 08:00,0,2.374,6578403.688
11/01/2012 09:00,0,1.603,6599354.25
11/01/2012 10:00,0,0.759,6616601.625
11/01/2012 11:00,0.201,-0.013,6630218.281
11/01/2012 12:00,0,-0.94,6640963.969
11/01/2012 13:00,0.402,-1.402,6650017.25
11/01/2012 14:00,2.613,-1.172,6658250.813
11/01/2012 15:00,0.804,-0.705,6666032.75
11/01/2012 16:00,0.603,0.102,6673887.844
11/01/2012 17:00,0.201,0.838,6683147.625
11/01/2012 18:00,0.201,1.516,6695199.063
11/01/2012 19:00,0.402,2.016,6709561.531
11/01/2012 20:00,0,2.158,6725608.094
11/01/2012 21:00,0,1.654,6741885.375
11/01/2012 22:00,0,0.892,6756808
11/01/2012 23:00,0,0.011,6769606.156
11/02/2012 00:00,0,-0.794,6780164.344
11/02/2012 01:00,1.407,-1.315,6789421.125
11/02/2012 02:00,0.402,-1.335,6798087.406
11/02/2012 03:00,0.201,-0.749,6806581.625
11/02/2012 04:00,0,-0.095,6815204.219
11/02/2012 05:00,0.201,0.787,6824984.719
11/02/2012 06:00,0,1.51,6837907.5
11/02/2012 07:00,0,2.026,6853446.75
11/02/2012 08:00,0,2.238,6870909.75
11/02/2012 09:00,0.201,1.899,6888959.719
11/02/2012 10:00,0,1.193,6905602.469
11/02/2012 11:00,0,0.351,6919553.281
11/02/2012 12:00,0,-0.477,6930463.406
11/02/2012 13:00,0,-1.321,6939347.156
11/02/2012 14:00,0,-1.479,6947201.25
11/02/2012 15:00,0,-1.101,6954569.313
11/02/2012 16:00,0,-0.418,6961642.781
11/02/2012 17:00,0,0.243,6968899.438
11/02/2012 18:00,2.412,0.985,6977667.813
11/02/2012 19:00,1.005,1.625,6988944.688
11/02/2012 20:00,0,1.978,7002073.094
11/02/2012 21:00,1.005,1.877,7015884
11/02/2012 22:00,0.201,1.365,7028724.188
11/02/2012 23:00,0,0.519,7039225.063
11/03/2012 00:00,0.804,-0.115,7046850.375
11/03/2012 01:00,1.407,-0.853,7052565.906
11/03/2012 02:00,0.201,-1.192,7057455.281
11/03/2012 03:00,0,-0.864,7062370.688
11/03/2012 04:00,0,-0.158,7067836.375
11/03/2012 05:00,0,0.507,7074659.563
11/03/2012 06:00,0,1.016,7083989.125
11/03/2012 07:00,0,1.653,7095737.906
11/03/2012 08:00,0.201,2.156,7109862.531
11/03/2012 09:00,0.603,2.172,7125529.344
11/03/2012 10:00,0.201,1.531,7140500.156
11/03/2012 11:00,0.402,0.933,7153109.875
11/03/2012 12:00,0.603,0.18,7163196.344
11/03/2012 13:00,0,-0.637,7170778.875
11/03/2012 14:00,2.211,-0.967,7176956.438
11/03/2012 15:00,1.407,-0.976,7182856.938
11/03/2012 16:00,2.211,-0.534,7188953.25
11/03/2012 17:00,1.206,0.04,7195630.219
11/03/2012 18:00,1.809,0.735,7203926.281
11/03/2012 19:00,0.804,1.366,7215304.219
11/03/2012 20:00,0.201,1.924,7229878.875
11/03/2012 21:00,1.206,1.961,7248077.125
11/03/2012 22:00,1.005,1.743,7270831.031
11/03/2012 23:00,1.005,1.151,7299195.531
11/04/2012 00:00,1.608,0.405,7331897.25
11/04/2012 01:00,2.01,-0.306,7367194.938
11/04/2012 02:00,1.206,-0.743,7405257.969
11/04/2012 03:00,0.201,-0.819,7448114.219
11/04/2012 04:00,0,-0.367,7497089.188
11/04/2012 05:00,0,0.139,7551194.438
11/04/2012 06:00,0,0.727,7606941.469
11/04/2012 07:00,0.201,1.237,7662727.063
11/04/2012 08:00,0,1.749,7717521.938
11/04/2012 09:00,0,1.976,7770556.281
11/04/2012 10:00,0,1.715,7820174.063
11/04/2012 11:00,0,1.114,7864902.375
11/04/2012 12:00,0,0.494,7903882.094
11/04/2012 13:00,0,-0.202,7937611.375
11/04/2012 14:00,0,-0.838,7966958.688
11/04/2012 15:00,0.804,-1.065,7993274.813
11/04/2012 16:00,0.201,-0.902,8017535.156
11/04/2012 17:00,0,-0.565,8040326.219
11/04/2012 18:00,0,0.056,8062243.125
11/04/2012 19:00,0,0.503,8084164.156
11/04/2012 20:00,0,1.08,8106960
11/04/2012 21:00,0,1.357,8130680.469
11/04/2012 22:00,0.402,1.401,8154351.906
11/04/2012 23:00,0,0.971,8176987.781
11/05/2012 00:00,0.201,0.456,8197616.625
11/05/2012 01:00,0,-0.2,8215834.719
11/05/2012 02:00,0,-0.746,8232058.781
11/05/2012 03:00,0,-0.971,8247258.375
11/05/2012 04:00,0,-0.902,8261919.125
11/05/2012 05:00,0,-0.571,8276217.531
11/05/2012 06:00,0,-0.025,8290377.5
11/05/2012 07:00,0,0.445,8305018.438
11/05/2012 08:00,0,0.887,8320895.875
11/05/2012 09:00,0,1.361,8338069.063
11/05/2012 10:00,0,1.412,8356003.375
11/05/2012 11:00,0,1.131,8373432.625
11/05/2012 12:00,0.402,0.711,8389402.375
11/05/2012 13:00,0,0.055,8403328.625
11/05/2012 14:00,0,-0.538,8415089.438
11/05/2012 15:00,0,-0.923,8425602.063
11/05/2012 16:00,0.201,-1.03,8435385.563
11/05/2012 17:00,0.201,-0.937,8444815.938
11/05/2012 18:00,0,-0.519,8454076.375
11/05/2012 19:00,0,-0.056,8463450.938
11/05/2012 20:00,0,0.388,8473586.313
11/05/2012 21:00,0,0.873,8485181.188
11/05/2012 22:00,0,1.107,8498259.25
11/05/2012 23:00,0,1.047,8511808.625
11/06/2012 00:00,0,0.81,8524857.313
11/06/2012 01:00,0,0.266,8536583.125
11/06/2012 02:00,0,-0.329,8546319.75
11/06/2012 03:00,0,-0.611,8554523.063
11/06/2012 04:00,0,-0.729,8561957.313
11/06/2012 05:00,0,-0.715,8568921.188
11/06/2012 06:00,0,-0.4,8575499.688
11/06/2012 07:00,0,0.095,8582123.688
11/06/2012 08:00,0,0.399,8589310.313
11/06/2012 09:00,0,0.891,8597477.438
11/06/2012 10:00,0,1.178,8606857.188
11/06/2012 11:00,0,1.141,8616584.438
11/06/2012 12:00,0,0.99,8625868.125
11/06/2012 13:00,0,0.517,8634066.313
11/06/2012 14:00,0,-0.012,8640396.5
11/06/2012 15:00,0,-0.496,8644967.813
11/06/2012 16:00,0,-0.771,8648417.813
11/06/2012 17:00,0,-0.985,8651196.188
11/06/2012 18:00,0,-0.808,8653524.688
11/06/2012 19:00,0,-0.451,8655585.875
11/06/2012 20:00,0,-0.193,8657621.375
11/06/2012 21:00,0,0.297,8659945.938
11/06/2012 22:00,0,0.755,8663268.313
11/06/2012 23:00,0,0.985,8667712
11/07/2012 00:00,0,0.979,8672435.5
11/07/2012 01:00,0,0.701,8676581.063
11/07/2012 02:00,0,0.313,8679462.625
11/07/2012 03:00,0,-0.062,8680727.125
11/07/2012 04:00,0,-0.386,8680642.438
11/07/2012 05:00,0,-0.593,8679646.375
11/07/2012 06:00,0,-0.553,8678095.063
11/07/2012 07:00,0.201,-0.346,8676290.063
11/07/2012 08:00,0,0.032,8674463.375
11/07/2012 09:00,0,0.424,8673097.188
11/07/2012 10:00,0,0.802,8672795.938
11/07/2012 11:00,0,1.169,8673599.375
11/07/2012 12:00,0.402,1.226,8675072.313
11/07/2012 13:00,0.603,0.997,8676311.813
11/07/2012 14:00,0.402,0.669,8676606.938
11/07/2012 15:00,0.201,0.262,8675600.188
11/07/2012 16:00,0.603,-0.298,8673035.313
11/07/2012 17:00,0.402,-0.651,8669283.938
11/07/2012 18:00,0,-0.771,8664986.563
11/07/2012 19:00,0.201,-0.759,8660551.875
11/07/2012 20:00,0,-0.477,8656478.938
11/07/2012 21:00,0.201,-0.12,8654557.438
11/07/2012 22:00,0,0.268,8656183.75
11/07/2012 23:00,0,0.812,8659809.188
11/08/2012 00:00,0,1.147,8665075
11/08/2012 01:00,0,1.086,8671046.25
11/08/2012 02:00,0,0.924,8676714.438
11/08/2012 03:00,0,0.545,8681395.688
11/08/2012 04:00,0,0.137,8684535.25
11/08/2012 05:00,0,-0.223,8686119.688
11/08/2012 06:00,0,-0.545,8686700.688
11/08/2012 07:00,0,-0.595,8686746.375
11/08/2012 08:00,0,-0.375,8686624.813
11/08/2012 09:00,0,-0.117,8686559.125
11/08/2012 10:00,0,0.203,8686743.063
11/08/2012 11:00,0.201,0.738,8687760.313
11/08/2012 12:00,0,1.072,8690064.938
11/08/2012 13:00,0,1.173,8692821.5
11/08/2012 14:00,0,1.045,8695382.875
11/08/2012 15:00,0,0.785,8697210.688
11/08/2012 16:00,0,0.337,8697689.438
11/08/2012 17:00,0,-0.252,8696339.938
11/08/2012 18:00,0,-0.631,8693567.063
11/08/2012 19:00,0,-0.769,8689992.438
11/08/2012 20:00,0,-0.832,8685961
11/08/2012 21:00,0,-0.541,8681609.625
11/08/2012 22:00,0,-0.13,8677242.188
11/08/2012 23:00,0,0.45,8673426.875
11/09/2012 00:00,0.201,1.009,8671241.063
11/09/2012 01:00,0.804,1.388,8670690.75
11/09/2012 02:00,2.412,1.435,8670941.313
11/09/2012 03:00,0.804,1.276,8671102.5
11/09/2012 04:00,0.402,0.913,8670641.688
11/09/2012 05:00,1.206,0.386,8669206.813
11/09/2012 06:00,1.608,-0.25,8666419.25
11/09/2012 07:00,0.201,-0.618,8663257.313
11/09/2012 08:00,0.603,-0.673,8661444.688
11/09/2012 09:00,0.201,-0.39,8662588.813
11/09/2012 10:00,0,-0.172,8667866.563
11/09/2012 11:00,0,0.349,8676613.813
11/09/2012 12:00,0,0.932,8688755.375
11/09/2012 13:00,0,1.31,8703354.5
11/09/2012 14:00,0.402,1.56,8718838.125
11/09/2012 15:00,0.201,1.441,8734160.563
11/09/2012 16:00,0.402,1.039,8748087.5
11/09/2012 17:00,0,0.569,8759822.063
11/09/2012 18:00,0,-0.076,8768998.625
11/09/2012 19:00,0.201,-0.783,8775830.313
11/09/2012 20:00,0,-0.959,8781116
11/09/2012 21:00,0,-0.95,8785572.438
11/09/2012 22:00,0.603,-0.724,8789485.563
11/09/2012 23:00,0.201,-0.152,8793054.688
11/10/2012 00:00,0,0.511,8797003.125
11/10/2012 01:00,0,1.146,8802618.75
11/10/2012 02:00,0.201,1.642,8809783.25
11/10/2012 03:00,0,1.752,8817815.688
11/10/2012 04:00,0,1.445,8825566.688
11/10/2012 05:00,0.201,0.992,8831928.25
11/10/2012 06:00,0.402,0.334,8836383.688
11/10/2012 07:00,0.201,-0.355,8838523.375
11/10/2012 08:00,0.201,-0.816,8839045.188
11/10/2012 09:00,0.201,-0.983,8838807.188
11/10/2012 10:00,0,-0.809,8838232.625
11/10/2012 11:00,0,-0.243,8837649.188
11/10/2012 12:00,0,0.257,8837642.688
11/10/2012 13:00,0,0.949,8839166.813
11/10/2012 14:00,0,1.526,8842980.75
11/10/2012 15:00,0,1.723,8848334.75
11/10/2012 16:00,0,1.59,8854088.75
11/10/2012 17:00,0,1.11,8859026.25
11/10/2012 18:00,0,0.343,8862062.063
11/10/2012 19:00,0,-0.429,8862665.438
11/10/2012 20:00,0,-1.086,8861591.25
11/10/2012 21:00,0,-1.491,8859650.813
11/10/2012 22:00,0,-1.427,8857222.813
11/10/2012 23:00,0,-0.985,8854515.563
11/11/2012 00:00,0,-0.3,8851728.5
11/11/2012 01:00,0,0.458,8849497.563
11/11/2012 02:00,0,1.243,8849341.5
11/11/2012 03:00,0,1.726,8851357.313
11/11/2012 04:00,0,1.862,8854461.125
11/11/2012 05:00,0,1.361,8857163.75
11/11/2012 06:00,0,0.636,8857947
11/11/2012 07:00,0,-0.071,8856337.938
11/11/2012 08:00,0,-0.891,8852681.5
11/11/2012 09:00,0,-1.529,8847801.688
11/11/2012 10:00,0,-1.575,8842340.375
11/11/2012 11:00,0.201,-1.278,8836601.25
11/11/2012 12:00,0,-0.445,8830724.938
11/11/2012 13:00,0,0.206,8825264.625
11/11/2012 14:00,0,1.04,8821430
11/11/2012 15:00,0.201,1.647,8820112.313
11/11/2012 16:00,0,1.863,8820321.938
11/11/2012 17:00,0,1.698,8820792.375
11/11/2012 18:00,0.603,1.052,8820039.125
11/11/2012 19:00,0.402,0.111,8816828.813
11/11/2012 20:00,0.402,-0.792,8811048.313
11/11/2012 21:00,0.603,-1.533,8803956.688
11/11/2012 22:00,0.402,-1.772,8796404.75
11/11/2012 23:00,0.201,-1.589,8788760.5
11/12/2012 00:00,0,-0.847,8781217.688
11/12/2012 01:00,0,0.028,8774046.688
11/12/2012 02:00,0.201,0.947,8768688.313
11/12/2012 03:00,0,1.826,8767000.25
11/12/2012 04:00,0.402,2.335,8768832.563
11/12/2012 05:00,1.608,2.292,8772996.188
11/12/2012 06:00,1.206,1.66,8777500
11/12/2012 07:00,0.804,0.735,8780856.688
11/12/2012 08:00,0,-0.188,8784387.25
11/12/2012 09:00,0,-1.214,8792511.5
11/12/2012 10:00,0,-1.784,8803974
11/12/2012 11:00,0.402,-1.603,8817043.688
11/12/2012 12:00,0.201,-1.075,8832458.313
11/12/2012 13:00,0.804,-0.167,8848371.438
11/12/2012 14:00,0.603,0.638,8864467.25
11/12/2012 15:00,0.201,1.528,8882184.625
11/12/2012 16:00,0.201,2.237,8902066.313
11/12/2012 17:00,0.603,2.401,8924456.5
11/12/2012 18:00,0.402,1.908,8948396.5
11/12/2012 19:00,0,0.971,8972123.938
11/12/2012 20:00,0.201,0.047,8994815.813
11/12/2012 21:00,0,-1.122,9016639.375
11/12/2012 22:00,0,-1.923,9038221.313
11/12/2012 23:00,0,-2.05,9059780
2012-13-11 00:00:00,0,-1.669,9080801.375
2012-13-11 01:00:00,0,-0.808,9100606.938
2012-13-11 02:00:00,0,0.317,9119356.625
2012-13-11 03:00:00,2.412,1.341,9139193.75
2012-13-11 04:00:00,0.201,2.294,9161214
2012-13-11 05:00:00,0,2.761,9185083.563
2012-13-11 06:00:00,0,2.475,9209731.188
2012-13-11 07:00:00,0,1.621,9233060.125
2012-13-11 08:00:00,0,0.712,9253908.25
2012-13-11 09:00:00,0.201,-0.4,9272238.563
2012-13-11 10:00:00,0,-1.594,9288414.688
2012-13-11 11:00:00,0.201,-2.02,9303212.875
2012-13-11 12:00:00,0.603,-1.682,9316989.438
2012-13-11 13:00:00,3.618,-1.079,9329904.5
2012-13-11 14:00:00,2.613,-0.044,9342386.188
2012-13-11 15:00:00,1.005,0.876,9356514.125
2012-13-11 16:00:00,2.613,1.887,9377523.938
2012-13-11 17:00:00,2.01,2.481,9409977.625
2012-13-11 18:00:00,1.005,2.514,9454694.875
2012-13-11 19:00:00,0.201,1.773,9513743.563
2012-13-11 20:00:00,0,0.758,9583417.313
2012-13-11 21:00:00,0,-0.26,9656415.313
2012-13-11 22:00:00,0,-1.643,9727599.438
2012-13-11 23:00:00,0,-2.292,9793588.313
2012-14-11 00:00:00,0,-2.17,9853926.438
2012-14-11 01:00:00,0,-1.627,9909084.563
2012-14-11 02:00:00,0.201,-0.56,9959379.688
2012-14-11 03:00:00,0.402,0.477,10005850.75
2012-14-11 04:00:00,0.603,1.568,10050750.19
2012-14-11 05:00:00,1.005,2.513,10094923.88
2012-14-11 06:00:00,1.608,2.859,10138395.25
2012-14-11 07:00:00,0.804,2.248,10180002.19
2012-14-11 08:00:00,0.201,1.247,10218523.69
2012-14-11 09:00:00,0,0.16,10254609.69
2012-14-11 10:00:00,0,-1.111,10289022.06
2012-14-11 11:00:00,0,-2.146,10323274.13
2012-14-11 12:00:00,0,-2.433,10358294.06
2012-14-11 13:00:00,0,-1.986,10393069.5
2012-14-11 14:00:00,0.201,-1.165,10426869.31
2012-14-11 15:00:00,0.402,0.074,10459471.56
2012-14-11 16:00:00,0.402,1,10492076.13
2012-14-11 17:00:00,0.201,1.991,10526069.06
2012-14-11 18:00:00,0.402,2.654,10561459.88
2012-14-11 19:00:00,0,2.502,10596941.75
2012-14-11 20:00:00,0.201,1.628,10630412.5
2012-14-11 21:00:00,0,0.537,10660517.88
2012-14-11 22:00:00,0,-0.626,10687010.06
2012-14-11 23:00:00,0,-1.861,10710992.81
2012-15-11 00:00:00,0,-2.39,10733742.44
2012-15-11 01:00:00,0,-2.149,10755818.75
2012-15-11 02:00:00,0,-1.431,10777269.19
2012-15-11 03:00:00,0,-0.313,10798121.13
2012-15-11 04:00:00,0,0.802,10819478.69
2012-15-11 05:00:00,0,1.945,10843533.88
2012-15-11 06:00:00,0,2.665,10870133.06
2012-15-11 07:00:00,0,2.827,10898049.31
2012-15-11 08:00:00,0,2.126,10925252.38
2012-15-11 09:00:00,0,0.973,10949523.13
2012-15-11 10:00:00,0,-0.159,10970100.81
2012-15-11 11:00:00,0,-1.389,10987722.44
2012-15-11 12:00:00,0,-2.388,11003845.5
2012-15-11 13:00:00,0.603,-2.481,11019321.5
2012-15-11 14:00:00,0,-1.876,11034384.31
2012-15-11 15:00:00,0,-0.899,11049201.5
2012-15-11 16:00:00,0,0.193,11064069.63
2012-15-11 17:00:00,0,1.192,11080728.88
2012-15-11 18:00:00,0,2.151,11100221.13
2012-15-11 19:00:00,0,2.742,11122122.13
2012-15-11 20:00:00,0,2.393,11144747.06
2012-15-11 21:00:00,0,1.405,11165559.44
2012-15-11 22:00:00,0,0.343,11183203.81
2012-15-11 23:00:00,0,-0.827,11197674.19
2012-16-11 00:00:00,0,-1.93,11210212.81
2012-16-11 01:00:00,0,-2.273,11222062.31
2012-16-11 02:00:00,0,-1.901,11233549.19
2012-16-11 03:00:00,0,-1.162,11244768.5
2012-16-11 04:00:00,0,0.099,11255966.56
2012-16-11 05:00:00,0,1.036,11268817.06
2012-16-11 06:00:00,0,2.024,11284423.31
2012-16-11 07:00:00,0,2.741,11302602.69
2012-16-11 08:00:00,0,2.801,11322266.63
2012-16-11 09:00:00,0,1.971,11341106.19
2012-16-11 10:00:00,0,0.832,11357087.81
2012-16-11 11:00:00,0,-0.257,11369703.31
2012-16-11 12:00:00,0,-1.561,11379724
2012-16-11 13:00:00,0,-2.24,11388600
2012-16-11 14:00:00,0,-2.137,11397091.13
2012-16-11 15:00:00,0,-1.549,11405311.56
2012-16-11 16:00:00,0.201,-0.592,11413335.13
2012-16-11 17:00:00,0.201,0.281,11421705.94
2012-16-11 18:00:00,0.804,1.407,11432207.19
2012-16-11 19:00:00,0.201,2.266,11445705.56
2012-16-11 20:00:00,0,2.587,11461304.13
2012-16-11 21:00:00,0,2.156,11477151.19
2012-16-11 22:00:00,0,1.231,11491181.69
2012-16-11 23:00:00,0,0.239,11502413.44
2012-17-11 00:00:00,0.201,-0.883,11510858.06
2012-17-11 01:00:00,0,-1.82,11517688.81
2012-17-11 02:00:00,0,-2.038,11523981.19
2012-17-11 03:00:00,0,-1.585,11530038.31
2012-17-11 04:00:00,0,-0.749,11535911.38
2012-17-11 05:00:00,0,0.32,11542051.25
2012-17-11 06:00:00,0,1.137,11550117.44
2012-17-11 07:00:00,0.201,2.127,11560682.69
2012-17-11 08:00:00,0,2.714,11573669.88
2012-17-11 09:00:00,0,2.564,11587640.25
2012-17-11 10:00:00,0.402,1.643,11600219.13
2012-17-11 11:00:00,0,0.63,11609861.56
2012-17-11 12:00:00,0,-0.391,11616462.81
2012-17-11 13:00:00,0,-1.581,11620823.19
2012-17-11 14:00:00,0.603,-2.185,11624204.31
2012-17-11 15:00:00,0.201,-1.955,11627177.63
2012-17-11 16:00:00,1.206,-1.381,11629943.06
2012-17-11 17:00:00,0,-0.477,11632587.56
2012-17-11 18:00:00,0.201,0.341,11635763.69
2012-17-11 19:00:00,0.201,1.332,11640942.75
2012-17-11 20:00:00,0,2.046,11648602.19
2012-17-11 21:00:00,0.201,2.3,11657841.44
2012-17-11 22:00:00,0,1.718,11666915.63
2012-17-11 23:00:00,0.201,0.902,11673966.56
2012-18-11 00:00:00,0,0.137,11678477.56
2012-18-11 01:00:00,0,-0.892,11680617.31
2012-18-11 02:00:00,0,-1.72,11681298.94
2012-18-11 03:00:00,0,-1.711,11681373.56
2012-18-11 04:00:00,0,-1.169,11681114.5
2012-18-11 05:00:00,0,-0.486,11680699.31
2012-18-11 06:00:00,0,0.324,11680645.19
2012-18-11 07:00:00,0,1.156,11682336.13
2012-18-11 08:00:00,0,1.987,11686331.38
2012-18-11 09:00:00,0.201,2.458,11692214.44
2012-18-11 10:00:00,0,2.206,11698588.5
2012-18-11 11:00:00,0,1.324,11703393.19
2012-18-11 12:00:00,0,0.528,11705519
2012-18-11 13:00:00,0.603,-0.458,11704883.19
2012-18-11 14:00:00,1.206,-1.483,11702110.63
2012-18-11 15:00:00,2.412,-1.905,11698358.69
2012-18-11 16:00:00,3.819,-1.569,11694232.75
2012-18-11 17:00:00,2.814,-1.105,11690011.69
2012-18-11 18:00:00,0.402,-0.109,11686201.06
2012-18-11 19:00:00,0.402,0.647,11684358
2012-18-11 20:00:00,0.201,1.492,11688581.13
2012-18-11 21:00:00,0.201,2.192,11704150.44
2012-18-11 22:00:00,0,2.448,11731570
2012-18-11 23:00:00,0.201,1.88,11763438.56
2012-19-11 00:00:00,0,1.238,11794919.88
2012-19-11 01:00:00,0.201,0.476,11824463
2012-19-11 02:00:00,1.608,-0.443,11851191.31
2012-19-11 03:00:00,0.201,-0.958,11875544.19
2012-19-11 04:00:00,0,-0.884,11898395.31
2012-19-11 05:00:00,3.417,-0.54,11921001.38
2012-19-11 06:00:00,0.402,0.123,11944384.31
2012-19-11 07:00:00,0,0.69,11970689.81
2012-19-11 08:00:00,0,1.436,12002579.44
2012-19-11 09:00:00,0,2.166,12039228
2012-19-11 10:00:00,0.201,2.43,12079304.56
2012-19-11 11:00:00,0.201,2.168,12120289.56
2012-19-11 12:00:00,0,1.591,12159386.25
2012-19-11 13:00:00,0,0.766,12194794.69
2012-19-11 14:00:00,0.201,-0.059,12226031.31
2012-19-11 15:00:00,0.402,-0.976,12252918.25
2012-19-11 16:00:00,0,-1.41,12276604.19
2012-19-11 17:00:00,0,-1.246,12298249.44
2012-19-11 18:00:00,0,-0.827,12318489.38
2012-19-11 19:00:00,0.201,-0.259,12337698.5
2012-19-11 20:00:00,0,0.321,12356531.94
2012-19-11 21:00:00,0.201,1.118,12376143.63
2012-19-11 22:00:00,0,1.699,12396976.94
2012-19-11 23:00:00,0,1.808,12418236.81
2012-20-11 00:00:00,0,1.43,12438742.44
2012-20-11 01:00:00,0,0.855,12457447.44
2012-20-11 02:00:00,0,0.269,12473900.19
2012-20-11 03:00:00,2.01,-0.282,12488119.94
2012-20-11 04:00:00,4.02,-0.744,12500766.5
2012-20-11 05:00:00,3.819,-0.793,12512980.75
2012-20-11 06:00:00,4.422,-0.344,12526341.88
2012-20-11 07:00:00,4.02,-0.042,12547570
2012-20-11 08:00:00,0,0.592,12587386.63
2012-20-11 09:00:00,0,1.274,12649496.19
2012-20-11 10:00:00,0.201,1.894,12732072.5
2012-20-11 11:00:00,0,2.106,12824416.5
2012-20-11 12:00:00,0,1.946,12917265
2012-20-11 13:00:00,0,1.43,13003440.19
2012-20-11 14:00:00,0,0.988,13076083.75
2012-20-11 15:00:00,0,0.313,13140839.63
2012-20-11 16:00:00,0,-0.195,13199841.63
2012-20-11 17:00:00,0,-0.836,13254546.88
2012-20-11 18:00:00,1.809,-0.795,13305597.13
2012-20-11 19:00:00,0.402,-0.549,13352937.38
2012-20-11 20:00:00,0,-0.178,13394355.25
2012-20-11 21:00:00,0.201,0.319,13430474.25
2012-20-11 22:00:00,0,1.033,13464329.88
2012-20-11 23:00:00,0,1.394,13497520.63
2012-21-11 00:00:00,0,1.555,13530050.5
2012-21-11 01:00:00,0,1.325,13561116.13
2012-21-11 02:00:00,0,0.859,13589793.13
2012-21-11 03:00:00,0,0.336,13615741.63
2012-21-11 04:00:00,0,-0.164,13639004
2012-21-11 05:00:00,0,-0.577,13659994.25
2012-21-11 06:00:00,0,-0.667,13679496.13
2012-21-11 07:00:00,0,-0.488,13698025.5
2012-21-11 08:00:00,0,-0.077,13716010.13
2012-21-11 09:00:00,0.201,0.397,13734116.5
2012-21-11 10:00:00,0,0.889,13752915.25
2012-21-11 11:00:00,0,1.458,13772760.38
2012-21-11 12:00:00,0,1.774,13793676.75
2012-21-11 13:00:00,0,1.585,13814676.25
2012-21-11 14:00:00,0,1.205,13834548.25
2012-21-11 15:00:00,0,0.727,13852768
2012-21-11 16:00:00,0,0.126,13868996.38
2012-21-11 17:00:00,1.407,-0.46,13883291.88
2012-21-11 18:00:00,0.804,-0.833,13896366.63
2012-21-11 19:00:00,0,-0.784,13908994.88
2012-21-11 20:00:00,0,-0.527,13921465
2012-21-11 21:00:00,0.201,-0.213,13934082.63
2012-21-11 22:00:00,0,0.229,13947321.63
2012-21-11 23:00:00,0,0.88,13962117.75
2012-22-11 00:00:00,0,1.44,13979039.13
2012-22-11 01:00:00,1.608,1.687,13997696.25
2012-22-11 02:00:00,0.201,1.499,14016845.63
2012-22-11 03:00:00,1.005,1.112,14035205.63
2012-22-11 04:00:00,3.618,0.579,14052237.5
2012-22-11 05:00:00,0,0.119,14068323.63
2012-22-11 06:00:00,0.402,-0.222,14085466.25
2012-22-11 07:00:00,0,-0.61,14107359.88
2012-22-11 08:00:00,0,-0.484,14134394.13
2012-22-11 09:00:00,0,-0.052,14166976.88
2012-22-11 10:00:00,0,0.194,14202806.38
2012-22-11 11:00:00,0,0.76,14239167.75
2012-22-11 12:00:00,0,1.361,14275538.75
2012-22-11 13:00:00,1.206,1.547,14311186.38
2012-22-11 14:00:00,0,1.627,14345159.38
2012-22-11 15:00:00,0.201,1.371,14377125.63
2012-22-11 16:00:00,0.603,0.837,14406500.88
2012-22-11 17:00:00,0,0.291,14433047
2012-22-11 18:00:00,2.211,-0.296,14456937.63
2012-22-11 19:00:00,0.201,-0.791,14478794.13
2012-22-11 20:00:00,0.402,-0.812,14499529.88
2012-22-11 21:00:00,0.201,-0.598,14519645.38
2012-22-11 22:00:00,0.804,-0.223,14539656.13
2012-22-11 23:00:00,0.402,0.217,14560065.63
2012-23-11 00:00:00,0.201,0.762,14581633.5
2012-23-11 01:00:00,0,1.272,14605003.13
2012-23-11 02:00:00,0,1.609,14630000.38
2012-23-11 03:00:00,0.201,1.411,14655434.25
2012-23-11 04:00:00,0,1.037,14679810
2012-23-11 05:00:00,0,0.583,14702442.88
2012-23-11 06:00:00,0,0.068,14723130.75
2012-23-11 07:00:00,0,-0.388,14741905.75
2012-23-11 08:00:00,0,-0.744,14759255.88
2012-23-11 09:00:00,0,-0.653,14775688
2012-23-11 10:00:00,0.402,-0.313,14791661.88
2012-23-11 11:00:00,0.804,0.225,14807834.75
2012-23-11 12:00:00,0.603,0.644,14825001.13
2012-23-11 13:00:00,0.402,1.175,14843426.38
2012-23-11 14:00:00,0.804,1.553,14863129.38
2012-23-11 15:00:00,0.201,1.546,14883446.75
2012-23-11 16:00:00,0,1.222,14903430
2012-23-11 17:00:00,0,0.66,14922470.25
2012-23-11 18:00:00,0.201,0.021,14940828.25
2012-23-11 19:00:00,0,-0.648,14958789.38
2012-23-11 20:00:00,0,-1.017,14976355.75
2012-23-11 21:00:00,0,-1.152,14993678.75
2012-23-11 22:00:00,0,-0.913,15010974
2012-23-11 23:00:00,0,-0.425,15028210
2012-24-11 00:00:00,0,0.12,15045576.38
2012-24-11 01:00:00,0,0.768,15063909.75
2012-24-11 02:00:00,0,1.27,15083647.75
2012-24-11 03:00:00,0,1.559,15104269.38
2012-24-11 04:00:00,0,1.508,15124844.13
2012-24-11 05:00:00,0,1,15144124.5
2012-24-11 06:00:00,0,0.503,15161310
2012-24-11 07:00:00,0,-0.079,15176417.13
2012-24-11 08:00:00,0,-0.733,15189617
2012-24-11 09:00:00,0,-0.931,15201679.38
2012-24-11 10:00:00,0,-0.872,15213177.13
2012-24-11 11:00:00,0,-0.515,15224367
2012-24-11 12:00:00,0,0.101,15235719.75
2012-24-11 13:00:00,0,0.691,15248190.5
2012-24-11 14:00:00,0,1.231,15262229.38
2012-24-11 15:00:00,0,1.656,15277601.75
2012-24-11 16:00:00,0,1.703,15293557.5
2012-24-11 17:00:00,0,1.317,15308814.25
2012-24-11 18:00:00,0,0.696,15322247.13
2012-24-11 19:00:00,0,0.092,15333533.88
2012-24-11 20:00:00,0,-0.556,15342992
2012-24-11 21:00:00,0,-1.123,15351277
2012-24-11 22:00:00,0,-1.065,15359003.38
2012-24-11 23:00:00,0,-0.647,15366591.13
2012-25-11 00:00:00,0,-0.145,15374319.63
2012-25-11 01:00:00,0,0.373,15382834.75
2012-25-11 02:00:00,0,1.065,15393014.5
2012-25-11 03:00:00,0,1.614,15405126.63
2012-25-11 04:00:00,0,1.868,15418367
2012-25-11 05:00:00,0,1.713,15431597
2012-25-11 06:00:00,0,1.036,15443377.38
2012-25-11 07:00:00,0,0.336,15452798.13
2012-25-11 08:00:00,0,-0.265,15460048
2012-25-11 09:00:00,0,-0.912,15465770.13
2012-25-11 10:00:00,0,-1.192,15470715.75
2012-25-11 11:00:00,0,-0.994,15475368.88
2012-25-11 12:00:00,0.201,-0.478,15479990
2012-25-11 13:00:00,0,0.079,15485039.88
2012-25-11 14:00:00,0,0.773,15491568.75
2012-25-11 15:00:00,0.201,1.459,15500241.38
2012-25-11 16:00:00,0,1.632,15510253.25
2012-25-11 17:00:00,0,1.62,15520375
2012-25-11 18:00:00,0,1.125,15529612.63
2012-25-11 19:00:00,0,0.392,15536770.75
2012-25-11 20:00:00,0,-0.348,15541644.63
2012-25-11 21:00:00,0,-1.056,15544950.5
2012-25-11 22:00:00,0.201,-1.461,15547546.38
2012-25-11 23:00:00,0,-1.299,15549893.63
2012-26-11 00:00:00,0,-0.9,15552086.38
2012-26-11 01:00:00,0,-0.252,15554397
2012-26-11 02:00:00,0,0.408,15557643.75
2012-26-11 03:00:00,0,1.195,15562930
2012-26-11 04:00:00,0,1.759,15570287
2012-26-11 05:00:00,0,1.79,15578488.75
2012-26-11 06:00:00,0,1.347,15585885.5
2012-26-11 07:00:00,0,0.683,15591345.75
2012-26-11 08:00:00,0,-0.08,15594394.13
2012-26-11 09:00:00,0,-0.82,15595378.88
2012-26-11 10:00:00,0.201,-1.495,15595309.88
2012-26-11 11:00:00,0,-1.55,15594821
2012-26-11 12:00:00,0,-1.228,15594070.25
2012-26-11 13:00:00,0,-0.657,15593180.63
2012-26-11 14:00:00,0,0.006,15592632.38
2012-26-11 15:00:00,0,0.788,15593610.88
2012-26-11 16:00:00,0,1.353,15596700.38
2012-26-11 17:00:00,0,1.651,15601008.25
2012-26-11 18:00:00,0,1.352,15605192.13
2012-26-11 19:00:00,0,0.739,15607732.13
2012-26-11 20:00:00,0.201,-0.074,15607835.75
2012-26-11 21:00:00,0,-0.876,15605746.88
2012-26-11 22:00:00,0,-1.484,15602565.5
2012-26-11 23:00:00,0,-1.729,15598948.25
2012-27-11 00:00:00,0,-1.499,15595025.63
2012-27-11 01:00:00,0,-0.836,15590825.88
2012-27-11 02:00:00,0,-0.079,15586770.63
2012-27-11 03:00:00,0,0.585,15583940.25
2012-27-11 04:00:00,0,1.378,15583168
2012-27-11 05:00:00,0,1.776,15584142.5
2012-27-11 06:00:00,0,1.569,15585205.63
2012-27-11 07:00:00,0,0.996,15584750.63
2012-27-11 08:00:00,0,0.286,15581985.75
2012-27-11 09:00:00,0,-0.578,15576772.5
2012-27-11 10:00:00,0,-1.387,15569894.5
2012-27-11 11:00:00,0,-1.859,15562329.25
2012-27-11 12:00:00,0,-1.741,15554390.75
2012-27-11 13:00:00,0.201,-1.254,15546055.38
2012-27-11 14:00:00,0,-0.436,15537490.5
2012-27-11 15:00:00,0,0.254,15529489.25
2012-27-11 16:00:00,0,0.989,15523177.38
2012-27-11 17:00:00,0,1.526,15518669.5
2012-27-11 18:00:00,0,1.634,15514858.88
2012-27-11 19:00:00,0,1.164,15510127.5
2012-27-11 20:00:00,0,0.427,15503062.88
2012-27-11 21:00:00,0,-0.395,15493283.5
2012-27-11 22:00:00,0,-1.204,15481452.25
2012-27-11 23:00:00,0,-1.763,15468587.38
2012-28-11 00:00:00,0,-1.663,15455133.5
2012-28-11 01:00:00,0,-1.185,15441131
2012-28-11 02:00:00,0,-0.465,15426689.38
2012-28-11 03:00:00,0,0.312,15412613.63
2012-28-11 04:00:00,0,1.116,15400303.5
2012-28-11 05:00:00,0,1.717,15389830.5
2012-28-11 06:00:00,0,1.918,15380184.13
2012-28-11 07:00:00,0,1.635,15369990.88
2012-28-11 08:00:00,0,0.862,15357733.13
2012-28-11 09:00:00,0,0.009,15342528.75
2012-28-11 10:00:00,0,-0.792,15324922.75
2012-28-11 11:00:00,0,-1.618,15306029
2012-28-11 12:00:00,0,-1.826,15286689.25
2012-28-11 13:00:00,0,-1.497,15267069.88
2012-28-11 14:00:00,0,-0.836,15247142
2012-28-11 15:00:00,0,0.048,15227191.75
2012-28-11 16:00:00,0,0.789,15208843
2012-28-11 17:00:00,0,1.392,15192579.38
2012-28-11 18:00:00,0,1.815,15177904.13
2012-28-11 19:00:00,0,1.792,15163886.63
2012-28-11 20:00:00,0,1.106,15148731
2012-28-11 21:00:00,0,0.213,15131097.5
2012-28-11 22:00:00,0,-0.596,15111054.75
2012-28-11 23:00:00,0,-1.374,15089695.5
2012-29-11 00:00:00,0,-1.602,15067919.75
2012-29-11 01:00:00,0,-1.372,15046067.75
2012-29-11 02:00:00,0,-0.824,15024097.13
2012-29-11 03:00:00,0,0.062,15002442.5
2012-29-11 04:00:00,0,0.87,14982667.63
2012-29-11 05:00:00,0,1.571,14965408.13
2012-29-11 06:00:00,0,2.046,14949982.75
2012-29-11 07:00:00,0,1.968,14935251
2012-29-11 08:00:00,0,1.396,14919494.88
2012-29-11 09:00:00,0,0.614,14901499.38
2012-29-11 10:00:00,0,-0.162,14881110.5
2012-29-11 11:00:00,0,-1.197,14858787.13
2012-29-11 12:00:00,0,-1.742,14835714.13
2012-29-11 13:00:00,0.201,-1.582,14812515.75
2012-29-11 14:00:00,0,-1.189,14789221
2012-29-11 15:00:00,0,-0.335,14765987.5
2012-29-11 16:00:00,0,0.422,14743731.75
2012-29-11 17:00:00,0,1.101,14723623
2012-29-11 18:00:00,0,1.714,14705671
2012-29-11 19:00:00,0,1.938,14689120.38
2012-29-11 20:00:00,0,1.436,14672231.88
2012-29-11 21:00:00,0,0.742,14653407.63
2012-29-11 22:00:00,0.402,-0.033,14632327.5
2012-29-11 23:00:00,0,-0.986,14609312.75
2012-30-11 00:00:00,0,-1.603,14585414.5
2012-30-11 01:00:00,0,-1.461,14561445.75
2012-30-11 02:00:00,0,-1.097,14537475.25
2012-30-11 03:00:00,0,-0.293,14513642.25
2012-30-11 04:00:00,0.201,0.513,14490756.38
2012-30-11 05:00:00,0,1.211,14470010.63
2012-30-11 06:00:00,0.201,1.906,14451637
2012-30-11 07:00:00,0.402,2.271,14435145.63
2012-30-11 08:00:00,0,1.7,14418540.38
2012-30-11 09:00:00,0.201,1.093,14400123.25
2012-30-11 10:00:00,0,0.317,14379570.25
2012-30-11 11:00:00,0,-0.691,14356811.63
2012-30-11 12:00:00,0,-1.526,14332738.75
2012-30-11 13:00:00,0,-1.81,14308320.88
2012-30-11 14:00:00,0.201,-1.649,14283844.5
2012-30-11 15:00:00,0.402,-0.995,14259324.75
2012-30-11 16:00:00,0,-0.079,14235215.88
2012-30-11 17:00:00,0,0.594,14212487.13
2012-30-11 18:00:00,0,1.277,14191841.38
2012-30-11 19:00:00,0,1.829,14173347.13
2012-30-11 20:00:00,0,1.609,14155704.75
2012-30-11 21:00:00,0,1.13,14137000.75
2012-30-11 22:00:00,0,0.382,14116550
2012-30-11 23:00:00,0,-0.603,14093880.25
12/01/2012 00:00,0,-1.389,14069741
12/01/2012 01:00,0,-1.565,14045042.88
12/01/2012 02:00,0,-1.383,14020333
12/01/2012 03:00,0,-0.832,13995658.63
12/01/2012 04:00,0,-0.012,13971178.25
12/01/2012 05:00,0,0.663,13948009.38
12/01/2012 06:00,0,1.48,13927104.75
12/01/2012 07:00,0,1.936,13908447.38
12/01/2012 08:00,0.402,1.951,13890781
12/01/2012 09:00,0,1.378,13872418.63
12/01/2012 10:00,0,0.557,13852107.5
12/01/2012 11:00,0,-0.186,13829579.63
12/01/2012 12:00,0,-1.081,13805315.88
12/01/2012 13:00,0.201,-1.773,13780249.38
12/01/2012 14:00,0,-1.73,13755035.25
12/01/2012 15:00,0,-1.26,13729837.38
12/01/2012 16:00,0,-0.434,13704788.88
12/01/2012 17:00,0,0.25,13680356.75
12/01/2012 18:00,0,0.934,13657573
12/01/2012 19:00,0,1.446,13636822.5
12/01/2012 20:00,0,1.839,13617649.63
12/01/2012 21:00,0,1.523,13598871.25
12/01/2012 22:00,0,0.753,13578712.63
12/01/2012 23:00,0,-0.06,13556360.5
12/02/2012 00:00,0,-0.839,13532141.88
12/02/2012 01:00,0,-1.351,13507027.5
12/02/2012 02:00,0,-1.541,13481641.25
12/02/2012 03:00,0,-1.066,13456154.88
12/02/2012 04:00,0,-0.415,13430819.13
12/02/2012 05:00,0.201,0.457,13406255.38
12/02/2012 06:00,0.402,1.093,13383610
12/02/2012 07:00,0.402,1.623,13362905.5
12/02/2012 08:00,0.804,1.969,13343796.25
12/02/2012 09:00,0.804,1.785,13325371.25
12/02/2012 10:00,1.608,1.151,13306111.5
12/02/2012 11:00,0.402,0.382,13285108.25
12/02/2012 12:00,0.201,-0.48,13262323
12/02/2012 13:00,0.201,-1.362,13238446.75
12/02/2012 14:00,1.005,-1.498,13214234
12/02/2012 15:00,0.804,-1.34,13190269.63
12/02/2012 16:00,0,-0.914,13167726.63
12/02/2012 17:00,0.201,-0.124,13147680.25
12/02/2012 18:00,0.804,0.617,13131146.38
12/02/2012 19:00,1.206,1.255,13118570.13
12/02/2012 20:00,0.603,1.7,13109074
12/02/2012 21:00,0.603,1.73,13101571.5
12/02/2012 22:00,0,1.195,13095034.88
12/02/2012 23:00,0,0.509,13091117.13
12/03/2012 00:00,0,-0.158,13090182.63
12/03/2012 01:00,0,-0.927,13090202.63
12/03/2012 02:00,0.402,-1.314,13090189.38
12/03/2012 03:00,0.201,-0.959,13089702.25
12/03/2012 04:00,0,-0.628,13088663.25
12/03/2012 05:00,0,-0.036,13087446.13
12/03/2012 06:00,0,0.662,13087111.63
12/03/2012 07:00,0,1.272,13088203.13
12/03/2012 08:00,0.201,1.718,13090581.88
12/03/2012 09:00,0,1.847,13093657.75
12/03/2012 10:00,0,1.438,13095951.25
12/03/2012 11:00,0,0.793,13096266.75
12/03/2012 12:00,0.201,0.094,13094142.38
12/03/2012 13:00,1.005,-0.729,13089711.88
12/03/2012 14:00,0.603,-1.402,13083823.13
12/03/2012 15:00,0.201,-1.446,13077258
12/03/2012 16:00,0.402,-1.167,13070209.25
12/03/2012 17:00,0,-0.668,13062750.88
12/03/2012 18:00,0.201,-0.008,13055396
12/03/2012 19:00,0,0.629,13049347.25
12/03/2012 20:00,1.005,1.264,13045463.25
12/03/2012 21:00,0,1.591,13043970.25
12/03/2012 22:00,0,1.383,13043852.5
12/03/2012 23:00,0,0.89,13043275.88
12/04/2012 00:00,0,0.186,13041325.5
12/04/2012 01:00,0,-0.492,13037813.63
12/04/2012 02:00,0,-1.06,13032990.38
12/04/2012 03:00,0.201,-1.272,13027194.13
12/04/2012 04:00,0,-1.039,13020724.13
12/04/2012 05:00,0,-0.558,13013715
12/04/2012 06:00,0,0.177,13006669
12/04/2012 07:00,0,0.711,13000513.63
12/04/2012 08:00,0,1.19,12995296.88
12/04/2012 09:00,0,1.588,12991005.81
12/04/2012 10:00,0,1.593,12987163.81
12/04/2012 11:00,0,1.057,12982405.06
12/04/2012 12:00,0,0.447,12975688.56
12/04/2012 13:00,0.603,-0.218,12966840.13
12/04/2012 14:00,1.206,-0.9,12956208.13
12/04/2012 15:00,0.402,-1.442,12944561.88
12/04/2012 16:00,0,-1.362,12932535.75
12/04/2012 17:00,0.201,-1.126,12920620.31
12/04/2012 18:00,0,-0.521,12909431.13
12/04/2012 19:00,0,0.008,12899562.63
12/04/2012 20:00,0,0.613,12891526.5
12/04/2012 21:00,0,1.072,12885469.94
12/04/2012 22:00,0,1.243,12880781.19
12/04/2012 23:00,0,0.93,12876245.06
12/05/2012 00:00,0,0.376,12870481.13
12/05/2012 01:00,0,-0.173,12863078
12/05/2012 02:00,0,-0.759,12854319.88
12/05/2012 03:00,0,-1.243,12844628.38
12/05/2012 04:00,0,-1.313,12834330.19
12/05/2012 05:00,0,-1.026,12823733.13
12/05/2012 06:00,0,-0.53,12812985.06
12/05/2012 07:00,0,-0.027,12802196.88
12/05/2012 08:00,0,0.532,12792002.81
12/05/2012 09:00,0,1.006,12783015.69
12/05/2012 10:00,0,1.269,12775068.13
12/05/2012 11:00,0,1.19,12767423.19
12/05/2012 12:00,0,0.619,12758822.88
12/05/2012 13:00,0,0.04,12748442
12/05/2012 14:00,0,-0.595,12736323.25
12/05/2012 15:00,0.201,-1.15,12723092.38
12/05/2012 16:00,0,-1.434,12709600.69
12/05/2012 17:00,0,-1.29,12696021
12/05/2012 18:00,0,-1.062,12682290.69
12/05/2012 19:00,0,-0.467,12668450.13
12/05/2012 20:00,0,0.028,12654907.88
12/05/2012 21:00,0,0.564,12642181.06
12/05/2012 22:00,0,1.043,12630674.81
12/05/2012 23:00,0,1.195,12620221.88
12/06/2012 00:00,0,0.926,12609873.31
12/06/2012 01:00,0,0.46,12598476.69
12/06/2012 02:00,0,-0.044,12585550.06
12/06/2012 03:00,0,-0.6,12571273.5
12/06/2012 04:00,0,-0.845,12556209.38
12/06/2012 05:00,0,-0.915,12540816.56
12/06/2012 06:00,0,-0.665,12525353.31
12/06/2012 07:00,0.402,-0.129,12510001.19
12/06/2012 08:00,0.804,0.288,12495232.88
12/06/2012 09:00,0.804,0.777,12481484.44
12/06/2012 10:00,1.005,1.308,12469199.38
12/06/2012 11:00,0.804,1.546,12458392.63
12/06/2012 12:00,1.608,1.337,12448275.75
12/06/2012 13:00,1.809,0.984,12438003.69
12/06/2012 14:00,1.809,0.462,12427467
12/06/2012 15:00,1.005,-0.146,12417608.88
12/06/2012 16:00,0.804,-0.661,12410411.5
12/06/2012 17:00,0,-1.001,12410233.75
12/06/2012 18:00,1.005,-0.876,12421291.94
12/06/2012 19:00,0,-0.633,12443394.06
12/06/2012 20:00,0.201,-0.301,12472491.75
12/06/2012 21:00,0.201,0.24,12504130.38
12/06/2012 22:00,0,0.745,12536442.19
12/06/2012 23:00,0,1.124,12567805.13
12/07/2012 00:00,0,1.377,12596940.5
12/07/2012 01:00,0,1.155,12622787.75
12/07/2012 02:00,0,0.536,12644003.31
12/07/2012 03:00,0,0.06,12660364.19
12/07/2012 04:00,0,-0.426,12672938.56
12/07/2012 05:00,0,-0.824,12682594.75
12/07/2012 06:00,0,-0.866,12690236.31
12/07/2012 07:00,0,-0.758,12696352.38
12/07/2012 08:00,0,-0.333,12701151.13
12/07/2012 09:00,0,0.063,12705260.06
12/07/2012 10:00,0,0.527,12709266.31
12/07/2012 11:00,0,0.84,12713787.88
12/07/2012 12:00,0.201,1.241,12718972.81
12/07/2012 13:00,0,0.983,12724129.13
12/07/2012 14:00,0,0.609,12727994.38
12/07/2012 15:00,0,0.111,12730201.63
12/07/2012 16:00,0,-0.485,12730602.88
12/07/2012 17:00,0,-0.982,12729588.19
12/07/2012 18:00,0,-1.268,12727582.13
12/07/2012 19:00,0,-1.236,12724888.5
12/07/2012 20:00,0,-0.983,12721743.38
12/07/2012 21:00,0,-0.525,12718289.56
12/07/2012 22:00,0,-0.033,12714775.63
12/07/2012 23:00,0,0.631,12711880.75
12/08/2012 00:00,0,1.053,12710248.38
12/08/2012 01:00,0,1.181,12709259.56
12/08/2012 02:00,0,0.852,12707917.81
12/08/2012 03:00,0,0.483,12705341.13
12/08/2012 04:00,0,0.041,12701271.38
12/08/2012 05:00,0,-0.523,12695657
12/08/2012 06:00,0,-0.957,12688983.94
12/08/2012 07:00,0,-1.125,12681612.06
12/08/2012 08:00,0,-0.968,12673766
12/08/2012 09:00,0,-0.447,12665615.56
12/08/2012 10:00,0,-0.089,12657540.25
12/08/2012 11:00,0,0.443,12649890.25
12/08/2012 12:00,0,0.992,12643458.19
12/08/2012 13:00,0,1.163,12638090.75
12/08/2012 14:00,0.402,1.117,12632880.44
12/08/2012 15:00,0.402,0.791,12627055.44
12/08/2012 16:00,0,0.271,12619975.69
12/08/2012 17:00,0.402,-0.352,12611351.81
12/08/2012 18:00,0.201,-0.898,12601420.13
12/08/2012 19:00,0.201,-1.292,12590808.75
12/08/2012 20:00,0.201,-1.28,12579815.25
12/08/2012 21:00,0.201,-0.987,12568647.75
12/08/2012 22:00,0,-0.571,12557499.75
12/08/2012 23:00,0.201,0.007,12546742.5
12/09/2012 00:00,0.402,0.757,12537290.5
12/09/2012 01:00,0,1.156,12529806.63
12/09/2012 02:00,0.201,1.347,12523470.19
12/09/2012 03:00,0.402,1.233,12517463.81
12/09/2012 04:00,0,0.725,12510808.25
12/09/2012 05:00,0,0.153,12502731.13
12/09/2012 06:00,0,-0.45,12493124.5
12/09/2012 07:00,0,-1.026,12482514.5
12/09/2012 08:00,0,-1.195,12471677.94
12/09/2012 09:00,0,-1.065,12460795.19
12/09/2012 10:00,0,-0.63,12449979.13
12/09/2012 11:00,0,-0.184,12439515.19
12/09/2012 12:00,0,0.513,12429865.31
12/09/2012 13:00,0,1.078,12421915.06
12/09/2012 14:00,0,1.359,12415312.75
12/09/2012 15:00,0,1.32,12409157.69
12/09/2012 16:00,0,0.982,12402613
12/09/2012 17:00,0,0.354,12394820.31
12/09/2012 18:00,0,-0.315,12385253.38
12/09/2012 19:00,0,-0.992,12374296.44
12/09/2012 20:00,0,-1.426,12362628.81
12/09/2012 21:00,0,-1.508,12350678.13
12/09/2012 22:00,0,-1.12,12338548.56
12/09/2012 23:00,0,-0.568,12326328.63
12/10/2012 00:00,0,0.117,12314345.25
12/10/2012 01:00,0,0.873,12303782.56
12/10/2012 02:00,0,1.44,12295207.19
12/10/2012 03:00,0,1.681,12287802.13
12/10/2012 04:00,0,1.505,12280516.5
12/10/2012 05:00,0,0.931,12272206.38
12/10/2012 06:00,0,0.234,12262023.75
12/10/2012 07:00,0,-0.581,12249911.63
12/10/2012 08:00,0,-1.237,12236370.44
12/10/2012 09:00,0,-1.389,12222148.19
12/10/2012 10:00,0,-1.262,12207700.44
12/10/2012 11:00,0,-0.791,12193038
12/10/2012 12:00,0,-0.157,12178438.44
12/10/2012 13:00,0,0.588,12164615.63
12/10/2012 14:00,0,1.276,12152610
12/10/2012 15:00,0,1.647,12142302.88
12/10/2012 16:00,0,1.689,12132733.56
12/10/2012 17:00,0,1.159,12123055.75
12/10/2012 18:00,0,0.501,12112206.63
12/10/2012 19:00,0,-0.359,12099369.81
12/10/2012 20:00,0,-1.14,12084884.81
12/10/2012 21:00,0,-1.656,12069607.13
12/10/2012 22:00,0,-1.665,12054098.06
12/10/2012 23:00,0,-1.271,12038475.44
12/11/2012 00:00,0,-0.489,12022720.94
12/11/2012 01:00,0,0.277,12007396.63
12/11/2012 02:00,0,1.156,11993859.13
12/11/2012 03:00,0,1.869,11982693.69
12/11/2012 04:00,0,2.15,11973183.56
12/11/2012 05:00,0,1.743,11963856.25
12/11/2012 06:00,0,0.984,11953101.19
12/11/2012 07:00,0,0.202,11940095
12/11/2012 08:00,0,-0.683,11924894.19
12/11/2012 09:00,0,-1.498,11908328.38
12/11/2012 10:00,0,-1.762,11891225.5
12/11/2012 11:00,0,-1.454,11873985.69
12/11/2012 12:00,0,-0.844,11856692.75
12/11/2012 13:00,0,-0.119,11839531.69
12/11/2012 14:00,0,0.829,11823596.44
12/11/2012 15:00,0.201,1.589,11810122.56
12/11/2012 16:00,0,2.102,11798599.69
12/11/2012 17:00,0,1.975,11788019.31
12/11/2012 18:00,0,1.389,11776695.75
12/11/2012 19:00,0,0.561,11763482.63
12/11/2012 20:00,0,-0.231,11747969.75
12/11/2012 21:00,0,-1.315,11730608.19
12/11/2012 22:00,0,-1.884,11712384.69
12/11/2012 23:00,0,-1.697,11693944.88
12/12/2012 00:00,0,-1.12,11675387.88
12/12/2012 01:00,0,-0.322,11656946.19
12/12/2012 02:00,0,0.613,11639405.56
12/12/2012 03:00,0,1.642,11624408.69
12/12/2012 04:00,0,2.387,11612233.56
12/12/2012 05:00,0,2.588,11601956.44
12/12/2012 06:00,0,2.016,11591625.56
12/12/2012 07:00,0,1.122,11579313
12/12/2012 08:00,0,0.267,11564354.5
12/12/2012 09:00,0.402,-0.836,11546945.75
12/12/2012 10:00,0.402,-1.763,11528111.5
12/12/2012 11:00,0.603,-1.987,11508914.75
12/12/2012 12:00,0,-1.423,11489621.13
12/12/2012 13:00,0.402,-0.819,11470426.13
12/12/2012 14:00,0.402,0.155,11451666.13
12/12/2012 15:00,0.402,1.189,11434814.25
12/12/2012 16:00,0,1.998,11420960.94
12/12/2012 17:00,0,2.491,11409529.81
12/12/2012 18:00,0,2.377,11399178.19
12/12/2012 19:00,0,1.507,11387846.13
12/12/2012 20:00,0,0.687,11374189.94
12/12/2012 21:00,0,-0.335,11358156.25
12/12/2012 22:00,0,-1.58,11340297.06
12/12/2012 23:00,0.201,-1.906,11321775.88
2012-13-12 00:00:00,0,-1.674,11303104.94
2012-13-12 01:00:00,0,-1.074,11284393.25
2012-13-12 02:00:00,0,-0.028,11265895
2012-13-12 03:00:00,0,1.013,11248998.88
2012-13-12 04:00:00,0,2.064,11235112.69
2012-13-12 05:00:00,0,2.794,11224159.94
2012-13-12 06:00:00,0,2.793,11214861
2012-13-12 07:00:00,0,2.187,11204988.44
2012-13-12 08:00:00,0,1.193,11192841.25
2012-13-12 09:00:00,0,0.17,11177762.56
2012-13-12 10:00:00,0,-1.088,11160099.44
2012-13-12 11:00:00,0,-1.971,11141125.31
2012-13-12 12:00:00,0,-1.996,11121794.63
2012-13-12 13:00:00,0,-1.543,11102285.38
2012-13-12 14:00:00,0,-0.527,11082702.44
2012-13-12 15:00:00,0,0.366,11063725.63
2012-13-12 16:00:00,0,1.374,11046991.38
2012-13-12 17:00:00,0,2.378,11033316.69
2012-13-12 18:00:00,0,2.794,11022195.94
2012-13-12 19:00:00,0,2.447,11011763.81
2012-13-12 20:00:00,0,1.634,10999784.81
2012-13-12 21:00:00,0,0.614,10985222.19
2012-13-12 22:00:00,0,-0.528,10967873.94
2012-13-12 23:00:00,0,-1.571,10948488.75
2012-14-12 00:00:00,0,-1.995,10928238.06
2012-14-12 01:00:00,0,-1.594,10907801.25
2012-14-12 02:00:00,0.201,-0.851,10887369.06
2012-14-12 03:00:00,2.412,0.357,10867356
2012-14-12 04:00:00,2.01,1.422,10849878.63
2012-14-12 05:00:00,0.402,2.485,10836010.75
2012-14-12 06:00:00,0.402,3.238,10825671.81
2012-14-12 07:00:00,0,3.157,10817418.63
2012-14-12 08:00:00,0.402,2.326,10808548.94
2012-14-12 09:00:00,0.804,1.279,10797245.56
2012-14-12 10:00:00,2.01,0.17,10783693.31
2012-14-12 11:00:00,0,-1.156,10769062
2012-14-12 12:00:00,0.402,-2.069,10755083.88
2012-14-12 13:00:00,0,-1.927,10743096.06
2012-14-12 14:00:00,1.005,-1.31,10734760.63
2012-14-12 15:00:00,0,-0.35,10731467.38
2012-14-12 16:00:00,0.402,0.73,10733635.81
2012-14-12 17:00:00,0,1.791,10740086.81
2012-14-12 18:00:00,0,2.566,10749116.19
2012-14-12 19:00:00,0.201,3.043,10759464
2012-14-12 20:00:00,0,2.561,10769492.19
2012-14-12 21:00:00,0,1.585,10776719.88
2012-14-12 22:00:00,0,0.544,10780157.5
2012-14-12 23:00:00,0,-0.681,10779840.25
2012-15-12 00:00:00,0,-1.669,10776764.75
2012-15-12 01:00:00,0,-1.858,10772285.88
2012-15-12 02:00:00,0.201,-1.419,10766876.31
2012-15-12 03:00:00,0,-0.532,10760886.44
2012-15-12 04:00:00,1.608,0.629,10755249.13
2012-15-12 05:00:00,0.201,1.596,10752086.5
2012-15-12 06:00:00,0,2.597,10752160.88
2012-15-12 07:00:00,0,3.135,10756043.06
2012-15-12 08:00:00,0.201,2.934,10763671.44
2012-15-12 09:00:00,0,1.97,10772817.19
2012-15-12 10:00:00,0,0.943,10780779.38
2012-15-12 11:00:00,0,-0.268,10786523.88
2012-15-12 12:00:00,0,-1.566,10789630.81
2012-15-12 13:00:00,0.201,-2.225,10791416.63
2012-15-12 14:00:00,0,-2.033,10792457.81
2012-15-12 15:00:00,0.201,-1.342,10792995.88
2012-15-12 16:00:00,0,-0.151,10793265.63
2012-15-12 17:00:00,0,0.673,10794253.31
2012-15-12 18:00:00,0,1.774,10797480.25
2012-15-12 19:00:00,0,2.622,10803484.69
2012-15-12 20:00:00,0.201,2.923,10811299.56
2012-15-12 21:00:00,0.402,2.269,10818706.88
2012-15-12 22:00:00,0.201,1.285,10823503.88
2012-15-12 23:00:00,0.201,0.211,10825012.06
2012-16-12 00:00:00,0,-0.856,10823538.06
2012-16-12 01:00:00,0,-1.686,10820334.75
2012-16-12 02:00:00,0,-1.805,10816325.69
2012-16-12 03:00:00,0,-1.301,10811873.69
2012-16-12 04:00:00,0,-0.323,10807124.94
2012-16-12 05:00:00,0.201,0.719,10802966.75
2012-16-12 06:00:00,0.402,1.673,10801169.38
2012-16-12 07:00:00,0,2.519,10801966.69
2012-16-12 08:00:00,0,2.974,10804913.19
2012-16-12 09:00:00,0,2.691,10808407.81
2012-16-12 10:00:00,0,1.669,10810046.81
2012-16-12 11:00:00,0,0.663,10808377.5
2012-16-12 12:00:00,0.201,-0.55,10803486
2012-16-12 13:00:00,0,-1.73,10796371.13
2012-16-12 14:00:00,0.402,-2.077,10788372.63
2012-16-12 15:00:00,0,-1.771,10780068.69
2012-16-12 16:00:00,0,-1.026,10771504.56
2012-16-12 17:00:00,0.201,-0.092,10762847.81
2012-16-12 18:00:00,0.201,0.85,10755491.56
2012-16-12 19:00:00,1.005,1.855,10751375.25
2012-16-12 20:00:00,0.804,2.537,10750708.44
2012-16-12 21:00:00,0,2.581,10752349.69
2012-16-12 22:00:00,0,1.937,10754255.94
2012-16-12 23:00:00,0.603,1.009,10754956.25
2012-17-12 00:00:00,0.201,0.107,10754199.63
2012-17-12 01:00:00,0.201,-0.926,10752348.25
2012-17-12 02:00:00,1.005,-1.607,10750158.44
2012-17-12 03:00:00,0.201,-1.584,10748102.25
2012-17-12 04:00:00,0,-0.973,10746362.69
2012-17-12 05:00:00,0,0.01,10745439.31
2012-17-12 06:00:00,0,0.872,10746596.5
2012-17-12 07:00:00,0.201,1.668,10750686.63
2012-17-12 08:00:00,0,2.445,10757450.25
2012-17-12 09:00:00,0.201,2.71,10766017.5
2012-17-12 10:00:00,0.201,2.282,10774518.13
2012-17-12 11:00:00,0,1.361,10780930.63
2012-17-12 12:00:00,0.603,0.329,10784293
2012-17-12 13:00:00,2.211,-0.83,10784679.88
2012-17-12 14:00:00,0.603,-1.805,10783621.5
2012-17-12 15:00:00,0,-2.038,10782981.38
2012-17-12 16:00:00,0,-1.674,10784378
2012-17-12 17:00:00,0,-1.129,10790118.44
2012-17-12 18:00:00,0,-0.327,10799067.25
2012-17-12 19:00:00,0.201,0.609,10809414.31
2012-17-12 20:00:00,0,1.502,10821846.63
2012-17-12 21:00:00,0,2.042,10835959.13
2012-17-12 22:00:00,0,1.914,10850351.5
2012-17-12 23:00:00,0,1.289,10863243.69
2012-18-12 00:00:00,0,0.513,10873500
2012-18-12 01:00:00,0.201,-0.372,10880816.25
2012-18-12 02:00:00,0,-1.289,10885762.19
2012-18-12 03:00:00,0,-1.773,10889414
2012-18-12 04:00:00,0,-1.51,10892353.69
2012-18-12 05:00:00,0,-0.965,10894679.69
2012-18-12 06:00:00,0,-0.16,10896680.81
2012-18-12 07:00:00,0,0.494,10899146.31
2012-18-12 08:00:00,0,1.333,10903293
2012-18-12 09:00:00,0,2.039,10909457
2012-18-12 10:00:00,0,2.163,10916840.94
2012-18-12 11:00:00,0,1.748,10923785.56
2012-18-12 12:00:00,0,0.84,10928715.13
2012-18-12 13:00:00,0,-0.016,10930801.31
2012-18-12 14:00:00,0,-1.008,10930384.44
2012-18-12 15:00:00,0,-1.623,10928499.44
2012-18-12 16:00:00,0,-1.778,10925929.13
2012-18-12 17:00:00,0,-1.316,10922936.44
2012-18-12 18:00:00,0,-0.823,10919600.25
2012-18-12 19:00:00,0,-0.097,10916202.94
2012-18-12 20:00:00,0,0.739,10913685.38
2012-18-12 21:00:00,0,1.468,10913259.44
2012-18-12 22:00:00,0,1.888,10914507.75
2012-18-12 23:00:00,0,1.779,10916315.19
2012-19-12 00:00:00,0,1.29,10917262.25
2012-19-12 01:00:00,0,0.574,10916384.25
2012-19-12 02:00:00,1.206,-0.175,10913253.5
2012-19-12 03:00:00,1.608,-0.836,10908295.19
2012-19-12 04:00:00,1.608,-1.047,10902537.38
2012-19-12 05:00:00,1.608,-0.745,10896737.88
2012-19-12 06:00:00,1.005,-0.242,10891734.25
2012-19-12 07:00:00,1.005,0.469,10889869.31
2012-19-12 08:00:00,0.201,0.98,10897140.69
2012-19-12 09:00:00,0,1.658,10914879.81
2012-19-12 10:00:00,0.201,2.196,10939784.31
2012-19-12 11:00:00,0,2.124,10968007.13
2012-19-12 12:00:00,0,1.703,10996007
2012-19-12 13:00:00,0,0.948,11021562.56
2012-19-12 14:00:00,0,0.099,11043498.5
2012-19-12 15:00:00,0,-0.684,11061950.56
2012-19-12 16:00:00,0,-1.206,11078115.19
2012-19-12 17:00:00,0,-1.341,11092665.69
2012-19-12 18:00:00,0,-0.987,11106090.63
2012-19-12 19:00:00,0,-0.397,11118693.5
2012-19-12 20:00:00,0,0.047,11130865.25
2012-19-12 21:00:00,0,0.743,11143377.75
2012-19-12 22:00:00,0,1.33,11157200.38
2012-19-12 23:00:00,0,1.691,11171883.75
2012-20-12 00:00:00,0,1.542,11186562.31
2012-20-12 01:00:00,0,1.078,11200027.63
2012-20-12 02:00:00,0,0.418,11211426.5
2012-20-12 03:00:00,0,-0.076,11220514.81
2012-20-12 04:00:00,0,-0.609,11227773.19
2012-20-12 05:00:00,0,-0.881,11233780
2012-20-12 06:00:00,0,-0.698,11239020.75
2012-20-12 07:00:00,0,-0.367,11243814.81
2012-20-12 08:00:00,0,0.134,11248537.63
2012-20-12 09:00:00,0.201,0.678,11253936.25
2012-20-12 10:00:00,0,1.354,11260777.13
2012-20-12 11:00:00,0,1.681,11268865.25
2012-20-12 12:00:00,0,1.72,11277324.81
2012-20-12 13:00:00,0,1.354,11285182.56
2012-20-12 14:00:00,0,0.767,11291359.81
2012-20-12 15:00:00,0,0.181,11295176.63
2012-20-12 16:00:00,0,-0.497,11296784.81
2012-20-12 17:00:00,0,-0.964,11296989.25
2012-20-12 18:00:00,0.201,-0.987,11296497.88
2012-20-12 19:00:00,0.201,-0.704,11295685.19
2012-20-12 20:00:00,0.201,-0.205,11294840.56
2012-20-12 21:00:00,0,0.014,11294278.5
2012-20-12 22:00:00,0,0.687,11294375.56
2012-20-12 23:00:00,0,1.286,11296122.69
2012-21-12 00:00:00,0,1.466,11299118.94
2012-21-12 01:00:00,0,1.272,11302156.69
2012-21-12 02:00:00,0,0.887,11304385.56
2012-21-12 03:00:00,0.201,0.42,11305207.56
2012-21-12 04:00:00,0,-0.024,11304456.69
2012-21-12 05:00:00,0,-0.456,11302368.88
2012-21-12 06:00:00,0.402,-0.933,11299354.13
2012-21-12 07:00:00,0,-0.715,11295743.13
2012-21-12 08:00:00,0,-0.357,11291956.63
2012-21-12 09:00:00,0,-0.083,11288231.56
2012-21-12 10:00:00,0,0.381,11284889.38
2012-21-12 11:00:00,0,1.052,11282856.31
2012-21-12 12:00:00,0,1.36,11282175.25
2012-21-12 13:00:00,0,1.253,11281842.69
2012-21-12 14:00:00,0,1.139,11281070.31
2012-21-12 15:00:00,0,0.657,11279339.06
2012-21-12 16:00:00,0,0.148,11276054.44
2012-21-12 17:00:00,0,-0.375,11271159.38
2012-21-12 18:00:00,0.201,-0.852,11265065.25
2012-21-12 19:00:00,0.201,-0.891,11258297.5
2012-21-12 20:00:00,0.201,-0.567,11251265.69
2012-21-12 21:00:00,0.201,-0.263,11244265.88
2012-21-12 22:00:00,0,0.039,11237517.25
2012-21-12 23:00:00,1.206,0.703,11231540.69
2012-22-12 00:00:00,1.005,1.189,11227177.69
2012-22-12 01:00:00,0.201,1.428,11224082.25
2012-22-12 02:00:00,0.402,1.406,11221618.13
2012-22-12 03:00:00,0.603,1.082,11218923.94
2012-22-12 04:00:00,0.402,0.667,11215350.25
2012-22-12 05:00:00,0.603,0.303,11210888.94
2012-22-12 06:00:00,1.005,-0.059,11205976.13
2012-22-12 07:00:00,2.01,-0.473,11201189.06
2012-22-12 08:00:00,0.402,-0.321,11197389.06
2012-22-12 09:00:00,0.201,-0.178,11196688.13
2012-22-12 10:00:00,0.201,0.205,11205338.31
2012-22-12 11:00:00,0,0.619,11221922.13
2012-22-12 12:00:00,0,1.074,11243634.5
2012-22-12 13:00:00,0.201,1.528,11270398.5
2012-22-12 14:00:00,0.402,1.487,11299186.94
2012-22-12 15:00:00,0.804,1.333,11326891.94
2012-22-12 16:00:00,1.809,0.967,11352473.81
2012-22-12 17:00:00,0.402,0.394,11375895.31
2012-22-12 18:00:00,0.603,-0.136,11400013.88
2012-22-12 19:00:00,0.402,-0.515,11428712.56
2012-22-12 20:00:00,0.402,-0.54,11462346.56
2012-22-12 21:00:00,0.603,-0.426,11502415.88
2012-22-12 22:00:00,0.201,-0.069,11547963.19
2012-22-12 23:00:00,0,0.261,11596773.31
2012-23-12 00:00:00,0,0.992,11646530.19
2012-23-12 01:00:00,0,1.819,11696650.13
2012-23-12 02:00:00,0.402,2.315,11746240.06
2012-23-12 03:00:00,0.201,1.954,11792796.31
2012-23-12 04:00:00,0.201,1.045,11834167.75
2012-23-12 05:00:00,0,0.837,11870064.44
2012-23-12 06:00:00,1.206,0.435,11901559.63
2012-23-12 07:00:00,0,-0.221,11928930.13
2012-23-12 08:00:00,0,-0.486,11953000.88
2012-23-12 09:00:00,0,-0.73,11974669.38
2012-23-12 10:00:00,0,-0.587,11994562.69
2012-23-12 11:00:00,0,-0.027,12013264.94
2012-23-12 12:00:00,0,0.508,12031791
2012-23-12 13:00:00,0,0.781,12050658.31
2012-23-12 14:00:00,0,1.127,12069609.94
2012-23-12 15:00:00,0,1.483,12088793.56
2012-23-12 16:00:00,0,1.398,12107815.31
2012-23-12 17:00:00,0,0.782,12125532.88
2012-23-12 18:00:00,0,0.23,12141050.31
2012-23-12 19:00:00,0,-0.163,12154532.13
2012-23-12 20:00:00,0,-0.573,12166487.94
2012-23-12 21:00:00,0,-0.711,12177410.38
2012-23-12 22:00:00,0,-0.679,12187744.69
2012-23-12 23:00:00,0,-0.219,12197763.69
2012-24-12 00:00:00,0,0.295,12208040.44
2012-24-12 01:00:00,0,0.781,12219284.94
2012-24-12 02:00:00,0,1.25,12231683.75
2012-24-12 03:00:00,0.402,1.662,12245095.13
2012-24-12 04:00:00,0,1.682,12259021.5
2012-24-12 05:00:00,0,1.336,12272484.56
2012-24-12 06:00:00,0,0.868,12284684.31
2012-24-12 07:00:00,0.201,0.237,12295164.5
2012-24-12 08:00:00,0,-0.23,12303866.56
2012-24-12 09:00:00,0,-0.533,12311410.81
2012-24-12 10:00:00,0,-0.723,12318303
2012-24-12 11:00:00,0,-0.411,12324868.38
2012-24-12 12:00:00,0,0.149,12331606
2012-24-12 13:00:00,0,0.505,12339158.69
2012-24-12 14:00:00,0,1.126,12347865.13
2012-24-12 15:00:00,0,1.531,12357948.44
2012-24-12 16:00:00,0.201,1.649,12368840.31
2012-24-12 17:00:00,0.201,1.54,12379753.19
2012-24-12 18:00:00,0,1.041,12389826.13
2012-24-12 19:00:00,0.201,0.293,12398161.69
2012-24-12 20:00:00,0,-0.113,12404587.88
2012-24-12 21:00:00,0,-0.56,12409786.63
2012-24-12 22:00:00,0,-0.891,12414277.19
2012-24-12 23:00:00,0,-0.535,12418492.5
2012-25-12 00:00:00,0,-0.013,12422914.13
2012-25-12 01:00:00,0,0.419,12428164.06
2012-25-12 02:00:00,0.201,0.961,12434730.38
2012-25-12 03:00:00,0,1.594,12442917.13
2012-25-12 04:00:00,0,1.851,12452473.13
2012-25-12 05:00:00,0,1.833,12462453.69
2012-25-12 06:00:00,0,1.286,12471754.06
2012-25-12 07:00:00,0,0.664,12479383.31
2012-25-12 08:00:00,0,0.095,12485178.75
2012-25-12 09:00:00,0,-0.514,12489339.06
2012-25-12 10:00:00,0,-0.917,12492462.75
2012-25-12 11:00:00,0.201,-0.921,12495125
2012-25-12 12:00:00,0,-0.501,12497627.31
2012-25-12 13:00:00,0,-0.029,12500304.5
2012-25-12 14:00:00,0,0.579,12503765
2012-25-12 15:00:00,0,1.202,12508743.13
2012-25-12 16:00:00,0.402,1.624,12515157.75
2012-25-12 17:00:00,0.201,1.575,12522234.94
2012-25-12 18:00:00,0,1.34,12528894.44
2012-25-12 19:00:00,0,0.748,12534316.06
2012-25-12 20:00:00,0.603,-0.028,12537715.94
2012-25-12 21:00:00,1.005,-0.573,12539199.25
2012-25-12 22:00:00,1.005,-0.96,12539732.44
2012-25-12 23:00:00,0,-1.113,12539880.5
2012-26-12 00:00:00,0.201,-0.666,12539898.75
2012-26-12 01:00:00,0.402,-0.119,12540087.38
2012-26-12 02:00:00,0,0.281,12540904.56
2012-26-12 03:00:00,0.201,1.124,12543162.06
2012-26-12 04:00:00,0,1.705,12547460.5
2012-26-12 05:00:00,0,1.803,12553018.69
2012-26-12 06:00:00,0,1.429,12558464.38
2012-26-12 07:00:00,0,1.049,12562809.75
2012-26-12 08:00:00,0,0.362,12565608.5
2012-26-12 09:00:00,0,-0.403,12566453.75
2012-26-12 10:00:00,1.206,-1.054,12565847.75
2012-26-12 11:00:00,3.417,-1.146,12564538.63
2012-26-12 12:00:00,4.221,-0.917,12563192
2012-26-12 13:00:00,2.01,-0.113,12562826.38
2012-26-12 14:00:00,0,0.194,12568862.63
2012-26-12 15:00:00,0,1.033,12589840
2012-26-12 16:00:00,0.201,1.766,12621076.75
2012-26-12 17:00:00,0,2.073,12662790.88
2012-26-12 18:00:00,0.804,1.892,12711255.13
2012-26-12 19:00:00,0.201,1.311,12758533.38
2012-26-12 20:00:00,0,0.613,12800767.13
2012-26-12 21:00:00,0,-0.139,12836813.38
2012-26-12 22:00:00,0,-0.749,12866776.13
2012-26-12 23:00:00,0,-1.24,12892188.88
2012-27-12 00:00:00,0,-0.981,12914030.13
2012-27-12 01:00:00,0,-0.511,12933062.63
2012-27-12 02:00:00,0.201,0.091,12950237.88
2012-27-12 03:00:00,0.402,0.805,12966866.5
2012-27-12 04:00:00,2.211,1.613,12984108.5
2012-27-12 05:00:00,2.01,2.013,13002173.88
2012-27-12 06:00:00,0.402,1.989,13020787
2012-27-12 07:00:00,0,1.431,13040106.63
2012-27-12 08:00:00,0,0.808,13060487.75
2012-27-12 09:00:00,0,-0.031,13081012.25
2012-27-12 10:00:00,0,-0.836,13102150.63
2012-27-12 11:00:00,0,-1.478,13124055
2012-27-12 12:00:00,0,-1.518,13144877.88
2012-27-12 13:00:00,0,-1.182,13163884.88
2012-27-12 14:00:00,0,-0.609,13180950.25
2012-27-12 15:00:00,0,0.172,13196682
2012-27-12 16:00:00,0,0.979,13212647.75
2012-27-12 17:00:00,0,1.394,13229271.13
2012-27-12 18:00:00,0,1.613,13246022.75
2012-27-12 19:00:00,0,1.4,13262074.38
2012-27-12 20:00:00,0.402,0.769,13276158.5
2012-27-12 21:00:00,1.809,0.027,13287480.25
2012-27-12 22:00:00,0.402,-0.801,13296337
2012-27-12 23:00:00,0.201,-1.427,13303791.88
2012-28-12 00:00:00,0,-1.335,13310848.5
2012-28-12 01:00:00,0.603,-0.906,13318342.88
2012-28-12 02:00:00,0.201,-0.282,13326848.88
2012-28-12 03:00:00,0,0.431,13337059.25
2012-28-12 04:00:00,0.201,1.241,13350468.13
2012-28-12 05:00:00,0,2.026,13367687.63
2012-28-12 06:00:00,0,2.281,13387775.63
2012-28-12 07:00:00,0,2.104,13408965.75
2012-28-12 08:00:00,0.201,1.415,13429489.75
2012-28-12 09:00:00,0,0.675,13447968.63
2012-28-12 10:00:00,0,-0.197,13463883.38
2012-28-12 11:00:00,0.201,-1.082,13477436.75
2012-28-12 12:00:00,0.201,-1.301,13489567.63
2012-28-12 13:00:00,0.201,-1.175,13500721.13
2012-28-12 14:00:00,0,-0.659,13511211.38
2012-28-12 15:00:00,0,0.301,13521849.38
2012-28-12 16:00:00,0,0.926,13534341.63
2012-28-12 17:00:00,0,1.725,13549178.75
2012-28-12 18:00:00,0,2.33,13566375.88
2012-28-12 19:00:00,0,2.54,13584981.38
2012-28-12 20:00:00,0.201,1.94,13602979.5
2012-28-12 21:00:00,0.603,1.298,13618548
2012-28-12 22:00:00,0,0.502,13631424
2012-28-12 23:00:00,0,-0.386,13641578
2012-29-12 00:00:00,0.402,-1.03,13649972
2012-29-12 01:00:00,0,-0.94,13657630.75
2012-29-12 02:00:00,0,-0.489,13665076
2012-29-12 03:00:00,0,0.265,13673000.88
2012-29-12 04:00:00,0.201,1.089,13682646.75
2012-29-12 05:00:00,0,1.724,13694299.38
2012-29-12 06:00:00,0,2.253,13707554.75
2012-29-12 07:00:00,0,2.414,13721554.38
2012-29-12 08:00:00,0,2.029,13734809
2012-29-12 09:00:00,0.603,1.067,13745632.63
2012-29-12 10:00:00,0,0.135,13753126.38
2012-29-12 11:00:00,0,-0.559,13757937.75
2012-29-12 12:00:00,0,-1.268,13761257.88
2012-29-12 13:00:00,0,-1.492,13763861
2012-29-12 14:00:00,0.804,-1.035,13766159.13
2012-29-12 15:00:00,0.201,-0.301,13768452.25
2012-29-12 16:00:00,1.005,0.547,13771740.5
2012-29-12 17:00:00,1.005,1.407,13777473.25
2012-29-12 18:00:00,0.201,1.957,13785654
2012-29-12 19:00:00,0.603,2.293,13795456.63
2012-29-12 20:00:00,0,2.171,13805888.75
2012-29-12 21:00:00,0.201,1.386,13815583.88
2012-29-12 22:00:00,1.005,0.481,13823478.75
2012-29-12 23:00:00,0.603,-0.294,13829622.88
2012-30-12 00:00:00,0.603,-1.202,13834794.88
2012-30-12 01:00:00,1.206,-1.36,13839821.75
2012-30-12 02:00:00,0,-0.919,13845130.5
2012-30-12 03:00:00,0.804,-0.517,13850852.63
2012-30-12 04:00:00,0.201,0.524,13857677.88
2012-30-12 05:00:00,0.603,1.275,13867551.75
2012-30-12 06:00:00,2.412,1.869,13880439
2012-30-12 07:00:00,0,2.37,13896147
2012-30-12 08:00:00,1.005,2.202,13913645.75
2012-30-12 09:00:00,0.201,1.463,13931013.25
2012-30-12 10:00:00,0.402,0.687,13947230.63
2012-30-12 11:00:00,0,-0.245,13961892.88
2012-30-12 12:00:00,0.201,-1.282,13975609.63
2012-30-12 13:00:00,0,-1.652,13989337.63
2012-30-12 14:00:00,1.407,-1.55,14003013.13
2012-30-12 15:00:00,1.206,-0.914,14016222.25
2012-30-12 16:00:00,0.603,0.139,14029369.63
2012-30-12 17:00:00,0.201,0.845,14044119.5
2012-30-12 18:00:00,0.201,1.488,14061296.63
2012-30-12 19:00:00,0,2.053,14081288.38
2012-30-12 20:00:00,0,2.314,14103634.75
2012-30-12 21:00:00,0,1.809,14126972.25
2012-30-12 22:00:00,0.402,0.935,14148954.5
2012-30-12 23:00:00,0.201,0.089,14168221.38
2012-31-12 00:00:00,0.603,-0.693,14184864
2012-31-12 01:00:00,1.608,-1.167,14199583.5
2012-31-12 02:00:00,2.211,-1.044,14213090.13
2012-31-12 03:00:00,0.402,-0.698,14226566.5
2012-31-12 04:00:00,0,0.261,14242477.25
2012-31-12 05:00:00,0,1.014,14263386
2012-31-12 06:00:00,0,1.82,14289408.88
2012-31-12 07:00:00,0.804,2.4,14320295
2012-31-12 08:00:00,0,2.494,14353456.13
2012-31-12 09:00:00,0,2.016,14385221
2012-31-12 10:00:00,0,1.124,14413021.25
2012-31-12 11:00:00,0,0.423,14436433.25
2012-31-12 12:00:00,0,-0.622,14455730.5
2012-31-12 13:00:00,0.201,-1.476,14471875.88
2012-31-12 14:00:00,0.201,-1.67,14486212.13
2012-31-12 15:00:00,0,-1.257,14499310.5
2012-31-12 16:00:00,0.402,-0.569,14511493.88
2012-31-12 17:00:00,0,0.176,14523456.63
2012-31-12 18:00:00,0,0.956,14536637.75
2012-31-12 19:00:00,0,1.692,14551698.5
2012-31-12 20:00:00,0,2.169,14568241.38
2012-31-12 21:00:00,0,1.912,14584722.13
2012-31-12 22:00:00,0.201,1.248,14599293.63
2012-31-12 23:00:00,0.201,0.433,14611164.38
01/01/2013 00:00,0,-0.471,14620207.88
01/01/2013 01:00,0,-1.135,14627300.5
01/01/2013 02:00,0,-1.514,14633447.13
01/01/2013 03:00,0,-1.3,14639145.38
01/01/2013 04:00,0,-0.528,14644616.38
01/01/2013 05:00,0,0.295,14650678.13
01/01/2013 06:00,0,0.984,14658756
01/01/2013 07:00,0.201,1.726,14669102.63
01/01/2013 08:00,0,2.2,14681258.63
01/01/2013 09:00,0,2.038,14693818.25
01/01/2013 10:00,0,1.497,14705024.63
01/01/2013 11:00,0,0.668,14713799.38
01/01/2013 12:00,0,-0.196,14719760.63
01/01/2013 13:00,0,-1.175,14723563.63
01/01/2013 14:00,0,-1.708,14726408.25
01/01/2013 15:00,0,-1.671,14728928.75
01/01/2013 16:00,0,-1.134,14731168.5
01/01/2013 17:00,0,-0.348,14733354
01/01/2013 18:00,0,0.263,14736200.13
01/01/2013 19:00,0,1.061,14740852.25
01/01/2013 20:00,0,1.727,14747783
01/01/2013 21:00,0,1.987,14756105.5
01/01/2013 22:00,0,1.471,14763965.38
01/01/2013 23:00,0,0.781,14769760.25
01/02/2013 00:00,0,-0.018,14773084.25
01/02/2013 01:00,0.201,-0.814,14774262.5
01/02/2013 02:00,0,-1.424,14774364.63
01/02/2013 03:00,0.201,-1.407,14774049.38
01/02/2013 04:00,0,-1.025,14773537.5
01/02/2013 05:00,0.402,-0.265,14773131.63
01/02/2013 06:00,0.201,0.458,14773730.25
01/02/2013 07:00,0.402,1.093,14776340
01/02/2013 08:00,0.402,1.843,14781124.13
01/02/2013 09:00,0.402,2.114,14787640.5
01/02/2013 10:00,0,1.695,14794039.5
01/02/2013 11:00,0.201,1.081,14798878.63
01/02/2013 12:00,0,0.283,14801667.63
01/02/2013 13:00,0,-0.587,14802558.75
01/02/2013 14:00,0,-1.372,14802597
01/02/2013 15:00,0,-1.682,14802658.38
01/02/2013 16:00,0,-1.501,14802987
01/02/2013 17:00,0,-0.897,14803451.5
01/02/2013 18:00,0,-0.143,14804234.63
01/02/2013 19:00,0,0.444,14806144.63
01/02/2013 20:00,0,1.187,14809969.13
01/02/2013 21:00,0.201,1.75,14815825.38
01/02/2013 22:00,0.402,1.716,14822489.5
01/02/2013 23:00,0.402,1.227,14828165.38
01/03/2013 00:00,0,0.484,14831798.88
01/03/2013 01:00,0,-0.316,14833086.13
01/03/2013 02:00,0.402,-1.07,14832661.75
01/03/2013 03:00,0.402,-1.37,14831563.63
01/03/2013 04:00,0.201,-1.306,14830381.75
01/03/2013 05:00,0.201,-0.837,14829379.75
01/03/2013 06:00,0.603,-0.09,14829133.5
01/03/2013 07:00,0.402,0.502,14830853.63
01/03/2013 08:00,0,1.226,14835500.75
01/03/2013 09:00,0,1.716,14843291.13
01/03/2013 10:00,0,1.811,14853199.13
01/03/2013 11:00,0,1.405,14863530.75
01/03/2013 12:00,0,0.809,14872807.38
01/03/2013 13:00,0,-0.041,14879993.38
01/03/2013 14:00,0,-0.882,14884849.25
01/03/2013 15:00,0,-1.473,14888280
01/03/2013 16:00,0,-1.515,14890881.63
01/03/2013 17:00,0,-1.214,14892821.5
01/03/2013 18:00,0,-0.771,14894164.38
01/03/2013 19:00,0,-0.149,14895203.13
01/03/2013 20:00,0,0.677,14896984.25
01/03/2013 21:00,0,1.272,14900548
01/03/2013 22:00,0,1.525,14905085.5
01/03/2013 23:00,0,1.458,14909440.88
01/04/2013 00:00,0,0.924,14912430.63
01/04/2013 01:00,0,0.287,14913089.25
01/04/2013 02:00,0,-0.401,14911451
01/04/2013 03:00,0,-1.026,14908142.25
01/04/2013 04:00,0,-1.251,14903930.5
01/04/2013 05:00,0,-1.088,14899178.75
01/04/2013 06:00,0,-0.622,14894150
01/04/2013 07:00,0,0.029,14889292.75
01/04/2013 08:00,0,0.571,14885492
01/04/2013 09:00,0,1.189,14883241.25
01/04/2013 10:00,0,1.54,14882332.63
01/04/2013 11:00,0,1.62,14881826.88
01/04/2013 12:00,0,1.191,14880550.88
01/04/2013 13:00,0,0.474,14877178.13
01/04/2013 14:00,0,-0.228,14871382.63
01/04/2013 15:00,0,-0.864,14863819.5
01/04/2013 16:00,0,-1.269,14855319.88
01/04/2013 17:00,0,-1.419,14846310.25
01/04/2013 18:00,0,-1.076,14836967.88
01/04/2013 19:00,0,-0.392,14827519.5
01/04/2013 20:00,0,0.086,14818506
01/04/2013 21:00,0,0.686,14810589.5
01/04/2013 22:00,0,1.247,14804307.63
01/04/2013 23:00,0,1.606,14799331.63
01/05/2013 00:00,0,1.358,14794428.25
01/05/2013 01:00,0,0.842,14788093.38
01/05/2013 02:00,0,0.196,14779667.38
01/05/2013 03:00,0,-0.333,14769330
01/05/2013 04:00,0,-0.823,14757669.75
01/05/2013 05:00,0,-1.076,14745267.13
01/05/2013 06:00,0,-0.9,14732472
01/05/2013 07:00,0,-0.459,14719574
01/05/2013 08:00,0,0.129,14707031.13
01/05/2013 09:00,0,0.656,14695697.25
01/05/2013 10:00,0,1.09,14685723.75
01/05/2013 11:00,0,1.451,14676793.25
01/05/2013 12:00,0,1.497,14668424
01/05/2013 13:00,0.201,1.11,14659378
01/05/2013 14:00,0.804,0.432,14648583.5
01/05/2013 15:00,0.804,-0.156,14635769.75
01/05/2013 16:00,0,-0.601,14621666.13
01/05/2013 17:00,0,-1.238,14606876.75
01/05/2013 18:00,0,-1.344,14591632.88
01/05/2013 19:00,0,-0.949,14576195.13
01/05/2013 20:00,0,-0.536,14560807.63
01/05/2013 21:00,0,-0.118,14545812.38
01/05/2013 22:00,0,0.765,14532200.88
01/05/2013 23:00,0,1.112,14520801.13
01/06/2013 00:00,0,1.399,14510586
01/06/2013 01:00,0.201,1.225,14500597.75
01/06/2013 02:00,0,0.724,14489480.5
01/06/2013 03:00,0,0.382,14476785.63
01/06/2013 04:00,0,-0.351,14462575.63
01/06/2013 05:00,0,-0.829,14446897.5
01/06/2013 06:00,0,-0.951,14430596.13
01/06/2013 07:00,0,-0.836,14414048.25
01/06/2013 08:00,0,-0.392,14397531.13
01/06/2013 09:00,0.402,-0.042,14381392.13
01/06/2013 10:00,0.201,0.469,14366160.13
01/06/2013 11:00,0,1.042,14352541.88
01/06/2013 12:00,0,1.435,14340586.88
01/06/2013 13:00,0,1.309,14329139.25
01/06/2013 14:00,0,0.955,14316888.75
01/06/2013 15:00,0,0.543,14303363.63
01/06/2013 16:00,0,0.025,14288405.63
01/06/2013 17:00,0,-0.605,14271993.25
01/06/2013 18:00,0,-1.109,14254478.13
01/06/2013 19:00,0.201,-1.161,14236391
01/06/2013 20:00,0.201,-0.919,14218213.88
01/06/2013 21:00,0.402,-0.434,14200142.25
01/06/2013 22:00,0.402,-0.026,14182477.63
01/06/2013 23:00,0.402,0.53,14165961.38
01/07/2013 00:00,0.402,1.186,14151480.5
01/07/2013 01:00,0.804,1.527,14138911.38
01/07/2013 02:00,0.402,1.379,14126993.25
01/07/2013 03:00,0.201,1.054,14114728.25
01/07/2013 04:00,0,0.535,14101949.88
01/07/2013 05:00,0.402,-0.006,14088738.5
01/07/2013 06:00,0.603,-0.608,14075641.75
01/07/2013 07:00,0.603,-0.895,14063073.13
01/07/2013 08:00,1.005,-0.912,14051752.25
01/07/2013 09:00,0.603,-0.594,14042965.5
01/07/2013 10:00,1.005,-0.185,14037033.75
01/07/2013 11:00,1.005,0.388,14033927.38
01/07/2013 12:00,0.402,0.922,14034992.13
01/07/2013 13:00,0.201,1.38,14040864.13
01/07/2013 14:00,0,1.451,14050746.25
01/07/2013 15:00,0.201,1.18,14062391.25
01/07/2013 16:00,0.804,0.779,14074125.5
01/07/2013 17:00,0.603,0.165,14084785.25
01/07/2013 18:00,0.201,-0.462,14093430.63
01/07/2013 19:00,0.804,-0.969,14100654.75
01/07/2013 20:00,0,-1.06,14107381.88
01/07/2013 21:00,0.201,-0.959,14114163.25
01/07/2013 22:00,1.407,-0.536,14121471.88
01/07/2013 23:00,0.201,-0.086,14129516.5
01/08/2013 00:00,0.804,0.762,14139291.5
01/08/2013 01:00,1.005,1.399,14152299.63
01/08/2013 02:00,0.402,1.716,14167724.25
01/08/2013 03:00,0.201,1.718,14184890
01/08/2013 04:00,0,1.35,14202743.25
01/08/2013 05:00,0.201,0.744,14220012
01/08/2013 06:00,0,0.103,14235907.88
01/08/2013 07:00,0,-0.703,14249806.75
01/08/2013 08:00,0,-1.198,14261679.25
01/08/2013 09:00,0,-1.247,14271873.38
01/08/2013 10:00,0,-0.994,14280498.88
01/08/2013 11:00,0,-0.583,14287578.5
01/08/2013 12:00,0.201,0.075,14293654.88
01/08/2013 13:00,0,0.697,14299730.5
01/08/2013 14:00,0,1.189,14306379.63
01/08/2013 15:00,0,1.464,14313263
01/08/2013 16:00,0,1.354,14319453.75
01/08/2013 17:00,0,0.756,14323717.5
01/08/2013 18:00,0,0.222,14325346.5
01/08/2013 19:00,0,-0.478,14324610.38
01/08/2013 20:00,0,-1.142,14321989.13
01/08/2013 21:00,0,-1.41,14318240.75
01/08/2013 22:00,0,-1.33,14313815.25
01/08/2013 23:00,0,-0.897,14308803.88
01/09/2013 00:00,0,-0.171,14303503.5
01/09/2013 01:00,0,0.582,14298919.5
01/09/2013 02:00,0,1.308,14296175.5
01/09/2013 03:00,0,1.765,14295150.25
01/09/2013 04:00,0,1.793,14294641.25
01/09/2013 05:00,0,1.391,14293245.38
01/09/2013 06:00,0,0.695,14289832.63
01/09/2013 07:00,0,-0.145,14283808.63
01/09/2013 08:00,0,-0.899,14275620.38
01/09/2013 09:00,0,-1.531,14266357.13
01/09/2013 10:00,0,-1.584,14256580.5
01/09/2013 11:00,0,-1.257,14246461
01/09/2013 12:00,0,-0.633,14236102.38
01/09/2013 13:00,0.201,-0.007,14225918.5
01/09/2013 14:00,0,0.901,14217126.13
01/09/2013 15:00,0,1.561,14210783
01/09/2013 16:00,0,1.914,14206069.13
01/09/2013 17:00,0,1.729,14201560.38
01/09/2013 18:00,0,1.105,14195676.25
01/09/2013 19:00,0,0.318,14187415.13
01/09/2013 20:00,0,-0.452,14176788.13
01/09/2013 21:00,0,-1.258,14164656.63
01/09/2013 22:00,0,-1.646,14151784.38
01/09/2013 23:00,0,-1.541,14138632.63
01/10/2013 00:00,0,-0.888,14125300.63
01/10/2013 01:00,0,-0.141,14112017.25
01/10/2013 02:00,0,0.699,14099871.5
01/10/2013 03:00,0,1.612,14090257.38
01/10/2013 04:00,0,2.231,14083182.88
01/10/2013 05:00,0,2.187,14077105.63
01/10/2013 06:00,0,1.798,14070208.88
01/10/2013 07:00,0,0.92,14061259.63
01/10/2013 08:00,0.201,-0.05,14049452.25
01/10/2013 09:00,0,-0.888,14035257.25
01/10/2013 10:00,0,-1.508,14019978.13
01/10/2013 11:00,0.402,-1.575,14004358.88
01/10/2013 12:00,0.201,-1.156,13988595.38
01/10/2013 13:00,0.201,-0.593,13972789.13
01/10/2013 14:00,0,0.255,13957362
01/10/2013 15:00,1.206,1.213,13943962.5
01/10/2013 16:00,0,1.876,13933315.88
01/10/2013 17:00,0,2.196,13924504
01/10/2013 18:00,0,1.856,13915890.75
01/10/2013 19:00,0,1.138,13905615
01/10/2013 20:00,0,0.351,13892789.63
01/10/2013 21:00,0,-0.736,13877535.63
01/10/2013 22:00,0,-1.687,13860801.75
01/10/2013 23:00,0,-1.99,13843601
01/11/2013 00:00,0,-1.662,13826185.25
01/11/2013 01:00,0,-1.053,13808565.63
01/11/2013 02:00,0,-0.154,13791095.13
01/11/2013 03:00,0,0.934,13775030.38
01/11/2013 04:00,0,1.943,13762051.25
01/11/2013 05:00,0,2.492,13751870.75
01/11/2013 06:00,0,2.382,13742567.88
01/11/2013 07:00,0,1.74,13732083.88
01/11/2013 08:00,0,0.75,13719017.88
01/11/2013 09:00,0.201,-0.283,13702902.25
01/11/2013 10:00,0,-1.456,13684633.88
01/11/2013 11:00,0,-2.111,13665582
01/11/2013 12:00,0,-2.125,13646326.25
01/11/2013 13:00,0,-1.645,13627002.75
01/11/2013 14:00,0,-0.824,13607711.13
01/11/2013 15:00,0,0.347,13588977.5
01/11/2013 16:00,0,1.445,13572749.5
01/11/2013 17:00,0,2.182,13559598.63
01/11/2013 18:00,0,2.482,13548442.13
01/11/2013 19:00,0,2.14,13537442.38
01/11/2013 20:00,0,1.315,13524574.5
01/11/2013 21:00,0,0.276,13508835.88
01/11/2013 22:00,0,-0.844,13490312.75
01/11/2013 23:00,0.201,-1.836,13470369.75
01/12/2013 00:00,0,-1.943,13450016.63
01/12/2013 01:00,0,-1.565,13429543
01/12/2013 02:00,0,-0.811,13409024.63
01/12/2013 03:00,0,0.261,13388872.75
01/12/2013 04:00,0.201,1.336,13370841.63
01/12/2013 05:00,0,2.311,13356076.88
01/12/2013 06:00,0,2.833,13344178.5
01/12/2013 07:00,0,2.611,13333045.75
01/12/2013 08:00,0,1.686,13320180.5
01/12/2013 09:00,0,0.648,13304201.88
01/12/2013 10:00,0,-0.578,13285174.25
01/12/2013 11:00,0,-1.846,13264339.38
01/12/2013 12:00,0,-2.424,13243025.13
01/12/2013 13:00,0,-2.295,13221422.5
01/12/2013 14:00,0,-1.696,13199709.25
01/12/2013 15:00,0,-0.65,13177960.5
01/12/2013 16:00,0,0.455,13156774.5
01/12/2013 17:00,0,1.411,13137945.13
01/12/2013 18:00,0,2.251,13121994.38
01/12/2013 19:00,0,2.58,13108236.13
01/12/2013 20:00,0,1.894,13094379.88
01/12/2013 21:00,0,0.89,13078096
01/12/2013 22:00,0,-0.124,13058940.75
01/12/2013 23:00,0,-1.323,13037521.75
2013-13-01 00:00:00,0,-2.18,13015162.25
2013-13-01 01:00:00,0,-2.208,12992594.25
2013-13-01 02:00:00,0,-1.709,12969948.25
2013-13-01 03:00:00,0,-0.808,12947240.13
2013-13-01 04:00:00,0,0.478,12925046
2013-13-01 05:00:00,0,1.515,12905417.25
2013-13-01 06:00:00,0,2.365,12888853.63
2013-13-01 07:00:00,0,2.859,12874786.38
2013-13-01 08:00:00,0,2.496,12861431.5
2013-13-01 09:00:00,0,1.413,12846095.63
2013-13-01 10:00:00,0,0.331,12827539.25
2013-13-01 11:00:00,0.402,-0.958,12806140.38
2013-13-01 12:00:00,0.402,-2.207,12783262.75
2013-13-01 13:00:00,0,-2.663,12759983.5
2013-13-01 14:00:00,0,-2.275,12736608.25
2013-13-01 15:00:00,0,-1.521,12713291.13
2013-13-01 16:00:00,0.201,-0.388,12690092.13
2013-13-01 17:00:00,0,0.607,12667822.81
2013-13-01 18:00:00,0,1.684,12648193.25
2013-13-01 19:00:00,0,2.443,12631587.25
2013-13-01 20:00:00,0,2.426,12616680.44
2013-13-01 21:00:00,0,1.685,12601093.75
2013-13-01 22:00:00,0.201,0.616,12583088.56
2013-13-01 23:00:00,0,-0.443,12562353.25
2013-14-01 00:00:00,0,-1.598,12539833.44
2013-14-01 01:00:00,0,-2.234,12516652.56
2013-14-01 02:00:00,0,-2.163,12493357.31
2013-14-01 03:00:00,0,-1.529,12469979.31
2013-14-01 04:00:00,0.804,-0.272,12446632.13
2013-14-01 05:00:00,0.201,0.72,12424472.19
2013-14-01 06:00:00,0,1.693,12404944.88
2013-14-01 07:00:00,0,2.52,12388420.5
2013-14-01 08:00:00,0,2.733,12374087.69
2013-14-01 09:00:00,0,2.164,12359616.81
2013-14-01 10:00:00,0,1.154,12342944.19
2013-14-01 11:00:00,0,-0.101,12323301.94
2013-14-01 12:00:00,0,-1.34,12301210.94
2013-14-01 13:00:00,0,-2.406,12278118.31
2013-14-01 14:00:00,0,-2.665,12254855.31
2013-14-01 15:00:00,0,-2.077,12231594.56
2013-14-01 16:00:00,0,-1.239,12208333.44
2013-14-01 17:00:00,0,-0.253,12185154.31
2013-14-01 18:00:00,0,0.796,12163090.06
2013-14-01 19:00:00,0,1.733,12143705.44
2013-14-01 20:00:00,0,2.239,12126788.88
2013-14-01 21:00:00,0,2.049,12110954.94
2013-14-01 22:00:00,0,1.275,12094144.19
2013-14-01 23:00:00,0,0.182,12075026.75
2013-15-01 00:00:00,0,-0.868,12053539.94
2013-15-01 01:00:00,0,-1.793,12030805.38
2013-15-01 02:00:00,0,-2.323,12007606.25
2013-15-01 03:00:00,0,-1.958,11984232.75
2013-15-01 04:00:00,0,-1.16,11960808.06
2013-15-01 05:00:00,0,-0.201,11937442.06
2013-15-01 06:00:00,0,0.818,11915284.19
2013-15-01 07:00:00,0,1.786,11895837.25
2013-15-01 08:00:00,0,2.398,11878954.25
2013-15-01 09:00:00,0,2.499,11863630.94
2013-15-01 10:00:00,0,1.754,11847783.88
2013-15-01 11:00:00,0,0.653,11829441.94
2013-15-01 12:00:00,0,-0.323,11808400.88
2013-15-01 13:00:00,0.201,-1.561,11785465.69
2013-15-01 14:00:00,0,-2.415,11761738.69
2013-15-01 15:00:00,0,-2.238,11737814.31
2013-15-01 16:00:00,0,-1.605,11713854.13
2013-15-01 17:00:00,0,-0.702,11689867.75
2013-15-01 18:00:00,0,0.077,11666277.31
2013-15-01 19:00:00,1.206,1.095,11644362.38
2013-15-01 20:00:00,0.804,1.921,11625138.56
2013-15-01 21:00:00,1.005,2.256,11608158.81
2013-15-01 22:00:00,0.804,1.927,11591930.5
2013-15-01 23:00:00,1.005,0.987,11574437.06
2013-16-01 00:00:00,0.804,0.111,11554796.56
2013-16-01 01:00:00,0.603,-0.773,11533550.19
2013-16-01 02:00:00,0,-1.727,11512522.38
2013-16-01 03:00:00,0.201,-1.92,11492864.69
2013-16-01 04:00:00,0,-1.334,11474494.44
2013-16-01 05:00:00,0,-0.615,11457621.63
2013-16-01 06:00:00,0,0.337,11442681.63
2013-16-01 07:00:00,0,1.14,11430649.88
2013-16-01 08:00:00,0,1.87,11421285.81
2013-16-01 09:00:00,0,2.473,11414109.25
2013-16-01 10:00:00,0,2.351,11407927.31
2013-16-01 11:00:00,0.201,1.476,11400295
2013-16-01 12:00:00,0,0.537,11389819.25
2013-16-01 13:00:00,0,-0.547,11376480.25
2013-16-01 14:00:00,0,-1.555,11361150.31
2013-16-01 15:00:00,0,-1.911,11345006.69
2013-16-01 16:00:00,0,-1.679,11328652.5
2013-16-01 17:00:00,0.201,-1.213,11312359.13
2013-16-01 18:00:00,0,-0.35,11296231.81
2013-16-01 19:00:00,0.201,0.436,11280848.25
2013-16-01 20:00:00,0,1.239,11267584.56
2013-16-01 21:00:00,0,1.88,11256661.5
2013-16-01 22:00:00,0,1.922,11247159.38
2013-16-01 23:00:00,0,1.467,11237343.06
2013-17-01 00:00:00,0,0.739,11226035.38
2013-17-01 01:00:00,0,-0.083,11212708.06
2013-17-01 02:00:00,0,-0.969,11197530.56
2013-17-01 03:00:00,0,-1.424,11181349.38
2013-17-01 04:00:00,0,-1.392,11164718.44
2013-17-01 05:00:00,0.201,-0.978,11147810.31
2013-17-01 06:00:00,0,-0.189,11130943
2013-17-01 07:00:00,0,0.514,11114943.63
2013-17-01 08:00:00,0,1.278,11100854.06
2013-17-01 09:00:00,0,1.819,11088689.63
2013-17-01 10:00:00,0,2.137,11077922.44
2013-17-01 11:00:00,0,1.882,11067503.19
2013-17-01 12:00:00,0,1.187,11055893.63
2013-17-01 13:00:00,0,0.307,11042153.88
2013-17-01 14:00:00,0,-0.538,11026143.75
2013-17-01 15:00:00,0,-1.295,11008579.94
2013-17-01 16:00:00,0,-1.442,10990309.81
2013-17-01 17:00:00,0,-1.077,10971865.69
2013-17-01 18:00:00,0,-0.601,10953462.31
2013-17-01 19:00:00,0,0.062,10935395.69
2013-17-01 20:00:00,0,0.804,10918553.31
2013-17-01 21:00:00,1.005,1.435,10903723.38
2013-17-01 22:00:00,2.211,1.851,10890661.38
2013-17-01 23:00:00,4.221,1.959,10878658.81
2013-18-01 00:00:00,3.417,1.378,10866677.44
2013-18-01 01:00:00,5.226,0.72,10853931.56
2013-18-01 02:00:00,2.814,0.155,10841465.69
2013-18-01 03:00:00,4.221,-0.637,10842685.19
2013-18-01 04:00:00,0.804,-1.061,10870061.19
2013-18-01 05:00:00,0.201,-0.721,10928366.81
2013-18-01 06:00:00,2.613,-0.419,11006738.63
2013-18-01 07:00:00,1.809,0.158,11092500.44
2013-18-01 08:00:00,0.201,0.746,11182118.69
2013-18-01 09:00:00,0.201,1.321,11273970.88
2013-18-01 10:00:00,0,1.725,11363863.44
2013-18-01 11:00:00,0,2.017,11443040.75
2013-18-01 12:00:00,0,1.604,11514068
2013-18-01 13:00:00,0,0.811,11578327.69
2013-18-01 14:00:00,0,0.195,11636694.94
2013-18-01 15:00:00,0.201,-0.354,11690514.44
2013-18-01 16:00:00,0.201,-0.894,11740853
2013-18-01 17:00:00,0,-1.016,11788351.38
2013-18-01 18:00:00,0.402,-0.782,11833488.13
2013-18-01 19:00:00,0,-0.261,11875886.44
2013-18-01 20:00:00,0.201,0.238,11914333.38
2013-18-01 21:00:00,0.201,0.775,11945221
2013-18-01 22:00:00,0.201,1.056,11971995.75
2013-18-01 23:00:00,0,1.592,11997254.06
2013-19-01 00:00:00,0,1.442,12021556.31
2013-19-01 01:00:00,0,0.912,12043950
2013-19-01 02:00:00,0,0.498,12063886.94
2013-19-01 03:00:00,0,-0.169,12081269.81
2013-19-01 04:00:00,0,-0.592,12096413.94
2013-19-01 05:00:00,0,-0.725,12110164.06
2013-19-01 06:00:00,0,-0.738,12123045.75
2013-19-01 07:00:00,0,-0.451,12135354.69
2013-19-01 08:00:00,0,0.047,12147409.94
2013-19-01 09:00:00,0,0.479,12159880.31
2013-19-01 10:00:00,0,0.872,12173154.94
2013-19-01 11:00:00,0,1.325,12187273.69
2013-19-01 12:00:00,0,1.392,12201954.38
2013-19-01 13:00:00,0,1.058,12216201.94
2013-19-01 14:00:00,0,0.517,12229046.31
2013-19-01 15:00:00,0.201,0.142,12240231.94
2013-19-01 16:00:00,0,-0.452,12249885.31
2013-19-01 17:00:00,0,-0.896,12258325.13
2013-19-01 18:00:00,0,-0.9,12266094.13
2013-19-01 19:00:00,0,-0.619,12273510.81
2013-19-01 20:00:00,0,-0.244,12280852
2013-19-01 21:00:00,0,0.017,12288377.75
2013-19-01 22:00:00,0,0.407,12296335
2013-19-01 23:00:00,0,1.02,12305417.56
2013-20-01 00:00:00,0,1.27,12315704.25
2013-20-01 01:00:00,0,1.138,12326210.75
2013-20-01 02:00:00,0,0.777,12335992.31
2013-20-01 03:00:00,0,0.399,12344566.13
2013-20-01 04:00:00,0,0.075,12351861.94
2013-20-01 05:00:00,0,-0.308,12357969.13
2013-20-01 06:00:00,0,-0.63,12363170.31
2013-20-01 07:00:00,0,-0.587,12367795.88
2013-20-01 08:00:00,0,-0.237,12372194.25
2013-20-01 09:00:00,0,0.03,12376765.75
2013-20-01 10:00:00,0,0.344,12381765.88
2013-20-01 11:00:00,0,0.813,12387663.25
2013-20-01 12:00:00,0,1.187,12394606.13
2013-20-01 13:00:00,0,1.17,12402064.19
2013-20-01 14:00:00,0,1.011,12409236.88
2013-20-01 15:00:00,0,0.721,12415619.69
2013-20-01 16:00:00,0,0.329,12420863.19
2013-20-01 17:00:00,0,-0.176,12424710.13
2013-20-01 18:00:00,0,-0.545,12427311.75
2013-20-01 19:00:00,0,-0.554,12429233.5
2013-20-01 20:00:00,0,-0.372,12430860.63
2013-20-01 21:00:00,0,-0.167,12432418.25
2013-20-01 22:00:00,0,0.071,12434104.13
2013-20-01 23:00:00,0,0.48,12436292.44
2013-21-01 00:00:00,0,0.981,12439528.56
2013-21-01 01:00:00,0,1.196,12443714.88
2013-21-01 02:00:00,0,1.127,12448102.19
2013-21-01 03:00:00,0,0.887,12451970.69
2013-21-01 04:00:00,0,0.648,12454912.31
2013-21-01 05:00:00,0,0.213,12456723.5
2013-21-01 06:00:00,0,-0.149,12457193.69
2013-21-01 07:00:00,0,-0.465,12456544.44
2013-21-01 08:00:00,0,-0.606,12455175.75
2013-21-01 09:00:00,0,-0.432,12453397.81
2013-21-01 10:00:00,0,-0.246,12451482.25
2013-21-01 11:00:00,0,0.125,12449687.13
2013-21-01 12:00:00,0,0.559,12448535.81
2013-21-01 13:00:00,0,0.849,12448227.88
2013-21-01 14:00:00,0,0.928,12448364.56
2013-21-01 15:00:00,0,0.887,12448445.63
2013-21-01 16:00:00,0,0.681,12448032
2013-21-01 17:00:00,0,0.215,12446445.56
2013-21-01 18:00:00,0,-0.209,12443345.88
2013-21-01 19:00:00,0,-0.58,12439029.88
2013-21-01 20:00:00,0,-0.582,12433977.31
2013-21-01 21:00:00,0,-0.661,12428424.06
2013-21-01 22:00:00,0,-0.381,12422507.13
2013-21-01 23:00:00,0,-0.14,12416569
2013-22-01 00:00:00,0,0.348,12410834.06
2013-22-01 01:00:00,0,0.782,12405947.63
2013-22-01 02:00:00,0,1.055,12401851.25
2013-22-01 03:00:00,0,1.111,12398016
2013-22-01 04:00:00,0,0.932,12393820.13
2013-22-01 05:00:00,0,0.555,12388590.75
2013-22-01 06:00:00,0,0.241,12381965.94
2013-22-01 07:00:00,0,-0.279,12373846.31
2013-22-01 08:00:00,0,-0.683,12364416.88
2013-22-01 09:00:00,0,-0.824,12354104.63
2013-22-01 10:00:00,0,-0.713,12343233
2013-22-01 11:00:00,0,-0.442,12332075.56
2013-22-01 12:00:00,0,0.004,12320822.94
2013-22-01 13:00:00,0,0.333,12309960.69
2013-22-01 14:00:00,0,0.663,12299695.44
2013-22-01 15:00:00,0,1.024,12290169.31
2013-22-01 16:00:00,0,1.019,12281037.94
2013-22-01 17:00:00,0,0.68,12271380.69
2013-22-01 18:00:00,0,0.228,12260491.44
2013-22-01 19:00:00,0,-0.197,12248175.31
2013-22-01 20:00:00,0,-0.527,12234774.5
2013-22-01 21:00:00,0,-0.79,12220688
2013-22-01 22:00:00,0,-0.808,12206174.19
2013-22-01 23:00:00,0,-0.542,12191472.19
2013-23-01 00:00:00,0,-0.067,12176867.13
2013-23-01 01:00:00,0,0.346,12162848.56
2013-23-01 02:00:00,0,0.865,12149924.38
2013-23-01 03:00:00,0,1.195,12138080.63
2013-23-01 04:00:00,0,1.367,12126893.81
2013-23-01 05:00:00,0,1.103,12115630.63
2013-23-01 06:00:00,0,0.701,12103402.13
2013-23-01 07:00:00,0,0.219,12089820.81
2013-23-01 08:00:00,0,-0.209,12074882.25
2013-23-01 09:00:00,0,-0.888,12058835.63
2013-23-01 10:00:00,0,-0.93,12042021.69
2013-23-01 11:00:00,0,-0.616,12024970.63
2013-23-01 12:00:00,0.201,-0.409,12007976.44
2013-23-01 13:00:00,0,0.06,11991183.63
2013-23-01 14:00:00,0,0.7,11975378.63
2013-23-01 15:00:00,0,0.977,11960987.5
2013-23-01 16:00:00,0,1.315,11947531
2013-23-01 17:00:00,0,1.24,11934586.38
2013-23-01 18:00:00,0,0.757,11921010.88
2013-23-01 19:00:00,0,0.285,11906039.06
2013-23-01 20:00:00,0,-0.161,11889673.81
2013-23-01 21:00:00,0,-0.841,11872180.75
2013-23-01 22:00:00,0,-1.093,11853942.5
2013-23-01 23:00:00,0,-0.87,11835421.81
2013-24-01 00:00:00,0,-0.525,11816867.88
2013-24-01 01:00:00,0,-0.086,11798493.75
2013-24-01 02:00:00,0,0.437,11780832.5
2013-24-01 03:00:00,0,1.025,11764632.06
2013-24-01 04:00:00,0,1.438,11749944.06
2013-24-01 05:00:00,0,1.514,11736122.94
2013-24-01 06:00:00,0,0.98,11721882.5
2013-24-01 07:00:00,0,0.533,11706229.63
2013-24-01 08:00:00,0,0.061,11689216.5
2013-24-01 09:00:00,0,-0.748,11670771.56
2013-24-01 10:00:00,0,-1.337,11651307.44
2013-24-01 11:00:00,0,-1.187,11631351.31
2013-24-01 12:00:00,0,-0.909,11611219.44
2013-24-01 13:00:00,0,-0.544,11591160.31
2013-24-01 14:00:00,0,0.076,11571385.25
2013-24-01 15:00:00,0,0.696,11552720.38
2013-24-01 16:00:00,0,1.292,11535818.44
2013-24-01 17:00:00,0,1.581,11520387.13
2013-24-01 18:00:00,0,1.229,11505200
2013-24-01 19:00:00,0,0.796,11488997.75
2013-24-01 20:00:00,0,0.272,11471411.63
2013-24-01 21:00:00,0,-0.498,11452255
2013-24-01 22:00:00,0,-1.013,11431854.38
2013-24-01 23:00:00,0,-1.12,11410918.25
2013-25-01 00:00:00,0,-0.807,11389846.13
2013-25-01 01:00:00,0,-0.298,11368863.75
2013-25-01 02:00:00,0.402,0.273,11348425.31
2013-25-01 03:00:00,1.206,0.954,11329494.75
2013-25-01 04:00:00,2.412,1.68,11312692.75
2013-25-01 05:00:00,0.603,2.04,11297919.69
2013-25-01 06:00:00,0.402,1.815,11284105.13
2013-25-01 07:00:00,0,1.273,11269674.81
2013-25-01 08:00:00,0,0.692,11253794.69
2013-25-01 09:00:00,0,-0.073,11236195.5
2013-25-01 10:00:00,1.809,-0.872,11217067.44
2013-25-01 11:00:00,0,-1.247,11198104.75
2013-25-01 12:00:00,0.201,-1.146,11181615.19
2013-25-01 13:00:00,1.005,-0.609,11166323.19
2013-25-01 14:00:00,2.211,-0.063,11151407.13
2013-25-01 15:00:00,1.809,0.679,11137772.88
2013-25-01 16:00:00,1.206,1.492,11127299.13
2013-25-01 17:00:00,0.201,1.838,11121069.38
2013-25-01 18:00:00,0,1.805,11120642.31
2013-25-01 19:00:00,0,1.52,11128452.88
2013-25-01 20:00:00,0,0.88,11141981.5
2013-25-01 21:00:00,0,-0.09,11156835.69
2013-25-01 22:00:00,0,-0.802,11170283.75
2013-25-01 23:00:00,0,-1.273,11181294.81
2013-26-01 00:00:00,0,-1.316,11189758.06
2013-26-01 01:00:00,0,-0.826,11195862.5
2013-26-01 02:00:00,0,-0.273,11200185.31
2013-26-01 03:00:00,0,0.354,11203499.31
2013-26-01 04:00:00,0,1.346,11207264.63
2013-26-01 05:00:00,0.201,1.982,11212309
2013-26-01 06:00:00,0,1.904,11217510.19
2013-26-01 07:00:00,0,1.656,11221523.13
2013-26-01 08:00:00,0,0.993,11223558.56
2013-26-01 09:00:00,0,0.18,11222911.31
2013-26-01 10:00:00,0,-0.808,11219540.75
2013-26-01 11:00:00,0,-1.387,11214326.06
2013-26-01 12:00:00,0.201,-1.55,11208126.25
2013-26-01 13:00:00,0,-1.361,11201298.19
2013-26-01 14:00:00,0.201,-0.55,11194066.56
2013-26-01 15:00:00,0.402,0.252,11186977
2013-26-01 16:00:00,1.809,1.151,11181518.56
2013-26-01 17:00:00,0,1.919,11178648.63
2013-26-01 18:00:00,0.402,2.226,11177831.13
2013-26-01 19:00:00,0.603,2.061,11178173.19
2013-26-01 20:00:00,1.608,1.542,11179102.25
2013-26-01 21:00:00,0.402,0.763,11179675.63
2013-26-01 22:00:00,2.211,-0.281,11179325.06
2013-26-01 23:00:00,1.407,-1.142,11180071.44
2013-27-01 00:00:00,0.201,-1.289,11185533.81
2013-27-01 01:00:00,0,-0.988,11197819.25
2013-27-01 02:00:00,0.201,-0.39,11217522.63
2013-27-01 03:00:00,1.608,0.422,11243288.81
2013-27-01 04:00:00,3.417,1.563,11274700
2013-27-01 05:00:00,1.005,2.43,11310127.06
2013-27-01 06:00:00,0.201,2.513,11348734.31
2013-27-01 07:00:00,0.201,2.413,11389287.69
2013-27-01 08:00:00,0.603,2.062,11430511.75
2013-27-01 09:00:00,0.201,1.068,11470704.19
2013-27-01 10:00:00,0,0.035,11507710.38
2013-27-01 11:00:00,0.402,-0.873,11540896.56
2013-27-01 12:00:00,1.206,-1.54,11570336.25
2013-27-01 13:00:00,1.005,-1.621,11596384.69
2013-27-01 14:00:00,1.407,-1.066,11620030.81
2013-27-01 15:00:00,1.005,-0.516,11642215
2013-27-01 16:00:00,1.407,0.397,11664516.5
2013-27-01 17:00:00,0.201,1.488,11689300.25
2013-27-01 18:00:00,0.402,1.952,11717870.38
2013-27-01 19:00:00,1.407,2.061,11749940.94
2013-27-01 20:00:00,0.201,1.812,11784308.75
2013-27-01 21:00:00,0.402,0.89,11818388.5
2013-27-01 22:00:00,0.201,-0.046,11849918.81
2013-27-01 23:00:00,0.402,-0.896,11878108.5
2013-28-01 00:00:00,1.206,-1.516,11903585.44
2013-28-01 01:00:00,0.804,-1.451,11927047.06
2013-28-01 02:00:00,0.402,-1.12,11948907.5
2013-28-01 03:00:00,0.201,-0.282,11969609.63
2013-28-01 04:00:00,0.201,0.463,11990084.56
2013-28-01 05:00:00,0,1.541,12011917.5
2013-28-01 06:00:00,0.402,2.331,12035764.81
2013-28-01 07:00:00,0.201,2.395,12060651.19
2013-28-01 08:00:00,0.603,2.027,12084914.63
2013-28-01 09:00:00,2.211,1.512,12107300.13
2013-28-01 10:00:00,0.603,0.419,12126828.56
2013-28-01 11:00:00,1.407,-0.316,12143364.13
2013-28-01 12:00:00,0.402,-1.13,12158322.38
2013-28-01 13:00:00,0.201,-1.344,12173098
2013-28-01 14:00:00,2.01,-1.276,12188557.31
2013-28-01 15:00:00,1.407,-0.173,12206098
2013-28-01 16:00:00,0.603,0.869,12230347.19
2013-28-01 17:00:00,0.201,1.584,12264980.94
2013-28-01 18:00:00,0,2.162,12307168.63
2013-28-01 19:00:00,0,2.622,12355050.19
2013-28-01 20:00:00,0,2.546,12405097.63
2013-28-01 21:00:00,0,1.799,12453601.19
2013-28-01 22:00:00,0,0.781,12497882.19
2013-28-01 23:00:00,0,-0.471,12536654.75
2013-29-01 00:00:00,0,-1.391,12570136
2013-29-01 01:00:00,0,-1.737,12599884.69
2013-29-01 02:00:00,0,-1.511,12626953.19
2013-29-01 03:00:00,0,-0.877,12651781.88
2013-29-01 04:00:00,0,0.081,12674860.88
2013-29-01 05:00:00,0,1.055,12698174.44
2013-29-01 06:00:00,0,1.979,12722962.06
2013-29-01 07:00:00,0,2.536,12749081.44
2013-29-01 08:00:00,0,2.496,12775424.19
2013-29-01 09:00:00,0.201,2.017,12800323.13
2013-29-01 10:00:00,0.402,1.09,12822475.25
2013-29-01 11:00:00,0.201,0.122,12841338.63
2013-29-01 12:00:00,0,-0.766,12857268.5
2013-29-01 13:00:00,1.407,-1.508,12871508.13
2013-29-01 14:00:00,0.402,-1.229,12885055.75
2013-29-01 15:00:00,0.201,-1.034,12898489.63
2013-29-01 16:00:00,0,-0.079,12912456
2013-29-01 17:00:00,0,0.767,12928984.75
2013-29-01 18:00:00,0,1.591,12949485.5
2013-29-01 19:00:00,0,2.201,12973701.88
2013-29-01 20:00:00,0,2.507,13000656.13
2013-29-01 21:00:00,0,2.027,13028032.88
2013-29-01 22:00:00,0,1.139,13053024
2013-29-01 23:00:00,0,0.089,13074484.63
2013-30-01 00:00:00,0.804,-0.728,13092685.75
2013-30-01 01:00:00,0,-1.34,13109008.63
2013-30-01 02:00:00,0.603,-1.56,13124315.75
2013-30-01 03:00:00,0.603,-1.075,13138917.5
2013-30-01 04:00:00,0,-0.097,13153213.75
2013-30-01 05:00:00,0,0.731,13168546
2013-30-01 06:00:00,0,1.768,13186135.5
2013-30-01 07:00:00,0,2.653,13206543.75
2013-30-01 08:00:00,1.407,3.01,13229304.63
2013-30-01 09:00:00,0,2.802,13252386.75
2013-30-01 10:00:00,0.402,1.891,13273612.38
2013-30-01 11:00:00,0.603,0.913,13291693
2013-30-01 12:00:00,0.603,-0.183,13306491.88
2013-30-01 13:00:00,0,-1.103,13318770.38
2013-30-01 14:00:00,0,-1.942,13329898
2013-30-01 15:00:00,0,-2.022,13340476.25
2013-30-01 16:00:00,0,-1.106,13350590.5
2013-30-01 17:00:00,0,-0.115,13360591.5
2013-30-01 18:00:00,0,0.651,13371674.75
2013-30-01 19:00:00,0,1.46,13384763.88
2013-30-01 20:00:00,0,2.138,13400179.5
2013-30-01 21:00:00,0,2.335,13417131.88
2013-30-01 22:00:00,0,1.645,13433388.75
2013-30-01 23:00:00,0.804,0.667,13446924.38
2013-31-01 00:00:00,4.824,0.034,13457706
2013-31-01 01:00:00,0,-0.61,13466823.75
2013-31-01 02:00:00,0.402,-0.824,13475388.38
2013-31-01 03:00:00,0.201,-0.972,13484121.5
2013-31-01 04:00:00,0.603,-0.345,13494307.63
2013-31-01 05:00:00,0.402,0.495,13507259.25
2013-31-01 06:00:00,0,1.248,13524853.25
2013-31-01 07:00:00,1.005,1.979,13546888.13
2013-31-01 08:00:00,0,2.471,13571042.38
2013-31-01 09:00:00,0,2.275,13595380.63
2013-31-01 10:00:00,0,1.979,13618342
2013-31-01 11:00:00,0.201,1.109,13638920.75
2013-31-01 12:00:00,0,0.031,13655977.13
2013-31-01 13:00:00,0,-1.107,13669754.63
2013-31-01 14:00:00,0,-1.727,13681770.13
2013-31-01 15:00:00,0,-1.826,13692899.75
2013-31-01 16:00:00,0,-1.257,13703357
2013-31-01 17:00:00,0.402,-0.591,13713379
2013-31-01 18:00:00,0.603,0.224,13723527.63
2013-31-01 19:00:00,0,1.183,13735410.25
2013-31-01 20:00:00,0,2.012,13749822.88
2013-31-01 21:00:00,0,2.264,13765959
2013-31-01 22:00:00,0,2.032,13781985.88
2013-31-01 23:00:00,0,1.212,13796162.75
02/01/2013 00:00,0,0.36,13807496.88
02/01/2013 01:00,0,-0.477,13816187.38
02/01/2013 02:00,0.201,-1.482,13823181.25
02/01/2013 03:00,0,-1.676,13829434.25
02/01/2013 04:00,0,-1.239,13835368.88
02/01/2013 05:00,0,-0.543,13841110
02/01/2013 06:00,0.201,0.336,13847286.63
02/01/2013 07:00,0.402,1.055,13855308.13
02/01/2013 08:00,0,1.873,13865650.13
02/01/2013 09:00,0,2.272,13878036.75
02/01/2013 10:00,0.201,2.171,13890939
02/01/2013 11:00,0,1.544,13902635.5
02/01/2013 12:00,0,0.714,13911887.88
02/01/2013 13:00,0,-0.282,13918265.38
02/01/2013 14:00,0,-1.32,13922464.13
02/01/2013 15:00,0,-1.673,13925778.25
02/01/2013 16:00,0,-1.478,13928752.75
02/01/2013 17:00,0,-1.058,13931534
02/01/2013 18:00,0,-0.297,13934306.63
02/01/2013 19:00,0,0.343,13937738.75
02/01/2013 20:00,0,1.185,13943034.5
02/01/2013 21:00,0,1.84,13950690.5
02/01/2013 22:00,0,1.918,13959611.75
02/01/2013 23:00,0,1.434,13967852
02/02/2013 00:00,0.201,0.664,13973996.13
02/02/2013 01:00,0,-0.194,13977514.63
02/02/2013 02:00,0,-1.054,13978962.25
02/02/2013 03:00,0,-1.665,13979444
02/02/2013 04:00,0,-1.661,13979558.13
02/02/2013 05:00,0,-1.191,13979425.25
02/02/2013 06:00,0,-0.66,13979159.63
02/02/2013 07:00,0,0.039,13979138
02/02/2013 08:00,0,0.924,13980665.25
02/02/2013 09:00,0,1.531,13984543.25
02/02/2013 10:00,0,1.627,13989603
02/02/2013 11:00,0,1.48,13994446.75
02/02/2013 12:00,0.201,0.844,13997970.63
02/02/2013 13:00,0,0.148,13999240.13
02/02/2013 14:00,0,-0.763,13998319.25
02/02/2013 15:00,0,-1.486,13996027.88
02/02/2013 16:00,0,-1.709,13993209.13
02/02/2013 17:00,0,-1.488,13990079.75
02/02/2013 18:00,0,-0.965,13986677.5
02/02/2013 19:00,0,-0.401,13983222.25
02/02/2013 20:00,0,0.292,13980292
02/02/2013 21:00,0,1.154,13979240.13
02/02/2013 22:00,0,1.586,13980254.13
02/02/2013 23:00,0.603,1.633,13981987.25
02/03/2013 00:00,0.201,1.236,13983071.25
02/03/2013 01:00,0,0.525,13982325.63
02/03/2013 02:00,0.402,-0.026,13979399
02/03/2013 03:00,1.608,-0.835,13974701
02/03/2013 04:00,0,-1.431,13968931.25
02/03/2013 05:00,0,-1.274,13962820.38
02/03/2013 06:00,0,-0.864,13956552.5
02/03/2013 07:00,0.201,-0.224,13950428
02/03/2013 08:00,0,0.145,13945037.63
02/03/2013 09:00,0,0.838,13941262.13
02/03/2013 10:00,0,1.472,13939958.38
02/03/2013 11:00,0,1.495,13940194.88
02/03/2013 12:00,0,1.258,13940302.63
02/03/2013 13:00,0,0.84,13939291.63
02/03/2013 14:00,0.201,-0.029,13936170.38
02/03/2013 15:00,0.201,-0.581,13930794.5
02/03/2013 16:00,0,-1.075,13924233.63
02/03/2013 17:00,0,-1.507,13916946
02/03/2013 18:00,0.201,-1.213,13909221.25
02/03/2013 19:00,0,-0.556,13901289
02/03/2013 20:00,0,-0.214,13893572.75
02/03/2013 21:00,0.201,0.47,13886566.13
02/03/2013 22:00,0,1.072,13881288
02/03/2013 23:00,0.201,1.551,13877693.88
02/04/2013 00:00,0,1.594,13874978.5
02/04/2013 01:00,0,1.264,13871799.38
02/04/2013 02:00,0,0.466,13866798.88
02/04/2013 03:00,0,-0.137,13859503.75
02/04/2013 04:00,0,-0.672,13850681.75
02/04/2013 05:00,0,-1.002,13841105.38
02/04/2013 06:00,0,-0.988,13831258.88
02/04/2013 07:00,0,-0.843,13821249.5
02/04/2013 08:00,0,-0.38,13811250.38
02/04/2013 09:00,0.603,0.131,13801625.88
02/04/2013 10:00,0,0.836,13793366.88
02/04/2013 11:00,0.402,1.259,13786837.63
02/04/2013 12:00,0.201,1.468,13781248.25
02/04/2013 13:00,0.402,1.288,13775662.63
02/04/2013 14:00,0.402,0.976,13769123.38
02/04/2013 15:00,0,0.43,13761064.25
02/04/2013 16:00,0.402,-0.262,13751125
02/04/2013 17:00,0,-0.661,13739668.25
02/04/2013 18:00,1.608,-0.963,13727500
02/04/2013 19:00,0.201,-0.788,13714992.13
02/04/2013 20:00,0.402,-0.473,13702532.5
02/04/2013 21:00,0.402,-0.032,13690359.38
02/04/2013 22:00,0.201,0.495,13679194
02/04/2013 23:00,0,0.94,13669628.63
02/05/2013 00:00,0,1.557,13661811.5
02/05/2013 01:00,0,1.647,13655495
02/05/2013 02:00,0,1.225,13649160.38
02/05/2013 03:00,0,0.844,13641744
02/05/2013 04:00,0,0.269,13633081
02/05/2013 05:00,0,-0.286,13622978.63
02/05/2013 06:00,0,-0.861,13611803.13
02/05/2013 07:00,0,-1.077,13600058.88
02/05/2013 08:00,0,-0.812,13588047.5
02/05/2013 09:00,0,-0.396,13576057.13
02/05/2013 10:00,0,-0.261,13564272.75
02/05/2013 11:00,0,0.46,13553018.38
02/05/2013 12:00,2.01,0.99,13543351.25
02/05/2013 13:00,0.603,1.165,13534971.38
02/05/2013 14:00,1.206,1.212,13527171.88
02/05/2013 15:00,0.402,0.983,13519345.5
02/05/2013 16:00,0.201,0.166,13510389.13
02/05/2013 17:00,0,-0.373,13499932.38
02/05/2013 18:00,0,-0.821,13489189.38
02/05/2013 19:00,0,-1.284,13478970.38
02/05/2013 20:00,0,-1.452,13469587.5
02/05/2013 21:00,0.402,-1.16,13461013.38
02/05/2013 22:00,0,-0.98,13453108.13
02/05/2013 23:00,0,-0.282,13445667.25
02/06/2013 00:00,0,0.5,13439204.5
02/06/2013 01:00,0,0.845,13434342.38
02/06/2013 02:00,0,1.015,13430318.13
02/06/2013 03:00,0,0.974,13426359
02/06/2013 04:00,0,0.44,13421427.63
02/06/2013 05:00,0,0.037,13414890.88
02/06/2013 06:00,0,-0.603,13406870.25
02/06/2013 07:00,0,-1.317,13397700
02/06/2013 08:00,0,-1.587,13387898.5
02/06/2013 09:00,0,-1.534,13377799.25
02/06/2013 10:00,0,-1.17,13367465.63
02/06/2013 11:00,0.201,-0.76,13356899
02/06/2013 12:00,0,-0.075,13346378.13
02/06/2013 13:00,0,0.378,13336655.75
02/06/2013 14:00,0,0.864,13328155.19
02/06/2013 15:00,0,1.042,13320718.38
02/06/2013 16:00,0,0.867,13313318.44
02/06/2013 17:00,0,0.321,13304788.81
02/06/2013 18:00,0,-0.291,13294560.13
02/06/2013 19:00,0,-0.816,13282968.5
02/06/2013 20:00,0,-1.404,13270541.88
02/06/2013 21:00,0,-1.524,13257627.19
02/06/2013 22:00,0,-1.372,13244499.69
02/06/2013 23:00,0,-1.029,13231111.31
02/07/2013 00:00,0,-0.299,13217691.75
02/07/2013 01:00,0,0.458,13205005.13
02/07/2013 02:00,0,1.018,13194008.25
02/07/2013 03:00,0,1.416,13184522.38
02/07/2013 04:00,0,1.334,13175582.5
02/07/2013 05:00,0,0.889,13165834.75
02/07/2013 06:00,0,0.322,13154437.81
02/07/2013 07:00,0,-0.445,13141148.44
02/07/2013 08:00,0,-1.221,13126397.69
02/07/2013 09:00,1.206,-1.566,13110917.31
02/07/2013 10:00,1.809,-1.622,13095188.19
02/07/2013 11:00,0.201,-1.282,13079433.44
02/07/2013 12:00,1.206,-0.791,13063822.13
02/07/2013 13:00,0.201,-0.061,13048706.44
02/07/2013 14:00,0,0.712,13035079.38
02/07/2013 15:00,0.201,1.183,13023763
02/07/2013 16:00,0.402,1.473,13014598
02/07/2013 17:00,0,1.267,13006855.75
02/07/2013 18:00,0,0.687,12999082.19
02/07/2013 19:00,0,0.021,12990443.31
02/07/2013 20:00,0,-0.772,12980682.44
02/07/2013 21:00,0,-1.582,12970088.75
02/07/2013 22:00,0,-1.708,12959024.19
02/07/2013 23:00,0,-1.571,12947589.75
02/08/2013 00:00,0,-1.03,12935857.25
02/08/2013 01:00,0,-0.287,12924093.44
02/08/2013 02:00,0,0.606,12913176.75
02/08/2013 03:00,0,1.341,12904309.63
02/08/2013 04:00,0,1.794,12897287.38
02/08/2013 05:00,0,1.698,12891015.75
02/08/2013 06:00,0,1.177,12883856.81
02/08/2013 07:00,0,0.335,12874555.31
02/08/2013 08:00,0,-0.553,12862792.38
02/08/2013 09:00,0,-1.442,12849461.94
02/08/2013 10:00,0,-2.072,12835434.81
02/08/2013 11:00,0,-2.114,12821101.44
02/08/2013 12:00,0,-1.609,12806544.06
02/08/2013 13:00,0,-0.959,12791778.75
02/08/2013 14:00,0,-0.135,12777080
02/08/2013 15:00,0,0.832,12763614.81
02/08/2013 16:00,0,1.554,12752549.25
02/08/2013 17:00,0,1.751,12743126.31
02/08/2013 18:00,0,1.55,12733815
02/08/2013 19:00,0,0.813,12723160.13
02/08/2013 20:00,0,-0.051,12710171.06
02/08/2013 21:00,0,-0.885,12695129.19
02/08/2013 22:00,0,-1.761,12679022.06
02/08/2013 23:00,0,-2.054,12662454
02/09/2013 00:00,0,-1.625,12645613.69
02/09/2013 01:00,0,-0.962,12628568.19
02/09/2013 02:00,0.603,-0.143,12611621.44
02/09/2013 03:00,0.201,0.976,12596034.69
02/09/2013 04:00,0.201,1.769,12583204.44
02/09/2013 05:00,0,2.226,12572603.75
02/09/2013 06:00,0,2.188,12562981.56
02/09/2013 07:00,0,1.34,12552295.63
02/09/2013 08:00,0,0.371,12538937.63
02/09/2013 09:00,0,-0.547,12522997.19
02/09/2013 10:00,0,-1.695,12505529.06
02/09/2013 11:00,0,-2.28,12487507.13
02/09/2013 12:00,0,-2.085,12469277.38
02/09/2013 13:00,0,-1.606,12450922.88
02/09/2013 14:00,0,-0.777,12432500.31
02/09/2013 15:00,0,0.388,12414514.63
02/09/2013 16:00,0,1.335,12398782
02/09/2013 17:00,0,2.023,12385629.06
02/09/2013 18:00,0,2.303,12374220.44
02/09/2013 19:00,0,1.792,12362863.5
02/09/2013 20:00,0,0.895,12349592.94
02/09/2013 21:00,0,-0.013,12333727.5
02/09/2013 22:00,0,-1.13,12315679.5
02/09/2013 23:00,2.01,-2.002,12296557.63
02/10/2013 00:00,1.608,-2.036,12277206.56
02/10/2013 01:00,1.206,-1.496,12258057.38
02/10/2013 02:00,0.804,-0.62,12239300.56
02/10/2013 03:00,0,0.342,12221541.31
02/10/2013 04:00,0.201,1.495,12206796.5
02/10/2013 05:00,0,2.402,12196815.5
02/10/2013 06:00,0,2.671,12192406.44
02/10/2013 07:00,0,2.405,12191658.88
02/10/2013 08:00,0,1.442,12191494.38
02/10/2013 09:00,0,0.331,12189395
02/10/2013 10:00,0,-0.79,12184543.06
02/10/2013 11:00,0,-1.962,12177882.69
02/10/2013 12:00,0,-2.517,12170384.25
02/10/2013 13:00,0,-2.063,12162292.56
02/10/2013 14:00,0,-1.405,12153696.69
02/10/2013 15:00,0,-0.433,12144672.56
02/10/2013 16:00,0,0.756,12136242.75
02/10/2013 17:00,0,1.776,12130298.19
02/10/2013 18:00,0,2.314,12126602.13
02/10/2013 19:00,0.201,2.465,12123993.19
02/10/2013 20:00,0.402,1.728,12120578.19
02/10/2013 21:00,0.201,0.633,12114335.06
02/10/2013 22:00,0.201,-0.436,12104946.63
02/10/2013 23:00,1.005,-1.56,12093447.13
02/11/2013 00:00,1.407,-2.312,12081127.19
02/11/2013 01:00,0.603,-2.155,12068619.81
02/11/2013 02:00,0.402,-1.594,12056290.75
02/11/2013 03:00,0.603,-0.526,12044363.19
02/11/2013 04:00,0.402,0.538,12033945.38
02/11/2013 05:00,0.603,1.613,12028002.44
02/11/2013 06:00,0.402,2.335,12027487.38
02/11/2013 07:00,0,2.525,12031557.31
02/11/2013 08:00,0.201,1.997,12038407.31
02/11/2013 09:00,0,0.898,12045128.69
02/11/2013 10:00,0,-0.41,12049714.69
02/11/2013 11:00,0,-1.66,12052274.06
02/11/2013 12:00,0,-2.511,12053991.06
02/11/2013 13:00,0,-2.845,12055063.19
02/11/2013 14:00,0,-2.245,12055360.63
02/11/2013 15:00,0,-1.376,12054826.13
02/11/2013 16:00,0,-0.376,12053486.06
02/11/2013 17:00,0,0.775,12052367.38
02/11/2013 18:00,0,1.747,12053403.44
02/11/2013 19:00,0,2.25,12056416.63
02/11/2013 20:00,0,2.177,12060013.13
02/11/2013 21:00,0,1.186,12062015.31
02/11/2013 22:00,0,0.074,12060656.63
02/11/2013 23:00,0,-1.002,12056340.75
02/12/2013 00:00,0,-2.097,12050378.69
02/12/2013 01:00,0,-2.598,12043745.69
02/12/2013 02:00,0,-2.154,12036705
02/12/2013 03:00,0,-1.419,12029297.75
02/12/2013 04:00,0,-0.309,12021651.88
02/12/2013 05:00,0,0.848,12014913.56
02/12/2013 06:00,0,1.838,12010828
02/12/2013 07:00,0.201,2.421,12009176.31
02/12/2013 08:00,0,2.526,12008788.69
02/12/2013 09:00,0,1.725,12007562.56
02/12/2013 10:00,0,0.511,12003345.81
02/12/2013 11:00,0,-0.592,11995909.63
02/12/2013 12:00,0,-1.9,11986504.44
02/12/2013 13:00,0,-2.705,11976353.69
02/12/2013 14:00,0,-2.548,11965906.44
02/12/2013 15:00,0,-1.845,11955237.88
02/12/2013 16:00,0.201,-0.764,11944353.13
02/12/2013 17:00,0.402,0.208,11933720.13
02/12/2013 18:00,0,1.217,11924941.75
02/12/2013 19:00,0,2.035,11918868
02/12/2013 20:00,0,2.364,11914804.38
02/12/2013 21:00,0,1.923,11910958.5
02/12/2013 22:00,0,0.975,11905166.56
02/12/2013 23:00,0.402,-0.073,11896424.88
2013-13-02 00:00:00,0,-1.251,11885223.63
2013-13-02 01:00:00,1.809,-2.043,11872931.63
2013-13-02 02:00:00,1.005,-2.159,11860413.31
2013-13-02 03:00:00,0,-1.684,11847945.06
2013-13-02 04:00:00,0.201,-0.731,11835599
2013-13-02 05:00:00,0,0.399,11823942.81
2013-13-02 06:00:00,0.201,1.272,11814934.56
2013-13-02 07:00:00,0.402,2.276,11809491.44
2013-13-02 08:00:00,0.201,2.708,11807586.19
2013-13-02 09:00:00,0.201,2.507,11807516.19
2013-13-02 10:00:00,0.402,1.569,11806871.31
2013-13-02 11:00:00,0.402,0.405,11803757
2013-13-02 12:00:00,0,-0.633,11798023.88
2013-13-02 13:00:00,0,-1.655,11790980.63
2013-13-02 14:00:00,0,-2.251,11783864.06
2013-13-02 15:00:00,1.809,-1.68,11777337.88
2013-13-02 16:00:00,2.211,-0.962,11771657.44
2013-13-02 17:00:00,0.603,-0.116,11767505.31
2013-13-02 18:00:00,0.603,0.749,11767525.88
2013-13-02 19:00:00,0.603,1.664,11776160.63
2013-13-02 20:00:00,0,2.252,11794553.13
2013-13-02 21:00:00,0.804,2.424,11822404.06
2013-13-02 22:00:00,0,1.663,11856160.19
2013-13-02 23:00:00,0,0.571,11889370.38
2013-14-02 00:00:00,0,-0.395,11919071.38
2013-14-02 01:00:00,0.201,-1.272,11945587.25
2013-14-02 02:00:00,0,-1.973,11969722.19
2013-14-02 03:00:00,0.201,-1.81,11991545.44
2013-14-02 04:00:00,0.201,-1.178,12011027.88
2013-14-02 05:00:00,0,-0.222,12028023
2013-14-02 06:00:00,0,0.669,12043631.31
2013-14-02 07:00:00,0.201,1.618,12059907.63
2013-14-02 08:00:00,0.201,2.194,12077394.56
2013-14-02 09:00:00,0,2.377,12095067.31
2013-14-02 10:00:00,0,1.979,12111575.69
2013-14-02 11:00:00,0,0.937,12125269.5
2013-14-02 12:00:00,0,-0.088,12135228.44
2013-14-02 13:00:00,0,-1.086,12142123.19
2013-14-02 14:00:00,0,-1.969,12147253.88
2013-14-02 15:00:00,0.201,-2.056,12151450.88
2013-14-02 16:00:00,0,-1.477,12155006.38
2013-14-02 17:00:00,0,-0.863,12158106.13
2013-14-02 18:00:00,0,0.065,12161128.75
2013-14-02 19:00:00,0,0.81,12165239.5
2013-14-02 20:00:00,0,1.548,12171166.94
2013-14-02 21:00:00,0,1.939,12178656.44
2013-14-02 22:00:00,0,1.731,12186532.75
2013-14-02 23:00:00,0,0.911,12192910.06
2013-15-02 00:00:00,0,0.079,12196666.31
2013-15-02 01:00:00,0,-0.776,12198097.44
2013-15-02 02:00:00,0,-1.595,12198145
2013-15-02 03:00:00,0,-1.863,12197467.56
2013-15-02 04:00:00,0,-1.526,12196390.5
2013-15-02 05:00:00,0,-0.929,12195040.06
2013-15-02 06:00:00,0.201,-0.063,12193706.88
2013-15-02 07:00:00,0,0.672,12193391.13
2013-15-02 08:00:00,0,1.37,12194931.5
2013-15-02 09:00:00,0,1.805,12198107.63
2013-15-02 10:00:00,0,1.877,12202134.94
2013-15-02 11:00:00,0,1.334,12205590.38
2013-15-02 12:00:00,0,0.372,12206889
2013-15-02 13:00:00,0,-0.458,12205584.44
2013-15-02 14:00:00,0,-1.317,12202606.13
2013-15-02 15:00:00,0,-1.765,12198794.56
2013-15-02 16:00:00,0,-1.559,12194631.31
2013-15-02 17:00:00,0,-1.016,12190161.5
2013-15-02 18:00:00,0,-0.321,12185687.06
2013-15-02 19:00:00,0,0.328,12181759.13
2013-15-02 20:00:00,0,1.061,12179336.31
2013-15-02 21:00:00,0.201,1.618,12178698.56
2013-15-02 22:00:00,0,1.78,12179178.81
2013-15-02 23:00:00,0,1.406,12179466.81
2013-16-02 00:00:00,0,0.692,12178151.06
2013-16-02 01:00:00,0,-0.043,12174618.94
2013-16-02 02:00:00,0,-0.737,12169170.69
2013-16-02 03:00:00,0,-1.359,12162609.31
2013-16-02 04:00:00,0,-1.454,12155556.13
2013-16-02 05:00:00,0,-0.947,12148234
2013-16-02 06:00:00,0,-0.421,12140811.13
2013-16-02 07:00:00,0,0.159,12133658.56
2013-16-02 08:00:00,0,0.836,12127625
2013-16-02 09:00:00,0,1.372,12123187.63
2013-16-02 10:00:00,0,1.697,12120033.75
2013-16-02 11:00:00,0,1.574,12117248.63
2013-16-02 12:00:00,0,0.928,12113395.13
2013-16-02 13:00:00,0,0.278,12107531.69
2013-16-02 14:00:00,0,-0.378,12099680.69
2013-16-02 15:00:00,0,-1.094,12090412.56
2013-16-02 16:00:00,0,-1.255,12080331.44
2013-16-02 17:00:00,0,-0.917,12069825.06
2013-16-02 18:00:00,0,-0.507,12059228.25
2013-16-02 19:00:00,0,0.024,12048813.94
2013-16-02 20:00:00,0,0.592,12039214.94
2013-16-02 21:00:00,0,1.153,12031103.63
2013-16-02 22:00:00,0,1.515,12024277.75
2013-16-02 23:00:00,0,1.574,12018114.25
2013-17-02 00:00:00,0,1.162,12011544.06
2013-17-02 01:00:00,0,0.577,12003479.31
2013-17-02 02:00:00,0,0.059,11993636.75
2013-17-02 03:00:00,0,-0.546,11982210.44
2013-17-02 04:00:00,0,-0.882,11969712.06
2013-17-02 05:00:00,0,-0.817,11956684.88
2013-17-02 06:00:00,0,-0.484,11943475.25
2013-17-02 07:00:00,0,0.003,11930436.38
2013-17-02 08:00:00,0,0.405,11918096.88
2013-17-02 09:00:00,0,0.95,11906937.81
2013-17-02 10:00:00,0,1.303,11897026.88
2013-17-02 11:00:00,0,1.594,11888019.69
2013-17-02 12:00:00,0,1.337,11879064.31
2013-17-02 13:00:00,0,0.793,11868943.25
2013-17-02 14:00:00,0,0.306,11857217.81
2013-17-02 15:00:00,0,-0.247,11843910.44
2013-17-02 16:00:00,0,-0.693,11829230.94
2013-17-02 17:00:00,0,-0.656,11813929.31
2013-17-02 18:00:00,0,-0.528,11798571.94
2013-17-02 19:00:00,0,-0.119,11783226.81
2013-17-02 20:00:00,0,0.286,11768315.63
2013-17-02 21:00:00,0,0.65,11754390.75
2013-17-02 22:00:00,0,1.133,11741651.88
2013-17-02 23:00:00,0,1.425,11730021.38
2013-18-02 00:00:00,0,1.301,11718779.13
2013-18-02 01:00:00,0,0.992,11706888.81
2013-18-02 02:00:00,0,0.548,11693721.69
2013-18-02 03:00:00,0,0.146,11679207.75
2013-18-02 04:00:00,0,-0.233,11663558.06
2013-18-02 05:00:00,0,-0.521,11647065.94
2013-18-02 06:00:00,0,-0.511,11630055.75
2013-18-02 07:00:00,0,-0.32,11612882
2013-18-02 08:00:00,0,-0.052,11595806.88
2013-18-02 09:00:00,0,0.397,11579259.81
2013-18-02 10:00:00,0,0.748,11563813.94
2013-18-02 11:00:00,0,0.996,11549250.63
2013-18-02 12:00:00,0,1.187,11535279.63
2013-18-02 13:00:00,0,1.029,11521292.81
2013-18-02 14:00:00,0,0.618,11506547.94
2013-18-02 15:00:00,0,0.354,11490856.56
2013-18-02 16:00:00,0,-0.104,11474118.69
2013-18-02 17:00:00,0,-0.395,11456342
2013-18-02 18:00:00,0,-0.467,11438105.5
2013-18-02 19:00:00,0,-0.369,11419709.31
2013-18-02 20:00:00,0,-0.005,11401323.19
2013-18-02 21:00:00,0,0.208,11383273.94
2013-18-02 22:00:00,0,0.445,11365731.94
2013-18-02 23:00:00,0,0.968,11349140.5
2013-19-02 00:00:00,0,1.195,11333675.13
2013-19-02 01:00:00,0,1.079,11318521.31
2013-19-02 02:00:00,0,0.83,11302939.75
2013-19-02 03:00:00,0,0.507,11286486.31
2013-19-02 04:00:00,0,0.074,11269007.63
2013-19-02 05:00:00,0,-0.207,11250517.38
2013-19-02 06:00:00,0,-0.42,11231362.88
2013-19-02 07:00:00,0,-0.588,11211766.94
2013-19-02 08:00:00,0,-0.45,11191958.25
2013-19-02 09:00:00,0,-0.251,11172152.06
2013-19-02 10:00:00,0,0.128,11152621.06
2013-19-02 11:00:00,0,0.32,11133726.56
2013-19-02 12:00:00,0,0.769,11115625.5
2013-19-02 13:00:00,0,0.889,11098446.13
2013-19-02 14:00:00,0,0.84,11081502.06
2013-19-02 15:00:00,0,0.676,11064217.31
2013-19-02 16:00:00,0,0.353,11046295.69
2013-19-02 17:00:00,0,0.001,11027472.75
2013-19-02 18:00:00,0,-0.248,11007771
2013-19-02 19:00:00,0,-0.37,10987525.06
2013-19-02 20:00:00,0,-0.344,10967038.13
2013-19-02 21:00:00,0,-0.19,10946518.69
2013-19-02 22:00:00,0,-0.003,10926161.31
2013-19-02 23:00:00,0,0.29,10906164.31
2013-20-02 00:00:00,0,0.759,10887064.69
2013-20-02 01:00:00,0,0.955,10869016.44
2013-20-02 02:00:00,0,1.031,10851514.56
2013-20-02 03:00:00,0,0.854,10833987.69
2013-20-02 04:00:00,0,0.678,10815921.06
2013-20-02 05:00:00,0,0.328,10797116.25
2013-20-02 06:00:00,0,-0.047,10777284.38
2013-20-02 07:00:00,0,-0.429,10756493.69
2013-20-02 08:00:00,0,-0.597,10735050.94
2013-20-02 09:00:00,0,-0.514,10713337.19
2013-20-02 10:00:00,0.201,-0.402,10691623.88
2013-20-02 11:00:00,0,-0.147,10670036.31
2013-20-02 12:00:00,0,0.276,10648890.13
2013-20-02 13:00:00,0,0.682,10628808.72
2013-20-02 14:00:00,0,0.881,10609743.53
2013-20-02 15:00:00,0,0.939,10591171.22
2013-20-02 16:00:00,0,0.798,10572528.19
2013-20-02 17:00:00,0,0.527,10553317.19
2013-20-02 18:00:00,0,0.196,10533357.44
2013-20-02 19:00:00,0,-0.205,10512351.34
2013-20-02 20:00:00,0,-0.416,10490533.13
2013-20-02 21:00:00,0,-0.597,10468368.97
2013-20-02 22:00:00,0,-0.417,10446076.38
2013-20-02 23:00:00,0,-0.178,10423889.94
2013-21-02 00:00:00,0,0.189,10402038.06
2013-21-02 01:00:00,0,0.657,10381132.78
2013-21-02 02:00:00,0,1.017,10361470.34
2013-21-02 03:00:00,0,1.178,10342705.44
2013-21-02 04:00:00,0,1.119,10324221.59
2013-21-02 05:00:00,0,0.892,10305399.56
2013-21-02 06:00:00,0,0.464,10285707.19
2013-21-02 07:00:00,0,-0.055,10264833.22
2013-21-02 08:00:00,0,-0.418,10242858.06
2013-21-02 09:00:00,0,-0.701,10220260.53
2013-21-02 10:00:00,0,-0.719,10197299.03
2013-21-02 11:00:00,0,-0.483,10174223.81
2013-21-02 12:00:00,0,-0.126,10151274.31
2013-21-02 13:00:00,0,0.311,10128890.78
2013-21-02 14:00:00,0,0.85,10107716.25
2013-21-02 15:00:00,0,1.087,10087859.63
2013-21-02 16:00:00,0,1.225,10068670.34
2013-21-02 17:00:00,0,1.147,10049653.41
2013-21-02 18:00:00,0,0.656,10030048.16
2013-21-02 19:00:00,0,0.207,10009181.81
2013-21-02 20:00:00,0,-0.204,9987047.938
2013-21-02 21:00:00,0,-0.611,9963996.438
2013-21-02 22:00:00,0,-0.688,9940380.188
2013-21-02 23:00:00,0,-0.467,9916635.125
2013-22-02 00:00:00,0,-0.137,9893044.469
2013-22-02 01:00:00,0,0.377,9869981.938
2013-22-02 02:00:00,0,0.968,9848399.625
2013-22-02 03:00:00,0,1.355,9828447.656
2013-22-02 04:00:00,0,1.484,9809463.094
2013-22-02 05:00:00,0,1.441,9790770.156
2013-22-02 06:00:00,0,0.995,9771631.125
2013-22-02 07:00:00,0,0.51,9751229.906
2013-22-02 08:00:00,0,-0.118,9729295.531
2013-22-02 09:00:00,0,-0.736,9705974.344
2013-22-02 10:00:00,0,-0.973,9681923.531
2013-22-02 11:00:00,0,-0.92,9657606.875
2013-22-02 12:00:00,0,-0.535,9633254.281
2013-22-02 13:00:00,0,-0.066,9609180.125
2013-22-02 14:00:00,0,0.473,9585876
2013-22-02 15:00:00,0,1.025,9564154.75
2013-22-02 16:00:00,0,1.513,9544076.563
2013-22-02 17:00:00,0,1.508,9525016.25
2013-22-02 18:00:00,0,1.111,9505686.781
2013-22-02 19:00:00,0,0.616,9485201.031
2013-22-02 20:00:00,0,-0.013,9463203.688
2013-22-02 21:00:00,0,-0.596,9439702.531
2013-22-02 22:00:00,0,-0.951,9415368.688
2013-22-02 23:00:00,0,-1.053,9390714
2013-23-02 00:00:00,0,-0.725,9365962.938
2013-23-02 01:00:00,0,-0.096,9341418.844
2013-23-02 02:00:00,0,0.465,9317734.25
2013-23-02 03:00:00,0,1.024,9295716.25
2013-23-02 04:00:00,0,1.517,9275386.313
2013-23-02 05:00:00,0,1.692,9256277.125
2013-23-02 06:00:00,0,1.368,9237292.313
2013-23-02 07:00:00,0,0.843,9217284.969
2013-23-02 08:00:00,0,0.055,9195572.063
2013-23-02 09:00:00,0,-0.766,9171989.75
2013-23-02 10:00:00,0,-1.293,9147364.188
2013-23-02 11:00:00,0,-1.489,9122343.031
2013-23-02 12:00:00,0,-1.291,9097234.625
2013-23-02 13:00:00,0,-0.723,9072179.063
2013-23-02 14:00:00,0,-0.115,9047417.781
2013-23-02 15:00:00,0,0.661,9023650.25
2013-23-02 16:00:00,0,1.304,9002055.063
2013-23-02 17:00:00,0,1.54,8982188.656
2013-23-02 18:00:00,0,1.422,8962859.094
2013-23-02 19:00:00,0,0.939,8942909.688
2013-23-02 20:00:00,0,0.188,8921379.75
2013-23-02 21:00:00,0,-0.549,8897942.031
2013-23-02 22:00:00,0,-1.257,8873333.563
2013-23-02 23:00:00,0,-1.615,8848220.219
2013-24-02 00:00:00,0,-1.332,8822964.234
2013-24-02 01:00:00,0,-0.777,8797730.672
2013-24-02 02:00:00,0,-0.093,8772779.141
2013-24-02 03:00:00,0,0.643,8748868.484
2013-24-02 04:00:00,0,1.33,8727163.531
2013-24-02 05:00:00,0,1.764,8707436.766
2013-24-02 06:00:00,0,1.709,8688699.719
2013-24-02 07:00:00,0,1.135,8669412.219
2013-24-02 08:00:00,0,0.387,8648386.281
2013-24-02 09:00:00,0,-0.497,8625268.281
2013-24-02 10:00:00,0,-1.288,8600657.438
2013-24-02 11:00:00,0,-1.898,8575433.438
2013-24-02 12:00:00,0,-1.846,8550070.188
2013-24-02 13:00:00,0,-1.369,8524684.563
2013-24-02 14:00:00,0,-0.631,8499358.516
2013-24-02 15:00:00,0,0.167,8474463.344
2013-24-02 16:00:00,0,1.043,8451253.156
2013-24-02 17:00:00,0,1.593,8430569.891
2013-24-02 18:00:00,0,1.751,8411404.813
2013-24-02 19:00:00,0,1.443,8392418.859
2013-24-02 20:00:00,0,0.617,8372103.375
2013-24-02 21:00:00,0,-0.325,8349501.125
2013-24-02 22:00:00,0,-1.104,8325076.734
2013-24-02 23:00:00,0,-1.756,8299873.078
2013-25-02 00:00:00,0,-1.902,8274454.563
2013-25-02 01:00:00,0,-1.423,8249012.656
2013-25-02 02:00:00,0,-0.631,8223617.813
2013-25-02 03:00:00,0,0.197,8198665.375
2013-25-02 04:00:00,0,1.049,8175491.703
2013-25-02 05:00:00,0,1.721,8154958.922
2013-25-02 06:00:00,0,1.976,8136285.563
2013-25-02 07:00:00,0,1.69,8117994.625
2013-25-02 08:00:00,0,0.929,8098431.219
2013-25-02 09:00:00,0,-0.088,8076510.828
2013-25-02 10:00:00,0,-1.047,8052323.531
2013-25-02 11:00:00,0.201,-1.896,8027080.406
2013-25-02 12:00:00,0,-2.19,8001562.25
2013-25-02 13:00:00,0,-1.94,7976019.594
2013-25-02 14:00:00,0,-1.259,7950478.609
2013-25-02 15:00:00,0,-0.316,7925017.391
2013-25-02 16:00:00,0,0.695,7900468.766
2013-25-02 17:00:00,0,1.511,7878707.219
2013-25-02 18:00:00,0,1.873,7859327.313
2013-25-02 19:00:00,0,1.838,7840898.375
2013-25-02 20:00:00,0,1.211,7821841.859
2013-25-02 21:00:00,0,0.163,7800642.594
2013-25-02 22:00:00,0,-0.796,7776897.063
2013-25-02 23:00:00,0,-1.711,7751790.719
2013-26-02 00:00:00,0,-2.212,7726285.18
2013-26-02 01:00:00,0,-2.004,7700761.984
2013-26-02 02:00:00,0,-1.298,7675233.609
2013-26-02 03:00:00,0,-0.29,7649796.789
2013-26-02 04:00:00,0,0.566,7625255.227
2013-26-02 05:00:00,0,1.477,7603339.469
2013-26-02 06:00:00,0,1.977,7584101.336
2013-26-02 07:00:00,0,2.095,7566294.977
2013-26-02 08:00:00,0,1.496,7548194.039
2013-26-02 09:00:00,0,0.457,7527921.523
2013-26-02 10:00:00,0,-0.56,7504867.313
2013-26-02 11:00:00,0,-1.569,7480049.352
2013-26-02 12:00:00,0,-2.418,7454600.406
2013-26-02 13:00:00,0,-2.425,7429048.484
2013-26-02 14:00:00,0,-1.745,7403519.977
2013-26-02 15:00:00,0,-0.9,7378039.789
2013-26-02 16:00:00,0,0.088,7352824.609
2013-26-02 17:00:00,0,1.174,7329469.383
2013-26-02 18:00:00,0,1.831,7309371.578
2013-26-02 19:00:00,0,2.093,7291276.961
2013-26-02 20:00:00,0,1.736,7273547.891
2013-26-02 21:00:00,0,0.779,7254208.125
2013-26-02 22:00:00,0,-0.282,7232108.555
2013-26-02 23:00:00,0,-1.329,7207781.117
2013-27-02 00:00:00,0,-2.258,7182578.18
2013-27-02 01:00:00,0,-2.37,7157233.813
2013-27-02 02:00:00,0,-1.812,7131911.625
2013-27-02 03:00:00,0,-0.934,7106638.57
2013-27-02 04:00:00,0,0.125,7081667.922
2013-27-02 05:00:00,0,1.062,7058536.031
2013-27-02 06:00:00,0,1.916,7038650.969
2013-27-02 07:00:00,0,2.253,7021266.68
2013-27-02 08:00:00,0,2.049,7004631.629
2013-27-02 09:00:00,0,1.163,6986673.105
2013-27-02 10:00:00,0,-0.001,6965860.785
2013-27-02 11:00:00,0,-1.027,6942294.531
2013-27-02 12:00:00,0,-2.102,6917468.441
2013-27-02 13:00:00,0,-2.645,6892350.113
2013-27-02 14:00:00,0,-2.227,6867230.512
2013-27-02 15:00:00,0,-1.488,6842145.25
2013-27-02 16:00:00,0,-0.391,6817128.996
2013-27-02 17:00:00,0,0.635,6792947.973
2013-27-02 18:00:00,0,1.515,6771751.691
2013-27-02 19:00:00,0,2.063,6753455.359
2013-27-02 20:00:00,0,2.198,6736797.777
2013-27-02 21:00:00,0,1.432,6719682.625
2013-27-02 22:00:00,0,0.297,6699922.617
2013-27-02 23:00:00,0,-0.751,6677159.77
2013-28-02 00:00:00,0,-1.812,6652754.986
2013-28-02 01:00:00,0,-2.508,6627882.568
2013-28-02 02:00:00,0,-2.239,6602979.479
2013-28-02 03:00:00,0,-1.538,6578101.537
2013-28-02 04:00:00,0,-0.52,6553279.633
2013-28-02 05:00:00,0,0.507,6529108.566
2013-28-02 06:00:00,0,1.443,6507722.971
2013-28-02 07:00:00,0,2.042,6489456.148
2013-28-02 08:00:00,0,2.262,6473084.883
2013-28-02 09:00:00,0,1.721,6456711.045
2013-28-02 10:00:00,0,0.672,6438101.154
2013-28-02 11:00:00,0,-0.483,6416384.889
2013-28-02 12:00:00,0,-1.565,6392487.833
2013-28-02 13:00:00,0,-2.465,6367859.632
2013-28-02 14:00:00,0,-2.552,6343143.739
2013-28-02 15:00:00,0,-1.992,6318453.307
2013-28-02 16:00:00,0,-1.065,6293782.682
2013-28-02 17:00:00,0,0.001,6269314.874
2013-28-02 18:00:00,0,1.043,6246505.545
2013-28-02 19:00:00,0,1.79,6227195.019
2013-28-02 20:00:00,0,2.152,6210349.273
2013-28-02 21:00:00,0,1.987,6194343.052
2013-28-02 22:00:00,0,0.972,6176884.188
2013-28-02 23:00:00,0,-0.15,6156285.693
03/01/2013 00:00,0,-1.097,6133080.269
03/01/2013 01:00,0,-2.118,6108817.302
